E /V	I /uA	E /V	I /uA	E /V	I /uA
0.100	-0.261	0.100	-0.639	0.100	-0.445
0.099	-0.518	0.099	-0.606	0.099	-0.457
0.098	-0.600	0.098	-0.646	0.098	-0.463
0.097	-0.765	0.097	-0.630	0.097	-0.455
0.096	-0.830	0.096	-0.662	0.096	-0.455
0.095	-0.860	0.095	-0.630	0.095	-0.485
0.094	-0.893	0.094	-0.652	0.094	-0.480
0.093	-0.932	0.093	-0.681	0.093	-0.511
0.092	-0.946	0.092	-0.678	0.092	-0.497
0.091	-0.935	0.091	-0.687	0.091	-0.485
0.090	-0.954	0.090	-0.664	0.090	-0.488
0.089	-0.966	0.089	-0.673	0.089	-0.488
0.088	-1.029	0.088	-0.679	0.088	-0.503
0.087	-0.954	0.087	-0.695	0.087	-0.501
0.086	-0.992	0.086	-0.679	0.086	-0.492
0.085	-0.935	0.085	-0.689	0.085	-0.498
0.084	-1.040	0.084	-0.713	0.084	-0.524
0.083	-0.988	0.083	-0.687	0.083	-0.540
0.082	-1.006	0.082	-0.722	0.082	-0.526
0.081	-1.008	0.081	-0.718	0.081	-0.506
0.080	-0.997	0.080	-0.735	0.080	-0.511
0.079	-0.998	0.079	-0.715	0.079	-0.514
0.078	-0.991	0.078	-0.745	0.078	-0.531
0.077	-1.003	0.077	-0.751	0.077	-0.541
0.076	-1.023	0.076	-0.733	0.076	-0.531
0.075	-1.009	0.075	-0.773	0.075	-0.535
0.074	-1.020	0.074	-0.785	0.074	-0.534
0.073	-1.008	0.073	-0.764	0.073	-0.549
0.072	-1.055	0.072	-0.770	0.072	-0.574
0.071	-1.035	0.071	-0.787	0.071	-0.583
0.070	-1.057	0.070	-0.767	0.070	-0.584
0.069	-1.081	0.069	-0.819	0.069	-0.566
0.068	-1.027	0.068	-0.819	0.068	-0.572
0.067	-1.044	0.067	-0.816	0.067	-0.606
0.066	-1.078	0.066	-0.799	0.066	-0.587
0.065	-1.070	0.065	-0.823	0.065	-0.626
0.064	-1.069	0.064	-0.848	0.064	-0.607
0.063	-1.090	0.063	-0.833	0.063	-0.598
0.062	-1.037	0.062	-0.819	0.062	-0.606
0.061	-1.083	0.061	-0.851	0.061	-0.644
0.060	-1.064	0.060	-0.845	0.060	-0.607
0.059	-1.041	0.059	-0.848	0.059	-0.621
0.058	-1.120	0.058	-0.870	0.058	-0.653
0.057	-1.093	0.057	-0.873	0.057	-0.633
0.056	-1.093	0.056	-0.865	0.056	-0.643
0.055	-1.110	0.055	-0.882	0.055	-0.661
0.054	-1.100	0.054	-0.903	0.054	-0.639
0.053	-1.124	0.053	-0.857	0.053	-0.661
0.052	-1.072	0.052	-0.905	0.052	-0.675
0.051	-1.083	0.051	-0.914	0.051	-0.681
0.050	-1.072	0.050	-0.905	0.050	-0.690
0.049	-1.073	0.049	-0.885	0.049	-0.699
0.048	-1.144	0.048	-0.949	0.048	-0.708
0.047	-1.121	0.047	-0.932	0.047	-0.728
0.046	-1.127	0.046	-0.934	0.046	-0.742
0.045	-1.139	0.045	-0.931	0.045	-0.733
0.044	-1.135	0.044	-0.948	0.044	-0.727
0.043	-1.152	0.043	-0.931	0.043	-0.728
0.042	-1.133	0.042	-0.945	0.042	-0.741
0.041	-1.136	0.041	-0.949	0.041	-0.753
0.040	-1.141	0.040	-0.943	0.040	-0.748
0.039	-1.123	0.039	-0.972	0.039	-0.770
0.038	-1.141	0.038	-0.985	0.038	-0.764
0.037	-1.141	0.037	-1.018	0.037	-0.765
0.036	-1.185	0.036	-0.971	0.036	-0.794
0.035	-1.198	0.035	-1.004	0.035	-0.784
0.034	-1.185	0.034	-1.011	0.034	-0.785
0.033	-1.218	0.033	-1.006	0.033	-0.804
0.032	-1.218	0.032	-1.020	0.032	-0.800
0.031	-1.204	0.031	-1.006	0.031	-0.810
0.030	-1.196	0.030	-1.029	0.030	-0.805
0.029	-1.208	0.029	-1.024	0.029	-0.825
0.028	-1.199	0.028	-1.020	0.028	-0.804
0.027	-1.187	0.027	-1.037	0.027	-0.843
0.026	-1.212	0.026	-1.027	0.026	-0.825
0.025	-1.224	0.025	-1.066	0.025	-0.840
0.024	-1.256	0.024	-1.057	0.024	-0.870
0.023	-1.248	0.023	-1.109	0.023	-0.870
0.022	-1.227	0.022	-1.040	0.022	-0.868
0.021	-1.231	0.021	-1.055	0.021	-0.871
0.020	-1.253	0.020	-1.109	0.020	-0.889
0.019	-1.285	0.019	-1.060	0.019	-0.886
0.018	-1.227	0.018	-1.092	0.018	-0.899
0.017	-1.282	0.017	-1.115	0.017	-0.919
0.016	-1.291	0.016	-1.109	0.016	-0.943
0.015	-1.277	0.015	-1.118	0.015	-0.934
0.014	-1.308	0.014	-1.116	0.014	-0.935
0.013	-1.333	0.013	-1.127	0.013	-0.985
0.012	-1.327	0.012	-1.135	0.012	-0.994
0.011	-1.323	0.011	-1.132	0.011	-0.994
0.010	-1.374	0.010	-1.166	0.010	-0.995
0.009	-1.330	0.009	-1.173	0.009	-1.014
0.008	-1.386	0.008	-1.179	0.008	-1.038
0.007	-1.342	0.007	-1.184	0.007	-1.058
0.006	-1.414	0.006	-1.221	0.006	-1.072
0.005	-1.400	0.005	-1.221	0.005	-1.077
0.004	-1.448	0.004	-1.274	0.004	-1.118
0.003	-1.419	0.003	-1.267	0.003	-1.123
0.002	-1.468	0.002	-1.294	0.002	-1.173
0.001	-1.481	0.001	-1.319	0.001	-1.161
0.000	-1.501	0.000	-1.333	0.000	-1.219
-0.001	-1.538	-0.001	-1.369	-0.001	-1.258
-0.002	-1.520	-0.002	-1.385	-0.002	-1.271
-0.003	-1.603	-0.003	-1.423	-0.003	-1.317
-0.004	-1.624	-0.004	-1.475	-0.004	-1.353
-0.005	-1.661	-0.005	-1.492	-0.005	-1.388
-0.006	-1.727	-0.006	-1.534	-0.006	-1.429
-0.007	-1.758	-0.007	-1.592	-0.007	-1.472
-0.008	-1.788	-0.008	-1.583	-0.008	-1.518
-0.009	-1.805	-0.009	-1.675	-0.009	-1.577
-0.010	-1.879	-0.010	-1.715	-0.010	-1.632
-0.011	-1.908	-0.011	-1.787	-0.011	-1.664
-0.012	-1.949	-0.012	-1.836	-0.012	-1.738
-0.013	-2.029	-0.013	-1.903	-0.013	-1.779
-0.014	-2.095	-0.014	-1.975	-0.014	-1.876
-0.015	-2.172	-0.015	-1.998	-0.015	-1.929
-0.016	-2.211	-0.016	-2.119	-0.016	-2.041
-0.017	-2.308	-0.017	-2.187	-0.017	-2.116
-0.018	-2.373	-0.018	-2.256	-0.018	-2.215
-0.019	-2.454	-0.019	-2.383	-0.019	-2.290
-0.020	-2.557	-0.020	-2.422	-0.020	-2.379
-0.021	-2.633	-0.021	-2.550	-0.021	-2.494
-0.022	-2.728	-0.022	-2.642	-0.022	-2.612
-0.023	-2.851	-0.023	-2.796	-0.023	-2.734
-0.024	-2.974	-0.024	-2.922	-0.024	-2.873
-0.025	-3.090	-0.025	-3.057	-0.025	-2.997
-0.026	-3.227	-0.026	-3.170	-0.026	-3.132
-0.027	-3.320	-0.027	-3.313	-0.027	-3.273
-0.028	-3.465	-0.028	-3.498	-0.028	-3.452
-0.029	-3.622	-0.029	-3.655	-0.029	-3.626
-0.030	-3.807	-0.030	-3.834	-0.030	-3.785
-0.031	-3.949	-0.031	-4.001	-0.031	-3.961
-0.032	-4.122	-0.032	-4.195	-0.032	-4.159
-0.033	-4.299	-0.033	-4.412	-0.033	-4.368
-0.034	-4.515	-0.034	-4.629	-0.034	-4.547
-0.035	-4.704	-0.035	-4.856	-0.035	-4.797
-0.036	-4.951	-0.036	-5.090	-0.036	-5.004
-0.037	-5.159	-0.037	-5.334	-0.037	-5.251
-0.038	-5.411	-0.038	-5.596	-0.038	-5.500
-0.039	-5.673	-0.039	-5.900	-0.039	-5.770
-0.040	-5.352	-0.040	-5.593	-0.040	-5.569
-0.039	-4.879	-0.039	-5.050	-0.039	-5.078
-0.038	-4.371	-0.038	-4.507	-0.038	-4.604
-0.037	-3.879	-0.037	-3.958	-0.037	-4.044
-0.036	-3.474	-0.036	-3.423	-0.036	-3.526
-0.035	-2.992	-0.035	-2.946	-0.035	-3.040
-0.034	-2.610	-0.034	-2.514	-0.034	-2.586
-0.033	-2.239	-0.033	-2.066	-0.033	-2.173
-0.032	-1.871	-0.032	-1.682	-0.032	-1.782
-0.031	-1.550	-0.031	-1.328	-0.031	-1.420
-0.030	-1.267	-0.030	-1.032	-0.030	-1.132
-0.029	-0.957	-0.029	-0.735	-0.029	-0.816
-0.028	-0.721	-0.028	-0.469	-0.028	-0.531
-0.027	-0.486	-0.027	-0.244	-0.027	-0.290
-0.026	-0.244	-0.026	-0.015	-0.026	-0.069
-0.025	-0.066	-0.025	0.190	-0.025	0.141
-0.024	0.123	-0.024	0.347	-0.024	0.315
-0.023	0.295	-0.023	0.508	-0.023	0.485
-0.022	0.422	-0.022	0.634	-0.022	0.641
-0.021	0.595	-0.021	0.772	-0.021	0.762
-0.020	0.733	-0.020	0.891	-0.020	0.879
-0.019	0.836	-0.019	1.005	-0.019	0.983
-0.018	0.940	-0.018	1.083	-0.018	1.091
-0.017	1.055	-0.017	1.173	-0.017	1.152
-0.016	1.158	-0.016	1.272	-0.016	1.236
-0.015	1.227	-0.015	1.307	-0.015	1.301
-0.014	1.304	-0.014	1.368	-0.014	1.373
-0.013	1.405	-0.013	1.405	-0.013	1.429
-0.012	1.454	-0.012	1.456	-0.012	1.446
-0.011	1.503	-0.011	1.485	-0.011	1.479
-0.010	1.540	-0.010	1.515	-0.010	1.499
-0.009	1.587	-0.009	1.523	-0.009	1.514
-0.008	1.584	-0.008	1.525	-0.008	1.497
-0.007	1.594	-0.007	1.597	-0.007	1.529
-0.006	1.626	-0.006	1.601	-0.006	1.494
-0.005	1.675	-0.005	1.610	-0.005	1.503
-0.004	1.646	-0.004	1.643	-0.004	1.500
-0.003	1.698	-0.003	1.606	-0.003	1.528
-0.002	1.701	-0.002	1.603	-0.002	1.518
-0.001	1.709	-0.001	1.606	-0.001	1.515
0.000	1.719	0.000	1.594	0.000	1.518
0.001	1.724	0.001	1.586	0.001	1.477
0.002	1.707	0.002	1.571	0.002	1.523
0.003	1.739	0.003	1.575	0.003	1.466
0.004	1.713	0.004	1.581	0.004	1.449
0.005	1.699	0.005	1.549	0.005	1.411
0.006	1.696	0.006	1.548	0.006	1.433
0.007	1.699	0.007	1.548	0.007	1.396
0.008	1.675	0.008	1.520	0.008	1.368
0.009	1.672	0.009	1.520	0.009	1.334
0.010	1.664	0.010	1.489	0.010	1.380
0.011	1.670	0.011	1.486	0.011	1.311
0.012	1.666	0.012	1.480	0.012	1.330
0.013	1.617	0.013	1.472	0.013	1.291
0.014	1.621	0.014	1.428	0.014	1.279
0.015	1.600	0.015	1.420	0.015	1.255
0.016	1.592	0.016	1.425	0.016	1.244
0.017	1.601	0.017	1.364	0.017	1.216
0.018	1.578	0.018	1.373	0.018	1.192
0.019	1.584	0.019	1.357	0.019	1.172
0.020	1.581	0.020	1.342	0.020	1.187
0.021	1.531	0.021	1.345	0.021	1.160
0.022	1.517	0.022	1.290	0.022	1.124
0.023	1.520	0.023	1.301	0.023	1.129
0.024	1.514	0.024	1.287	0.024	1.097
0.025	1.491	0.025	1.270	0.025	1.092
0.026	1.489	0.026	1.256	0.026	1.077
0.027	1.454	0.027	1.265	0.027	1.051
0.028	1.462	0.028	1.210	0.028	1.046
0.029	1.429	0.029	1.215	0.029	1.020
0.030	1.440	0.030	1.204	0.030	0.988
0.031	1.453	0.031	1.244	0.031	1.009
0.032	1.426	0.032	1.204	0.032	0.992
0.033	1.436	0.033	1.172	0.033	0.991
0.034	1.428	0.034	1.180	0.034	0.986
0.035	1.413	0.035	1.173	0.035	0.974
0.036	1.416	0.036	1.153	0.036	0.949
0.037	1.408	0.037	1.133	0.037	0.908
0.038	1.396	0.038	1.138	0.038	0.917
0.039	1.339	0.039	1.107	0.039	0.902
0.040	1.362	0.040	1.100	0.040	0.887
0.041	1.365	0.041	1.103	0.041	0.860
0.042	1.333	0.042	1.084	0.042	0.848
0.043	1.362	0.043	1.087	0.043	0.879
0.044	1.325	0.044	1.074	0.044	0.860
0.045	1.336	0.045	1.089	0.045	0.859
0.046	1.325	0.046	1.040	0.046	0.822
0.047	1.318	0.047	1.023	0.047	0.808
0.048	1.296	0.048	1.023	0.048	0.801
0.049	1.318	0.049	1.023	0.049	0.799
0.050	1.278	0.050	1.026	0.050	0.791
0.051	1.264	0.051	1.020	0.051	0.818
0.052	1.287	0.052	0.989	0.052	0.795
0.053	1.267	0.053	1.000	0.053	0.791
0.054	1.219	0.054	0.988	0.054	0.779
0.055	1.226	0.055	0.982	0.055	0.767
0.056	1.244	0.056	0.992	0.056	0.775
0.057	1.241	0.057	0.959	0.057	0.749
0.058	1.241	0.058	0.949	0.058	0.765
0.059	1.210	0.059	0.939	0.059	0.762
0.060	1.183	0.060	0.943	0.060	0.768
0.061	1.218	0.061	0.916	0.061	0.739
0.062	1.224	0.062	0.926	0.062	0.716
0.063	1.229	0.063	0.913	0.063	0.736
0.064	1.164	0.064	0.891	0.064	0.727
0.065	1.184	0.065	0.907	0.065	0.726
0.066	1.184	0.066	0.893	0.066	0.692
0.067	1.193	0.067	0.871	0.067	0.698
0.068	1.199	0.068	0.841	0.068	0.675
0.069	1.147	0.069	0.857	0.069	0.689
0.070	1.192	0.070	0.836	0.070	0.667
0.071	1.153	0.071	0.844	0.071	0.693
0.072	1.152	0.072	0.816	0.072	0.647
0.073	1.161	0.073	0.825	0.073	0.655
0.074	1.114	0.074	0.819	0.074	0.653
0.075	1.153	0.075	0.836	0.075	0.646
0.076	1.117	0.076	0.799	0.076	0.623
0.077	1.109	0.077	0.804	0.077	0.653
0.078	1.109	0.078	0.802	0.078	0.615
0.079	1.077	0.079	0.808	0.079	0.637
0.080	1.106	0.080	0.768	0.080	0.612
0.081	1.058	0.081	0.779	0.081	0.630
0.082	1.074	0.082	0.753	0.082	0.611
0.083	1.064	0.083	0.753	0.083	0.603
0.084	1.055	0.084	0.764	0.084	0.606
0.085	1.052	0.085	0.768	0.085	0.600
0.086	1.015	0.086	0.718	0.086	0.578
0.087	1.011	0.087	0.741	0.087	0.568
0.088	1.014	0.088	0.745	0.088	0.572
0.089	1.020	0.089	0.730	0.089	0.548
0.090	1.041	0.090	0.722	0.090	0.574
0.091	1.003	0.091	0.706	0.091	0.563
0.092	0.988	0.092	0.687	0.092	0.563
0.093	0.994	0.093	0.676	0.093	0.535
0.094	0.971	0.094	0.706	0.094	0.538
0.095	0.957	0.095	0.684	0.095	0.552
0.096	0.972	0.096	0.652	0.096	0.538
0.097	0.963	0.097	0.704	0.097	0.543
0.098	0.953	0.098	0.657	0.098	0.508
0.099	0.934	0.099	0.655	0.099	0.531
0.100	0.931	0.100	0.644	0.100	0.506
0.101	0.911	0.101	0.634	0.101	0.503
0.102	0.897	0.102	0.632	0.102	0.505
0.103	0.897	0.103	0.614	0.103	0.502
0.104	0.908	0.104	0.634	0.104	0.495
0.105	0.873	0.105	0.629	0.105	0.460
0.106	0.873	0.106	0.618	0.106	0.476
0.107	0.850	0.107	0.595	0.107	0.482
0.108	0.900	0.108	0.597	0.108	0.472
0.109	0.860	0.109	0.591	0.109	0.482
0.110	0.833	0.110	0.589	0.110	0.468
0.111	0.828	0.111	0.606	0.111	0.460
0.112	0.810	0.112	0.600	0.112	0.423
0.113	0.836	0.113	0.594	0.113	0.442
0.114	0.831	0.114	0.574	0.114	0.442
0.115	0.781	0.115	0.571	0.115	0.433
0.116	0.793	0.116	0.577	0.116	0.416
0.117	0.765	0.117	0.581	0.117	0.443
0.118	0.798	0.118	0.555	0.118	0.431
0.119	0.787	0.119	0.549	0.119	0.419
0.120	0.761	0.120	0.540	0.120	0.434
0.121	0.787	0.121	0.551	0.121	0.419
0.122	0.749	0.122	0.529	0.122	0.420
0.123	0.747	0.123	0.525	0.123	0.408
0.124	0.726	0.124	0.512	0.124	0.402
0.125	0.732	0.125	0.514	0.125	0.407
0.126	0.687	0.126	0.529	0.126	0.377
0.127	0.696	0.127	0.520	0.127	0.393
0.128	0.710	0.128	0.525	0.128	0.384
0.129	0.670	0.129	0.499	0.129	0.382
0.130	0.680	0.130	0.494	0.130	0.376
0.131	0.676	0.131	0.497	0.131	0.359
0.132	0.658	0.132	0.491	0.132	0.367
0.133	0.658	0.133	0.483	0.133	0.342
0.134	0.649	0.134	0.463	0.134	0.341
0.135	0.624	0.135	0.477	0.135	0.364
0.136	0.589	0.136	0.466	0.136	0.356
0.137	0.600	0.137	0.454	0.137	0.344
0.138	0.621	0.138	0.456	0.138	0.357
0.139	0.594	0.139	0.466	0.139	0.357
0.140	0.603	0.140	0.459	0.140	0.342
0.141	0.575	0.141	0.476	0.141	0.319
0.142	0.577	0.142	0.460	0.142	0.341
0.143	0.577	0.143	0.430	0.143	0.342
0.144	0.581	0.144	0.451	0.144	0.301
0.145	0.563	0.145	0.430	0.145	0.342
0.146	0.545	0.146	0.436	0.146	0.315
0.147	0.546	0.147	0.423	0.147	0.307
0.148	0.535	0.148	0.434	0.148	0.319
0.149	0.509	0.149	0.428	0.149	0.305
0.150	0.506	0.150	0.425	0.150	0.324
0.151	0.540	0.151	0.430	0.151	0.305
0.152	0.492	0.152	0.434	0.152	0.285
0.153	0.505	0.153	0.454	0.153	0.311
0.154	0.471	0.154	0.425	0.154	0.290
0.155	0.489	0.155	0.400	0.155	0.293
0.156	0.480	0.156	0.408	0.156	0.291
0.157	0.486	0.157	0.380	0.157	0.298
0.158	0.460	0.158	0.408	0.158	0.302
0.159	0.453	0.159	0.408	0.159	0.275
0.160	0.446	0.160	0.402	0.160	0.284
0.161	0.417	0.161	0.400	0.161	0.285
0.162	0.457	0.162	0.396	0.162	0.276
0.163	0.440	0.163	0.388	0.163	0.272
0.164	0.431	0.164	0.382	0.164	0.282
0.165	0.416	0.165	0.382	0.165	0.279
0.166	0.417	0.166	0.374	0.166	0.264
0.167	0.431	0.167	0.387	0.167	0.252
0.168	0.419	0.168	0.388	0.168	0.247
0.169	0.411	0.169	0.387	0.169	0.245
0.170	0.420	0.170	0.377	0.170	0.275
0.171	0.408	0.171	0.374	0.171	0.252
0.172	0.394	0.172	0.388	0.172	0.264
0.173	0.408	0.173	0.387	0.173	0.245
0.174	0.390	0.174	0.364	0.174	0.247
0.175	0.400	0.175	0.384	0.175	0.255
0.176	0.387	0.176	0.365	0.176	0.252
0.177	0.387	0.177	0.368	0.177	0.249
0.178	0.388	0.178	0.377	0.178	0.253
0.179	0.393	0.179	0.373	0.179	0.235
0.180	0.374	0.180	0.336	0.180	0.242
0.181	0.368	0.181	0.341	0.181	0.255
0.182	0.379	0.182	0.350	0.182	0.232
0.183	0.380	0.183	0.353	0.183	0.235
0.184	0.357	0.184	0.361	0.184	0.241
0.185	0.364	0.185	0.353	0.185	0.236
0.186	0.377	0.186	0.351	0.186	0.245
0.187	0.361	0.187	0.357	0.187	0.224
0.188	0.370	0.188	0.333	0.188	0.230
0.189	0.370	0.189	0.353	0.189	0.229
0.190	0.396	0.190	0.370	0.190	0.242
0.191	0.376	0.191	0.373	0.191	0.218
0.192	0.367	0.192	0.339	0.192	0.232
0.193	0.357	0.193	0.328	0.193	0.230
0.194	0.356	0.194	0.321	0.194	0.215
0.195	0.345	0.195	0.334	0.195	0.212
0.196	0.347	0.196	0.338	0.196	0.219
0.197	0.370	0.197	0.315	0.197	0.209
0.198	0.359	0.198	0.342	0.198	0.216
0.199	0.345	0.199	0.347	0.199	0.213
0.200	0.361	0.200	0.338	0.200	0.201
0.201	0.359	0.201	0.342	0.201	0.207
0.202	0.377	0.202	0.344	0.202	0.196
0.203	0.380	0.203	0.351	0.203	0.221
0.204	0.391	0.204	0.322	0.204	0.226
0.205	0.377	0.205	0.341	0.205	0.221
0.206	0.365	0.206	0.325	0.206	0.216
0.207	0.373	0.207	0.334	0.207	0.209
0.208	0.391	0.208	0.331	0.208	0.215
0.209	0.377	0.209	0.327	0.209	0.198
0.210	0.405	0.210	0.322	0.210	0.215
0.211	0.407	0.211	0.327	0.211	0.213
0.212	0.417	0.212	0.347	0.212	0.181
0.213	0.419	0.213	0.319	0.213	0.218
0.214	0.402	0.214	0.333	0.214	0.209
0.215	0.410	0.215	0.342	0.215	0.207
0.216	0.422	0.216	0.324	0.216	0.218
0.217	0.388	0.217	0.334	0.217	0.209
0.218	0.440	0.218	0.336	0.218	0.216
0.219	0.419	0.219	0.348	0.219	0.224
0.220	0.439	0.220	0.331	0.220	0.212
0.221	0.460	0.221	0.344	0.221	0.212
0.222	0.422	0.222	0.347	0.222	0.209
0.223	0.460	0.223	0.324	0.223	0.209
0.224	0.465	0.224	0.324	0.224	0.221
0.225	0.462	0.225	0.342	0.225	0.216
0.226	0.491	0.226	0.341	0.226	0.207
0.227	0.509	0.227	0.322	0.227	0.198
0.228	0.488	0.228	0.344	0.228	0.218
0.229	0.511	0.229	0.328	0.229	0.212
0.230	0.508	0.230	0.321	0.230	0.204
0.231	0.500	0.231	0.334	0.231	0.212
0.232	0.537	0.232	0.331	0.232	0.219
0.233	0.540	0.233	0.316	0.233	0.207
0.234	0.552	0.234	0.316	0.234	0.198
0.235	0.520	0.235	0.328	0.235	0.216
0.236	0.571	0.236	0.334	0.236	0.229
0.237	0.586	0.237	0.308	0.237	0.226
0.238	0.595	0.238	0.341	0.238	0.221
0.239	0.600	0.239	0.338	0.239	0.198
0.240	0.623	0.240	0.364	0.240	0.215
0.241	0.643	0.241	0.370	0.241	0.215
0.242	0.680	0.242	0.330	0.242	0.213
0.243	0.655	0.243	0.374	0.243	0.224
0.244	0.663	0.244	0.370	0.244	0.213
0.245	0.686	0.245	0.351	0.245	0.226
0.246	0.710	0.246	0.370	0.246	0.219
0.247	0.710	0.247	0.357	0.247	0.209
0.248	0.732	0.248	0.380	0.248	0.203
0.249	0.721	0.249	0.354	0.249	0.235
0.250	0.772	0.250	0.370	0.250	0.226
0.251	0.749	0.251	0.371	0.251	0.247
0.252	0.772	0.252	0.377	0.252	0.224
0.253	0.790	0.253	0.384	0.253	0.241
0.254	0.828	0.254	0.394	0.254	0.236
0.255	0.830	0.255	0.384	0.255	0.236
0.256	0.850	0.256	0.407	0.256	0.242
0.257	0.877	0.257	0.400	0.257	0.245
0.258	0.885	0.258	0.403	0.258	0.255
0.259	0.908	0.259	0.417	0.259	0.259
0.260	0.885	0.260	0.403	0.260	0.267
0.261	0.902	0.261	0.422	0.261	0.255
0.262	0.948	0.262	0.405	0.262	0.216
0.263	0.923	0.263	0.428	0.263	0.256
0.264	0.953	0.264	0.437	0.264	0.252
0.265	0.957	0.265	0.408	0.265	0.256
0.266	0.948	0.266	0.426	0.266	0.249
0.267	0.971	0.267	0.416	0.267	0.241
0.268	0.976	0.268	0.414	0.268	0.250
0.269	0.976	0.269	0.422	0.269	0.253
0.270	0.977	0.270	0.410	0.270	0.256
0.271	0.960	0.271	0.442	0.271	0.264
0.272	0.979	0.272	0.440	0.272	0.253
0.273	1.012	0.273	0.426	0.273	0.236
0.274	0.948	0.274	0.448	0.274	0.242
0.275	0.913	0.275	0.437	0.275	0.256
0.276	0.936	0.276	0.420	0.276	0.241
0.277	0.920	0.277	0.405	0.277	0.250
0.278	0.873	0.278	0.413	0.278	0.259
0.279	0.876	0.279	0.414	0.279	0.267
0.280	0.867	0.280	0.411	0.280	0.258
0.281	0.857	0.281	0.410	0.281	0.239
0.282	0.845	0.282	0.420	0.282	0.261
0.283	0.822	0.283	0.405	0.283	0.235
0.284	0.796	0.284	0.408	0.284	0.256
0.285	0.784	0.285	0.416	0.285	0.244
0.286	0.782	0.286	0.393	0.286	0.247
0.287	0.773	0.287	0.410	0.287	0.259
0.288	0.768	0.288	0.430	0.288	0.249
0.289	0.750	0.289	0.402	0.289	0.226
0.290	0.678	0.290	0.394	0.290	0.235
0.291	0.712	0.291	0.400	0.291	0.239
0.292	0.695	0.292	0.368	0.292	0.235
0.293	0.652	0.293	0.400	0.293	0.253
0.294	0.653	0.294	0.416	0.294	0.227
0.295	0.643	0.295	0.373	0.295	0.235
0.296	0.595	0.296	0.379	0.296	0.252
0.297	0.569	0.297	0.388	0.297	0.245
0.298	0.584	0.298	0.387	0.298	0.249
0.299	0.575	0.299	0.377	0.299	0.242
0.300	0.557	0.300	0.368	0.300	0.230
0.301	0.571	0.301	0.382	0.301	0.244
0.302	0.575	0.302	0.359	0.302	0.221
0.303	0.564	0.303	0.374	0.303	0.235
0.304	0.538	0.304	0.347	0.304	0.239
0.305	0.491	0.305	0.353	0.305	0.252
0.306	0.508	0.306	0.365	0.306	0.222
0.307	0.491	0.307	0.338	0.307	0.221
0.308	0.522	0.308	0.359	0.308	0.213
0.309	0.509	0.309	0.364	0.309	0.203
0.310	0.483	0.310	0.348	0.310	0.204
0.311	0.491	0.311	0.362	0.311	0.226
0.312	0.431	0.312	0.367	0.312	0.192
0.313	0.443	0.313	0.376	0.313	0.210
0.314	0.440	0.314	0.367	0.314	0.218
0.315	0.436	0.315	0.361	0.315	0.227
0.316	0.459	0.316	0.370	0.316	0.221
0.317	0.422	0.317	0.345	0.317	0.221
0.318	0.439	0.318	0.345	0.318	0.212
0.319	0.420	0.319	0.351	0.319	0.233
0.320	0.414	0.320	0.348	0.320	0.247
0.321	0.439	0.321	0.338	0.321	0.232
0.322	0.403	0.322	0.333	0.322	0.226
0.323	0.393	0.323	0.330	0.323	0.253
0.324	0.368	0.324	0.341	0.324	0.212
0.325	0.380	0.325	0.328	0.325	0.212
0.326	0.387	0.326	0.330	0.326	0.216
0.327	0.377	0.327	0.322	0.327	0.230
0.328	0.394	0.328	0.342	0.328	0.221
0.329	0.382	0.329	0.345	0.329	0.218
0.330	0.373	0.330	0.338	0.330	0.222
0.331	0.382	0.331	0.342	0.331	0.232
0.332	0.374	0.332	0.322	0.332	0.219
0.333	0.373	0.333	0.341	0.333	0.215
0.334	0.353	0.334	0.331	0.334	0.235
0.335	0.342	0.335	0.316	0.335	0.230
0.336	0.373	0.336	0.348	0.336	0.250
0.337	0.338	0.337	0.331	0.337	0.230
0.338	0.370	0.338	0.330	0.338	0.242
0.339	0.362	0.339	0.308	0.339	0.226
0.340	0.364	0.340	0.308	0.340	0.236
0.341	0.361	0.341	0.311	0.341	0.226
0.342	0.359	0.342	0.279	0.342	0.212
0.343	0.371	0.343	0.331	0.343	0.227
0.344	0.347	0.344	0.325	0.344	0.232
0.345	0.370	0.345	0.319	0.345	0.221
0.346	0.364	0.346	0.319	0.346	0.224
0.347	0.351	0.347	0.325	0.347	0.226
0.348	0.334	0.348	0.342	0.348	0.230
0.349	0.345	0.349	0.322	0.349	0.226
0.350	0.328	0.350	0.319	0.350	0.222
0.351	0.339	0.351	0.318	0.351	0.216
0.352	0.322	0.352	0.307	0.352	0.239
0.353	0.347	0.353	0.322	0.353	0.221
0.354	0.370	0.354	0.325	0.354	0.221
0.355	0.348	0.355	0.299	0.355	0.233
0.356	0.344	0.356	0.307	0.356	0.215
0.357	0.324	0.357	0.313	0.357	0.216
0.358	0.322	0.358	0.318	0.358	0.241
0.359	0.338	0.359	0.324	0.359	0.215
0.360	0.344	0.360	0.301	0.360	0.230
0.361	0.341	0.361	0.299	0.361	0.232
0.362	0.354	0.362	0.308	0.362	0.221
0.363	0.359	0.363	0.330	0.363	0.233
0.364	0.345	0.364	0.333	0.364	0.222
0.365	0.344	0.365	0.328	0.365	0.232
0.366	0.338	0.366	0.322	0.366	0.235
0.367	0.370	0.367	0.319	0.367	0.233
0.368	0.364	0.368	0.315	0.368	0.221
0.369	0.344	0.369	0.307	0.369	0.209
0.370	0.364	0.370	0.288	0.370	0.238
0.371	0.361	0.371	0.302	0.371	0.226
0.372	0.313	0.372	0.305	0.372	0.216
0.373	0.334	0.373	0.310	0.373	0.224
0.374	0.354	0.374	0.276	0.374	0.244
0.375	0.345	0.375	0.298	0.375	0.224
0.376	0.357	0.376	0.307	0.376	0.216
0.377	0.342	0.377	0.310	0.377	0.218
0.378	0.338	0.378	0.316	0.378	0.249
0.379	0.336	0.379	0.318	0.379	0.215
0.380	0.347	0.380	0.327	0.380	0.212
0.381	0.336	0.381	0.299	0.381	0.218
0.382	0.334	0.382	0.308	0.382	0.221
0.383	0.347	0.383	0.296	0.383	0.230
0.384	0.362	0.384	0.293	0.384	0.196
0.385	0.354	0.385	0.310	0.385	0.210
0.386	0.347	0.386	0.298	0.386	0.239
0.387	0.365	0.387	0.275	0.387	0.221
0.388	0.377	0.388	0.278	0.388	0.226
0.389	0.334	0.389	0.288	0.389	0.209
0.390	0.344	0.390	0.279	0.390	0.242
0.391	0.350	0.391	0.298	0.391	0.235
0.392	0.359	0.392	0.276	0.392	0.218
0.393	0.339	0.393	0.270	0.393	0.244
0.394	0.338	0.394	0.304	0.394	0.232
0.395	0.333	0.395	0.293	0.395	0.233
0.396	0.341	0.396	0.296	0.396	0.236
0.397	0.353	0.397	0.308	0.397	0.222
0.398	0.367	0.398	0.296	0.398	0.239
0.399	0.351	0.399	0.298	0.399	0.233
0.400	0.345	0.400	0.290	0.400	0.226
0.401	0.362	0.401	0.284	0.401	0.235
0.402	0.338	0.402	0.278	0.402	0.242
0.403	0.342	0.403	0.304	0.403	0.233
0.404	0.390	0.404	0.275	0.404	0.235
0.405	0.376	0.405	0.288	0.405	0.222
0.406	0.371	0.406	0.270	0.406	0.203
0.407	0.380	0.407	0.282	0.407	0.233
0.408	0.387	0.408	0.291	0.408	0.212
0.409	0.385	0.409	0.282	0.409	0.210
0.410	0.379	0.410	0.285	0.410	0.230
0.411	0.370	0.411	0.298	0.411	0.227
0.412	0.371	0.412	0.273	0.412	0.196
0.413	0.368	0.413	0.276	0.413	0.210
0.414	0.362	0.414	0.290	0.414	0.219
0.415	0.362	0.415	0.298	0.415	0.215
0.416	0.367	0.416	0.296	0.416	0.219
0.417	0.384	0.417	0.288	0.417	0.216
0.418	0.402	0.418	0.291	0.418	0.235
0.419	0.374	0.419	0.296	0.419	0.212
0.420	0.374	0.420	0.281	0.420	0.207
0.421	0.393	0.421	0.281	0.421	0.209
0.422	0.384	0.422	0.284	0.422	0.235
0.423	0.379	0.423	0.279	0.423	0.222
0.424	0.370	0.424	0.290	0.424	0.213
0.425	0.387	0.425	0.267	0.425	0.235
0.426	0.393	0.426	0.287	0.426	0.219
0.427	0.388	0.427	0.275	0.427	0.216
0.428	0.384	0.428	0.273	0.428	0.227
0.429	0.402	0.429	0.281	0.429	0.218
0.430	0.407	0.430	0.278	0.430	0.236
0.431	0.379	0.431	0.278	0.431	0.230
0.432	0.414	0.432	0.285	0.432	0.222
0.433	0.382	0.433	0.281	0.433	0.233
0.434	0.391	0.434	0.259	0.434	0.221
0.435	0.414	0.435	0.284	0.435	0.236
0.436	0.385	0.436	0.281	0.436	0.224
0.437	0.370	0.437	0.264	0.437	0.238
0.438	0.367	0.438	0.270	0.438	0.224
0.439	0.414	0.439	0.287	0.439	0.210
0.440	0.430	0.440	0.288	0.440	0.224
0.441	0.405	0.441	0.281	0.441	0.221
0.442	0.387	0.442	0.261	0.442	0.230
0.443	0.399	0.443	0.293	0.443	0.215
0.444	0.405	0.444	0.287	0.444	0.224
0.445	0.376	0.445	0.255	0.445	0.207
0.446	0.380	0.446	0.273	0.446	0.227
0.447	0.423	0.447	0.270	0.447	0.229
0.448	0.405	0.448	0.272	0.448	0.218
0.449	0.396	0.449	0.275	0.449	0.218
0.450	0.394	0.450	0.279	0.450	0.221
0.451	0.377	0.451	0.265	0.451	0.207
0.452	0.387	0.452	0.258	0.452	0.216
0.453	0.374	0.453	0.247	0.453	0.219
0.454	0.353	0.454	0.249	0.454	0.216
0.455	0.371	0.455	0.265	0.455	0.226
0.456	0.370	0.456	0.256	0.456	0.241
0.457	0.382	0.457	0.264	0.457	0.226
0.458	0.362	0.458	0.259	0.458	0.206
0.459	0.373	0.459	0.281	0.459	0.219
0.460	0.374	0.460	0.252	0.460	0.233
0.461	0.364	0.461	0.236	0.461	0.235
0.462	0.367	0.462	0.264	0.462	0.190
0.463	0.385	0.463	0.250	0.463	0.218
0.464	0.380	0.464	0.238	0.464	0.227
0.465	0.362	0.465	0.239	0.465	0.212
0.466	0.364	0.466	0.244	0.466	0.207
0.467	0.357	0.467	0.242	0.467	0.189
0.468	0.330	0.468	0.244	0.468	0.213
0.469	0.339	0.469	0.252	0.469	0.209
0.470	0.333	0.470	0.256	0.470	0.203
0.471	0.334	0.471	0.235	0.471	0.229
0.472	0.315	0.472	0.256	0.472	0.213
0.473	0.342	0.473	0.250	0.473	0.210
0.474	0.322	0.474	0.235	0.474	0.226
0.475	0.319	0.475	0.253	0.475	0.226
0.476	0.339	0.476	0.236	0.476	0.209
0.477	0.327	0.477	0.245	0.477	0.207
0.478	0.339	0.478	0.221	0.478	0.206
0.479	0.310	0.479	0.264	0.479	0.216
0.480	0.316	0.480	0.247	0.480	0.222
0.481	0.331	0.481	0.224	0.481	0.212
0.482	0.325	0.482	0.229	0.482	0.204
0.483	0.299	0.483	0.210	0.483	0.212
0.484	0.301	0.484	0.230	0.484	0.216
0.485	0.311	0.485	0.218	0.485	0.190
0.486	0.307	0.486	0.227	0.486	0.192
0.487	0.308	0.487	0.238	0.487	0.195
0.488	0.296	0.488	0.230	0.488	0.210
0.489	0.307	0.489	0.224	0.489	0.201
0.490	0.302	0.490	0.216	0.490	0.209
0.491	0.299	0.491	0.256	0.491	0.209
0.492	0.284	0.492	0.186	0.492	0.210
0.493	0.265	0.493	0.213	0.493	0.222
0.494	0.272	0.494	0.215	0.494	0.224
0.495	0.262	0.495	0.230	0.495	0.213
0.496	0.264	0.496	0.233	0.496	0.233
0.497	0.278	0.497	0.227	0.497	0.235
0.498	0.262	0.498	0.238	0.498	0.230
0.499	0.267	0.499	0.232	0.499	0.224
0.500	0.264	0.500	0.221	0.500	0.222
0.501	0.272	0.501	0.222	0.501	0.226
0.502	0.268	0.502	0.226	0.502	0.222
0.503	0.268	0.503	0.215	0.503	0.219
0.504	0.258	0.504	0.233	0.504	0.218
0.505	0.261	0.505	0.229	0.505	0.247
0.506	0.261	0.506	0.201	0.506	0.230
0.507	0.253	0.507	0.224	0.507	0.239
0.508	0.255	0.508	0.226	0.508	0.245
0.509	0.244	0.509	0.209	0.509	0.247
0.510	0.261	0.510	0.232	0.510	0.242
0.511	0.245	0.511	0.229	0.511	0.233
0.512	0.224	0.512	0.236	0.512	0.226
0.513	0.212	0.513	0.230	0.513	0.265
0.514	0.232	0.514	0.213	0.514	0.256
0.515	0.226	0.515	0.216	0.515	0.279
0.516	0.242	0.516	0.236	0.516	0.295
0.517	0.218	0.517	0.207	0.517	0.316
0.518	0.247	0.518	0.222	0.518	0.328
0.519	0.235	0.519	0.216	0.519	0.357
0.520	0.229	0.520	0.233	0.520	0.377
0.521	0.226	0.521	0.226	0.521	0.413
0.522	0.227	0.522	0.233	0.522	0.462
0.523	0.222	0.523	0.233	0.523	0.486
0.524	0.218	0.524	0.245	0.524	0.532
0.525	0.192	0.525	0.238	0.525	0.595
0.526	0.199	0.526	0.250	0.526	0.666
0.527	0.193	0.527	0.267	0.527	0.707
0.528	0.209	0.528	0.264	0.528	0.776
0.529	0.212	0.529	0.302	0.529	0.857
0.530	0.216	0.530	0.322	0.530	0.969
0.531	0.224	0.531	0.347	0.531	1.075
0.532	0.210	0.532	0.359	0.532	1.172
0.533	0.216	0.533	0.419	0.533	1.296
0.534	0.215	0.534	0.423	0.534	1.408
0.535	0.222	0.535	0.459	0.535	1.522
0.536	0.221	0.536	0.511	0.536	1.663
0.537	0.235	0.537	0.564	0.537	1.795
0.538	0.218	0.538	0.632	0.538	1.974
0.539	0.242	0.539	0.703	0.539	2.077
0.540	0.245	0.540	0.775	0.540	2.235
0.541	0.252	0.541	0.867	0.541	2.385
0.542	0.281	0.542	0.980	0.542	2.508
0.543	0.268	0.543	1.064	0.543	2.655
0.544	0.301	0.544	1.198	0.544	2.782
0.545	0.328	0.545	1.351	0.545	2.909
0.546	0.357	0.546	1.448	0.546	2.994
0.547	0.391	0.547	1.592	0.547	3.133
0.548	0.422	0.548	1.713	0.548	3.216
0.549	0.468	0.549	1.887	0.549	3.262
0.550	0.531	0.550	2.023	0.550	3.290
0.551	0.615	0.551	2.190	0.551	3.365
0.552	0.661	0.552	2.299	0.552	3.376
0.553	0.782	0.553	2.403	0.553	3.400
0.554	0.890	0.554	2.557	0.554	3.402
0.555	1.020	0.555	2.687	0.555	3.422
0.556	1.178	0.556	2.790	0.556	3.420
0.557	1.291	0.557	2.916	0.557	3.397
0.558	1.460	0.558	2.943	0.558	3.356
0.559	1.621	0.559	3.040	0.559	3.342
0.560	1.770	0.560	3.103	0.560	3.299
0.561	1.926	0.561	3.170	0.561	3.255
0.562	2.054	0.562	3.159	0.562	3.268
0.563	2.221	0.563	3.193	0.563	3.178
0.564	2.354	0.564	3.196	0.564	3.106
0.565	2.437	0.565	3.164	0.565	3.049
0.566	2.534	0.566	3.166	0.566	2.992
0.567	2.609	0.567	3.132	0.567	2.925
0.568	2.649	0.568	3.074	0.568	2.837
0.569	2.672	0.569	3.037	0.569	2.798
0.570	2.724	0.570	2.954	0.570	2.727
0.571	2.704	0.571	2.905	0.571	2.669
0.572	2.741	0.572	2.833	0.572	2.584
0.573	2.655	0.573	2.724	0.573	2.511
0.574	2.584	0.574	2.713	0.574	2.434
0.575	2.560	0.575	2.620	0.575	2.406
0.576	2.479	0.576	2.503	0.576	2.325
0.577	2.422	0.577	2.425	0.577	2.276
0.578	2.331	0.578	2.351	0.578	2.213
0.579	2.276	0.579	2.267	0.579	2.178
0.580	2.172	0.580	2.202	0.580	2.095
0.581	2.084	0.581	2.120	0.581	2.095
0.582	2.005	0.582	2.031	0.582	2.014
0.583	1.917	0.583	1.979	0.583	1.962
0.584	1.845	0.584	1.903	0.584	1.951
0.585	1.770	0.585	1.862	0.585	1.862
0.586	1.715	0.586	1.764	0.586	1.808
0.587	1.649	0.587	1.765	0.587	1.814
0.588	1.577	0.588	1.681	0.588	1.752
0.589	1.518	0.589	1.644	0.589	1.753
0.590	1.445	0.590	1.586	0.590	1.713
0.591	1.408	0.591	1.541	0.591	1.673
0.592	1.345	0.592	1.468	0.592	1.632
0.593	1.321	0.593	1.472	0.593	1.620
0.594	1.262	0.594	1.429	0.594	1.621
0.595	1.218	0.595	1.394	0.595	1.584
0.596	1.163	0.596	1.360	0.596	1.549
0.597	1.137	0.597	1.336	0.597	1.502
0.598	1.087	0.598	1.319	0.598	1.508
0.599	1.060	0.599	1.282	0.599	1.494
0.600	1.054	0.600	1.233	0.600	1.476
0.601	1.017	0.601	1.226	0.601	1.436
0.602	0.976	0.602	1.209	0.602	1.402
0.603	0.972	0.603	1.167	0.603	1.410
0.604	0.934	0.604	1.146	0.604	1.376
0.605	0.908	0.605	1.135	0.605	1.347
0.606	0.894	0.606	1.127	0.606	1.365
0.607	0.854	0.607	1.120	0.607	1.318
0.608	0.836	0.608	1.100	0.608	1.307
0.609	0.811	0.609	1.055	0.609	1.324
0.610	0.798	0.610	1.041	0.610	1.301
0.611	0.785	0.611	1.037	0.611	1.275
0.612	0.773	0.612	1.034	0.612	1.305
0.613	0.744	0.613	1.008	0.613	1.241
0.614	0.749	0.614	1.011	0.614	1.233
0.615	0.732	0.615	0.977	0.615	1.198
0.616	0.715	0.616	0.980	0.616	1.213
0.617	0.703	0.617	0.968	0.617	1.178
0.618	0.701	0.618	0.957	0.618	1.163
0.619	0.707	0.619	0.948	0.619	1.163
0.620	0.692	0.620	0.936	0.620	1.141
0.621	0.664	0.621	0.917	0.621	1.144
0.622	0.626	0.622	0.899	0.622	1.115
0.623	0.641	0.623	0.877	0.623	1.107
0.624	0.640	0.624	0.883	0.624	1.098
0.625	0.607	0.625	0.874	0.625	1.112
0.626	0.614	0.626	0.870	0.626	1.084
0.627	0.620	0.627	0.864	0.627	1.077
0.628	0.617	0.628	0.862	0.628	1.071
0.629	0.609	0.629	0.836	0.629	1.040
0.630	0.606	0.630	0.837	0.630	1.051
0.631	0.592	0.631	0.824	0.631	1.038
0.632	0.581	0.632	0.801	0.632	0.988
0.633	0.583	0.633	0.799	0.633	1.012
0.634	0.594	0.634	0.804	0.634	0.972
0.635	0.581	0.635	0.785	0.635	0.989
0.636	0.560	0.636	0.798	0.636	0.969
0.637	0.557	0.637	0.784	0.637	0.968
0.638	0.546	0.638	0.770	0.638	0.968
0.639	0.528	0.639	0.762	0.639	0.937
0.640	0.529	0.640	0.764	0.640	0.943
0.641	0.538	0.641	0.762	0.641	0.936
0.642	0.532	0.642	0.724	0.642	0.930
0.643	0.529	0.643	0.719	0.643	0.919
0.644	0.522	0.644	0.732	0.644	0.922
0.645	0.528	0.645	0.747	0.645	0.913
0.646	0.515	0.646	0.724	0.646	0.880
0.647	0.500	0.647	0.718	0.647	0.870
0.648	0.514	0.648	0.718	0.648	0.856
0.649	0.494	0.649	0.709	0.649	0.851
0.650	0.492	0.650	0.683	0.650	0.874
0.651	0.494	0.651	0.690	0.651	0.842
0.652	0.503	0.652	0.699	0.652	0.841
0.653	0.520	0.653	0.684	0.653	0.822
0.654	0.505	0.654	0.684	0.654	0.831
0.655	0.485	0.655	0.681	0.655	0.827
0.656	0.492	0.656	0.660	0.656	0.834
0.657	0.479	0.657	0.655	0.657	0.818
0.658	0.485	0.658	0.621	0.658	0.801
0.659	0.477	0.659	0.641	0.659	0.807
0.660	0.474	0.660	0.640	0.660	0.793
0.661	0.471	0.661	0.627	0.661	0.799
0.662	0.483	0.662	0.652	0.662	0.787
0.663	0.486	0.663	0.627	0.663	0.782
0.664	0.479	0.664	0.646	0.664	0.759
0.665	0.463	0.665	0.617	0.665	0.768
0.666	0.471	0.666	0.647	0.666	0.752
0.667	0.462	0.667	0.627	0.667	0.745
0.668	0.472	0.668	0.600	0.668	0.752
0.669	0.469	0.669	0.627	0.669	0.741
0.670	0.471	0.670	0.627	0.670	0.755
0.671	0.477	0.671	0.617	0.671	0.745
0.672	0.456	0.672	0.614	0.672	0.745
0.673	0.462	0.673	0.603	0.673	0.753
0.674	0.491	0.674	0.618	0.674	0.735
0.675	0.471	0.675	0.618	0.675	0.764
0.676	0.462	0.676	0.629	0.676	0.741
0.677	0.480	0.677	0.598	0.677	0.749
0.678	0.463	0.678	0.611	0.678	0.756
0.679	0.465	0.679	0.606	0.679	0.713
0.680	0.456	0.680	0.614	0.680	0.709
0.681	0.485	0.681	0.594	0.681	0.716
0.682	0.482	0.682	0.597	0.682	0.738
0.683	0.483	0.683	0.626	0.683	0.724
0.684	0.480	0.684	0.601	0.684	0.726
0.685	0.459	0.685	0.594	0.685	0.722
0.686	0.462	0.686	0.611	0.686	0.735
0.687	0.500	0.687	0.614	0.687	0.741
0.688	0.466	0.688	0.611	0.688	0.753
0.689	0.462	0.689	0.611	0.689	0.724
0.690	0.477	0.690	0.604	0.690	0.712
0.691	0.492	0.691	0.604	0.691	0.750
0.692	0.492	0.692	0.600	0.692	0.732
0.693	0.485	0.693	0.614	0.693	0.726
0.694	0.488	0.694	0.629	0.694	0.747
0.695	0.502	0.695	0.624	0.695	0.727
0.696	0.482	0.696	0.609	0.696	0.721
0.697	0.494	0.697	0.623	0.697	0.726
0.698	0.494	0.698	0.621	0.698	0.735
0.699	0.503	0.699	0.630	0.699	0.739
0.700	0.336	0.700	0.420	0.700	0.518
0.699	0.155	0.699	0.215	0.699	0.262
0.698	0.022	0.698	0.035	0.698	0.089
0.697	-0.086	0.697	-0.093	0.697	-0.051
0.696	-0.146	0.696	-0.161	0.696	-0.176
0.695	-0.193	0.695	-0.205	0.695	-0.208
0.694	-0.238	0.694	-0.273	0.694	-0.265
0.693	-0.253	0.693	-0.299	0.693	-0.307
0.692	-0.284	0.692	-0.340	0.692	-0.356
0.691	-0.293	0.691	-0.348	0.691	-0.373
0.690	-0.307	0.690	-0.371	0.690	-0.394
0.689	-0.304	0.689	-0.345	0.689	-0.402
0.688	-0.314	0.688	-0.380	0.688	-0.449
0.687	-0.317	0.687	-0.366	0.687	-0.432
0.686	-0.334	0.686	-0.412	0.686	-0.446
0.685	-0.328	0.685	-0.400	0.685	-0.451
0.684	-0.328	0.684	-0.399	0.684	-0.437
0.683	-0.343	0.683	-0.414	0.683	-0.446
0.682	-0.345	0.682	-0.432	0.682	-0.442
0.681	-0.343	0.681	-0.422	0.681	-0.471
0.680	-0.356	0.680	-0.428	0.680	-0.458
0.679	-0.362	0.679	-0.440	0.679	-0.448
0.678	-0.393	0.678	-0.437	0.678	-0.472
0.677	-0.362	0.677	-0.425	0.677	-0.478
0.676	-0.365	0.676	-0.435	0.676	-0.491
0.675	-0.373	0.675	-0.449	0.675	-0.486
0.674	-0.380	0.674	-0.437	0.674	-0.504
0.673	-0.368	0.673	-0.431	0.673	-0.518
0.672	-0.366	0.672	-0.434	0.672	-0.495
0.671	-0.396	0.671	-0.452	0.671	-0.529
0.670	-0.389	0.670	-0.462	0.670	-0.523
0.669	-0.389	0.669	-0.451	0.669	-0.527
0.668	-0.377	0.668	-0.478	0.668	-0.523
0.667	-0.385	0.667	-0.478	0.667	-0.549
0.666	-0.386	0.666	-0.468	0.666	-0.515
0.665	-0.389	0.665	-0.492	0.665	-0.527
0.664	-0.388	0.664	-0.488	0.664	-0.526
0.663	-0.403	0.663	-0.474	0.663	-0.540
0.662	-0.393	0.662	-0.491	0.662	-0.549
0.661	-0.406	0.661	-0.486	0.661	-0.535
0.660	-0.405	0.660	-0.494	0.660	-0.564
0.659	-0.402	0.659	-0.504	0.659	-0.572
0.658	-0.406	0.658	-0.517	0.658	-0.569
0.657	-0.406	0.657	-0.501	0.657	-0.575
0.656	-0.406	0.656	-0.517	0.656	-0.584
0.655	-0.417	0.655	-0.509	0.655	-0.598
0.654	-0.414	0.654	-0.514	0.654	-0.603
0.653	-0.422	0.653	-0.523	0.653	-0.607
0.652	-0.416	0.652	-0.535	0.652	-0.600
0.651	-0.439	0.651	-0.527	0.651	-0.632
0.650	-0.431	0.650	-0.543	0.650	-0.626
0.649	-0.440	0.649	-0.544	0.649	-0.632
0.648	-0.437	0.648	-0.570	0.648	-0.650
0.647	-0.452	0.647	-0.558	0.647	-0.644
0.646	-0.440	0.646	-0.567	0.646	-0.661
0.645	-0.454	0.645	-0.569	0.645	-0.664
0.644	-0.463	0.644	-0.567	0.644	-0.678
0.643	-0.455	0.643	-0.578	0.643	-0.701
0.642	-0.460	0.642	-0.604	0.642	-0.689
0.641	-0.463	0.641	-0.606	0.641	-0.718
0.640	-0.474	0.640	-0.610	0.640	-0.710
0.639	-0.477	0.639	-0.623	0.639	-0.707
0.638	-0.492	0.638	-0.623	0.638	-0.733
0.637	-0.474	0.637	-0.618	0.637	-0.742
0.636	-0.488	0.636	-0.636	0.636	-0.748
0.635	-0.486	0.635	-0.661	0.635	-0.756
0.634	-0.500	0.634	-0.641	0.634	-0.747
0.633	-0.503	0.633	-0.653	0.633	-0.762
0.632	-0.506	0.632	-0.667	0.632	-0.796
0.631	-0.521	0.631	-0.695	0.631	-0.788
0.630	-0.509	0.630	-0.693	0.630	-0.799
0.629	-0.537	0.629	-0.699	0.629	-0.811
0.628	-0.546	0.628	-0.684	0.628	-0.833
0.627	-0.544	0.627	-0.722	0.627	-0.834
0.626	-0.558	0.626	-0.731	0.626	-0.871
0.625	-0.574	0.625	-0.759	0.625	-0.868
0.624	-0.564	0.624	-0.762	0.624	-0.883
0.623	-0.584	0.623	-0.750	0.623	-0.870
0.622	-0.607	0.622	-0.759	0.622	-0.866
0.621	-0.606	0.621	-0.776	0.621	-0.909
0.620	-0.615	0.620	-0.788	0.620	-0.932
0.619	-0.639	0.619	-0.819	0.619	-0.937
0.618	-0.652	0.618	-0.816	0.618	-0.965
0.617	-0.652	0.617	-0.837	0.617	-0.962
0.616	-0.664	0.616	-0.850	0.616	-1.012
0.615	-0.667	0.615	-0.837	0.615	-1.004
0.614	-0.690	0.614	-0.871	0.614	-0.998
0.613	-0.705	0.613	-0.900	0.613	-1.046
0.612	-0.722	0.612	-0.899	0.612	-1.063
0.611	-0.751	0.611	-0.923	0.611	-1.058
0.610	-0.753	0.610	-0.916	0.610	-1.069
0.609	-0.782	0.609	-0.955	0.609	-1.103
0.608	-0.810	0.608	-1.001	0.608	-1.089
0.607	-0.825	0.607	-0.975	0.607	-1.126
0.606	-0.834	0.606	-1.027	0.606	-1.130
0.605	-0.836	0.605	-1.008	0.605	-1.175
0.604	-0.880	0.604	-1.058	0.604	-1.201
0.603	-0.917	0.603	-1.072	0.603	-1.213
0.602	-0.942	0.602	-1.090	0.602	-1.256
0.601	-0.952	0.601	-1.110	0.601	-1.264
0.600	-0.971	0.600	-1.162	0.600	-1.291
0.599	-1.003	0.599	-1.161	0.599	-1.282
0.598	-1.018	0.598	-1.190	0.598	-1.322
0.597	-1.055	0.597	-1.221	0.597	-1.340
0.596	-1.109	0.596	-1.242	0.596	-1.371
0.595	-1.167	0.595	-1.273	0.595	-1.405
0.594	-1.207	0.594	-1.302	0.594	-1.442
0.593	-1.227	0.593	-1.343	0.593	-1.462
0.592	-1.262	0.592	-1.383	0.592	-1.474
0.591	-1.314	0.591	-1.425	0.591	-1.498
0.590	-1.351	0.590	-1.466	0.590	-1.554
0.589	-1.392	0.589	-1.506	0.589	-1.541
0.588	-1.434	0.588	-1.532	0.588	-1.616
0.587	-1.501	0.587	-1.587	0.587	-1.638
0.586	-1.564	0.586	-1.641	0.586	-1.698
0.585	-1.613	0.585	-1.678	0.585	-1.715
0.584	-1.692	0.584	-1.741	0.584	-1.761
0.583	-1.738	0.583	-1.804	0.583	-1.790
0.582	-1.814	0.582	-1.869	0.582	-1.839
0.581	-1.877	0.581	-1.908	0.581	-1.842
0.580	-1.951	0.580	-1.984	0.580	-1.886
0.579	-2.049	0.579	-2.029	0.579	-1.958
0.578	-2.113	0.578	-2.096	0.578	-2.001
0.577	-2.199	0.577	-2.162	0.577	-2.067
0.576	-2.290	0.576	-2.238	0.576	-2.107
0.575	-2.373	0.575	-2.334	0.575	-2.155
0.574	-2.469	0.574	-2.374	0.574	-2.204
0.573	-2.567	0.573	-2.457	0.573	-2.256
0.572	-2.644	0.572	-2.547	0.572	-2.327
0.571	-2.753	0.571	-2.612	0.571	-2.388
0.570	-2.802	0.570	-2.716	0.570	-2.461
0.569	-2.912	0.569	-2.797	0.569	-2.521
0.568	-2.992	0.568	-2.856	0.568	-2.580
0.567	-3.018	0.567	-2.951	0.567	-2.641
0.566	-3.087	0.566	-3.040	0.566	-2.705
0.565	-3.147	0.565	-3.133	0.565	-2.761
0.564	-3.192	0.564	-3.195	0.564	-2.843
0.563	-3.204	0.563	-3.284	0.563	-2.914
0.562	-3.188	0.562	-3.330	0.562	-2.966
0.561	-3.116	0.561	-3.348	0.561	-3.015
0.560	-3.092	0.560	-3.386	0.560	-3.106
0.559	-2.992	0.559	-3.442	0.559	-3.155
0.558	-2.888	0.558	-3.451	0.558	-3.201
0.557	-2.788	0.557	-3.480	0.557	-3.279
0.556	-2.667	0.556	-3.478	0.556	-3.336
0.555	-2.534	0.555	-3.442	0.555	-3.395
0.554	-2.379	0.554	-3.448	0.554	-3.449
0.553	-2.225	0.553	-3.405	0.553	-3.475
0.552	-2.067	0.552	-3.376	0.552	-3.537
0.551	-1.912	0.551	-3.311	0.551	-3.580
0.550	-1.751	0.550	-3.280	0.550	-3.572
0.549	-1.589	0.549	-3.204	0.549	-3.688
0.548	-1.469	0.548	-3.150	0.548	-3.710
0.547	-1.316	0.547	-3.052	0.547	-3.757
0.546	-1.208	0.546	-2.938	0.546	-3.748
0.545	-1.084	0.545	-2.839	0.545	-3.773
0.544	-0.978	0.544	-2.699	0.544	-3.794
0.543	-0.868	0.543	-2.584	0.543	-3.773
0.542	-0.813	0.542	-2.498	0.542	-3.777
0.541	-0.710	0.541	-2.357	0.541	-3.734
0.540	-0.630	0.540	-2.221	0.540	-3.711
0.539	-0.598	0.539	-2.066	0.539	-3.667
0.538	-0.560	0.538	-1.922	0.538	-3.518
0.537	-0.512	0.537	-1.804	0.537	-3.461
0.536	-0.474	0.536	-1.646	0.536	-3.323
0.535	-0.451	0.535	-1.532	0.535	-3.195
0.534	-0.432	0.534	-1.373	0.534	-3.035
0.533	-0.422	0.533	-1.261	0.533	-2.882
0.532	-0.382	0.532	-1.156	0.532	-2.715
0.531	-0.386	0.531	-1.055	0.531	-2.580
0.530	-0.377	0.530	-0.965	0.530	-2.388
0.529	-0.373	0.529	-0.877	0.529	-2.233
0.528	-0.389	0.528	-0.785	0.528	-2.073
0.527	-0.353	0.527	-0.725	0.527	-1.923
0.526	-0.357	0.526	-0.682	0.526	-1.774
0.525	-0.362	0.525	-0.627	0.525	-1.647
0.524	-0.350	0.524	-0.587	0.524	-1.501
0.523	-0.354	0.523	-0.555	0.523	-1.357
0.522	-0.353	0.522	-0.504	0.522	-1.270
0.521	-0.334	0.521	-0.491	0.521	-1.141
0.520	-0.331	0.520	-0.488	0.520	-1.061
0.519	-0.327	0.519	-0.440	0.519	-0.954
0.518	-0.351	0.518	-0.428	0.518	-0.885
0.517	-0.314	0.517	-0.411	0.517	-0.819
0.516	-0.322	0.516	-0.391	0.516	-0.756
0.515	-0.357	0.515	-0.380	0.515	-0.695
0.514	-0.336	0.514	-0.362	0.514	-0.652
0.513	-0.336	0.513	-0.374	0.513	-0.606
0.512	-0.333	0.512	-0.376	0.512	-0.558
0.511	-0.357	0.511	-0.363	0.511	-0.511
0.510	-0.331	0.510	-0.336	0.510	-0.481
0.509	-0.340	0.509	-0.334	0.509	-0.478
0.508	-0.345	0.508	-0.370	0.508	-0.445
0.507	-0.334	0.507	-0.340	0.507	-0.437
0.506	-0.347	0.506	-0.356	0.506	-0.405
0.505	-0.365	0.505	-0.334	0.505	-0.406
0.504	-0.368	0.504	-0.328	0.504	-0.383
0.503	-0.347	0.503	-0.337	0.503	-0.388
0.502	-0.353	0.502	-0.331	0.502	-0.399
0.501	-0.354	0.501	-0.359	0.501	-0.391
0.500	-0.368	0.500	-0.350	0.500	-0.371
0.499	-0.339	0.499	-0.336	0.499	-0.370
0.498	-0.359	0.498	-0.328	0.498	-0.354
0.497	-0.357	0.497	-0.340	0.497	-0.374
0.496	-0.353	0.496	-0.328	0.496	-0.350
0.495	-0.371	0.495	-0.348	0.495	-0.362
0.494	-0.366	0.494	-0.331	0.494	-0.360
0.493	-0.365	0.493	-0.343	0.493	-0.345
0.492	-0.373	0.492	-0.347	0.492	-0.362
0.491	-0.382	0.491	-0.345	0.491	-0.347
0.490	-0.386	0.490	-0.336	0.490	-0.347
0.489	-0.365	0.489	-0.336	0.489	-0.340
0.488	-0.377	0.488	-0.316	0.488	-0.350
0.487	-0.359	0.487	-0.328	0.487	-0.328
0.486	-0.386	0.486	-0.342	0.486	-0.333
0.485	-0.365	0.485	-0.345	0.485	-0.345
0.484	-0.377	0.484	-0.331	0.484	-0.342
0.483	-0.385	0.483	-0.331	0.483	-0.342
0.482	-0.380	0.482	-0.330	0.482	-0.316
0.481	-0.379	0.481	-0.337	0.481	-0.330
0.480	-0.380	0.480	-0.337	0.480	-0.348
0.479	-0.351	0.479	-0.316	0.479	-0.333
0.478	-0.414	0.478	-0.333	0.478	-0.331
0.477	-0.388	0.477	-0.342	0.477	-0.340
0.476	-0.403	0.476	-0.331	0.476	-0.336
0.475	-0.403	0.475	-0.345	0.475	-0.330
0.474	-0.416	0.474	-0.319	0.474	-0.348
0.473	-0.396	0.473	-0.348	0.473	-0.328
0.472	-0.389	0.472	-0.359	0.472	-0.333
0.471	-0.400	0.471	-0.345	0.471	-0.331
0.470	-0.386	0.470	-0.340	0.470	-0.337
0.469	-0.391	0.469	-0.343	0.469	-0.333
0.468	-0.411	0.468	-0.368	0.468	-0.333
0.467	-0.420	0.467	-0.340	0.467	-0.339
0.466	-0.411	0.466	-0.351	0.466	-0.330
0.465	-0.432	0.465	-0.343	0.465	-0.337
0.464	-0.417	0.464	-0.359	0.464	-0.347
0.463	-0.409	0.463	-0.331	0.463	-0.339
0.462	-0.420	0.462	-0.339	0.462	-0.330
0.461	-0.419	0.461	-0.374	0.461	-0.340
0.460	-0.403	0.460	-0.363	0.460	-0.342
0.459	-0.432	0.459	-0.362	0.459	-0.319
0.458	-0.429	0.458	-0.376	0.458	-0.345
0.457	-0.420	0.457	-0.350	0.457	-0.324
0.456	-0.423	0.456	-0.366	0.456	-0.314
0.455	-0.416	0.455	-0.354	0.455	-0.337
0.454	-0.423	0.454	-0.354	0.454	-0.340
0.453	-0.428	0.453	-0.362	0.453	-0.345
0.452	-0.449	0.452	-0.368	0.452	-0.322
0.451	-0.434	0.451	-0.362	0.451	-0.343
0.450	-0.432	0.450	-0.370	0.450	-0.331
0.449	-0.446	0.449	-0.350	0.449	-0.343
0.448	-0.439	0.448	-0.343	0.448	-0.342
0.447	-0.422	0.447	-0.354	0.447	-0.327
0.446	-0.432	0.446	-0.365	0.446	-0.325
0.445	-0.437	0.445	-0.350	0.445	-0.331
0.444	-0.435	0.444	-0.356	0.444	-0.339
0.443	-0.440	0.443	-0.376	0.443	-0.322
0.442	-0.423	0.442	-0.359	0.442	-0.322
0.441	-0.449	0.441	-0.363	0.441	-0.339
0.440	-0.422	0.440	-0.359	0.440	-0.322
0.439	-0.432	0.439	-0.347	0.439	-0.313
0.438	-0.437	0.438	-0.362	0.438	-0.360
0.437	-0.454	0.437	-0.345	0.437	-0.343
0.436	-0.458	0.436	-0.353	0.436	-0.339
0.435	-0.443	0.435	-0.360	0.435	-0.319
0.434	-0.425	0.434	-0.351	0.434	-0.347
0.433	-0.454	0.433	-0.347	0.433	-0.328
0.432	-0.457	0.432	-0.353	0.432	-0.330
0.431	-0.457	0.431	-0.351	0.431	-0.320
0.430	-0.429	0.430	-0.357	0.430	-0.336
0.429	-0.440	0.429	-0.354	0.429	-0.331
0.428	-0.458	0.428	-0.345	0.428	-0.340
0.427	-0.432	0.427	-0.373	0.427	-0.322
0.426	-0.440	0.426	-0.380	0.426	-0.317
0.425	-0.437	0.425	-0.357	0.425	-0.314
0.424	-0.469	0.424	-0.374	0.424	-0.313
0.423	-0.442	0.423	-0.365	0.423	-0.339
0.422	-0.431	0.422	-0.379	0.422	-0.314
0.421	-0.435	0.421	-0.374	0.421	-0.339
0.420	-0.463	0.420	-0.368	0.420	-0.345
0.419	-0.442	0.419	-0.368	0.419	-0.322
0.418	-0.455	0.418	-0.362	0.418	-0.331
0.417	-0.443	0.417	-0.360	0.417	-0.334
0.416	-0.420	0.416	-0.368	0.416	-0.314
0.415	-0.448	0.415	-0.354	0.415	-0.317
0.414	-0.439	0.414	-0.374	0.414	-0.328
0.413	-0.434	0.413	-0.380	0.413	-0.336
0.412	-0.452	0.412	-0.357	0.412	-0.324
0.411	-0.451	0.411	-0.376	0.411	-0.333
0.410	-0.451	0.410	-0.377	0.410	-0.336
0.409	-0.432	0.409	-0.366	0.409	-0.331
0.408	-0.451	0.408	-0.368	0.408	-0.328
0.407	-0.455	0.407	-0.382	0.407	-0.327
0.406	-0.440	0.406	-0.376	0.406	-0.327
0.405	-0.423	0.405	-0.396	0.405	-0.331
0.404	-0.446	0.404	-0.376	0.404	-0.314
0.403	-0.454	0.403	-0.386	0.403	-0.328
0.402	-0.465	0.402	-0.388	0.402	-0.319
0.401	-0.465	0.401	-0.374	0.401	-0.302
0.400	-0.454	0.400	-0.379	0.400	-0.325
0.399	-0.426	0.399	-0.365	0.399	-0.308
0.398	-0.442	0.398	-0.370	0.398	-0.311
0.397	-0.452	0.397	-0.386	0.397	-0.290
0.396	-0.440	0.396	-0.365	0.396	-0.310
0.395	-0.437	0.395	-0.370	0.395	-0.301
0.394	-0.432	0.394	-0.370	0.394	-0.317
0.393	-0.440	0.393	-0.368	0.393	-0.308
0.392	-0.432	0.392	-0.351	0.392	-0.297
0.391	-0.434	0.391	-0.382	0.391	-0.304
0.390	-0.452	0.390	-0.354	0.390	-0.319
0.389	-0.458	0.389	-0.373	0.389	-0.325
0.388	-0.431	0.388	-0.347	0.388	-0.347
0.387	-0.435	0.387	-0.360	0.387	-0.302
0.386	-0.445	0.386	-0.351	0.386	-0.322
0.385	-0.454	0.385	-0.360	0.385	-0.322
0.384	-0.446	0.384	-0.383	0.384	-0.301
0.383	-0.452	0.383	-0.368	0.383	-0.308
0.382	-0.426	0.382	-0.386	0.382	-0.302
0.381	-0.449	0.381	-0.374	0.381	-0.319
0.380	-0.423	0.380	-0.368	0.380	-0.325
0.379	-0.432	0.379	-0.366	0.379	-0.330
0.378	-0.469	0.378	-0.374	0.378	-0.314
0.377	-0.446	0.377	-0.366	0.377	-0.308
0.376	-0.440	0.376	-0.371	0.376	-0.317
0.375	-0.443	0.375	-0.368	0.375	-0.316
0.374	-0.457	0.374	-0.370	0.374	-0.314
0.373	-0.431	0.373	-0.383	0.373	-0.311
0.372	-0.451	0.372	-0.377	0.372	-0.299
0.371	-0.445	0.371	-0.382	0.371	-0.304
0.370	-0.442	0.370	-0.376	0.370	-0.294
0.369	-0.468	0.369	-0.370	0.369	-0.311
0.368	-0.426	0.368	-0.386	0.368	-0.325
0.367	-0.454	0.367	-0.362	0.367	-0.313
0.366	-0.452	0.366	-0.393	0.366	-0.288
0.365	-0.439	0.365	-0.389	0.365	-0.268
0.364	-0.472	0.364	-0.382	0.364	-0.296
0.363	-0.454	0.363	-0.379	0.363	-0.304
0.362	-0.448	0.362	-0.388	0.362	-0.308
0.361	-0.463	0.361	-0.356	0.361	-0.313
0.360	-0.442	0.360	-0.376	0.360	-0.314
0.359	-0.466	0.359	-0.356	0.359	-0.325
0.358	-0.457	0.358	-0.402	0.358	-0.304
0.357	-0.439	0.357	-0.370	0.357	-0.319
0.356	-0.455	0.356	-0.370	0.356	-0.302
0.355	-0.451	0.355	-0.357	0.355	-0.293
0.354	-0.452	0.354	-0.354	0.354	-0.308
0.353	-0.455	0.353	-0.366	0.353	-0.314
0.352	-0.475	0.352	-0.394	0.352	-0.302
0.351	-0.463	0.351	-0.374	0.351	-0.302
0.350	-0.434	0.350	-0.386	0.350	-0.304
0.349	-0.455	0.349	-0.363	0.349	-0.276
0.348	-0.460	0.348	-0.379	0.348	-0.317
0.347	-0.455	0.347	-0.377	0.347	-0.278
0.346	-0.454	0.346	-0.377	0.346	-0.310
0.345	-0.481	0.345	-0.374	0.345	-0.307
0.344	-0.489	0.344	-0.365	0.344	-0.294
0.343	-0.480	0.343	-0.366	0.343	-0.313
0.342	-0.474	0.342	-0.385	0.342	-0.307
0.341	-0.488	0.341	-0.382	0.341	-0.302
0.340	-0.481	0.340	-0.370	0.340	-0.311
0.339	-0.485	0.339	-0.365	0.339	-0.302
0.338	-0.503	0.338	-0.373	0.338	-0.339
0.337	-0.481	0.337	-0.397	0.337	-0.296
0.336	-0.501	0.336	-0.386	0.336	-0.285
0.335	-0.472	0.335	-0.385	0.335	-0.288
0.334	-0.480	0.334	-0.368	0.334	-0.296
0.333	-0.504	0.333	-0.391	0.333	-0.288
0.332	-0.480	0.332	-0.394	0.332	-0.290
0.331	-0.501	0.331	-0.394	0.331	-0.308
0.330	-0.501	0.330	-0.380	0.330	-0.302
0.329	-0.495	0.329	-0.363	0.329	-0.294
0.328	-0.521	0.328	-0.399	0.328	-0.287
0.327	-0.472	0.327	-0.406	0.327	-0.308
0.326	-0.491	0.326	-0.389	0.326	-0.307
0.325	-0.504	0.325	-0.389	0.325	-0.267
0.324	-0.501	0.324	-0.405	0.324	-0.285
0.323	-0.503	0.323	-0.380	0.323	-0.284
0.322	-0.511	0.322	-0.409	0.322	-0.290
0.321	-0.483	0.321	-0.368	0.321	-0.308
0.320	-0.497	0.320	-0.371	0.320	-0.296
0.319	-0.508	0.319	-0.368	0.319	-0.278
0.318	-0.514	0.318	-0.394	0.318	-0.297
0.317	-0.504	0.317	-0.380	0.317	-0.296
0.316	-0.501	0.316	-0.386	0.316	-0.288
0.315	-0.538	0.315	-0.379	0.315	-0.276
0.314	-0.526	0.314	-0.374	0.314	-0.308
0.313	-0.518	0.313	-0.382	0.313	-0.302
0.312	-0.504	0.312	-0.380	0.312	-0.299
0.311	-0.527	0.311	-0.380	0.311	-0.285
0.310	-0.523	0.310	-0.366	0.310	-0.296
0.309	-0.529	0.309	-0.359	0.309	-0.291
0.308	-0.550	0.308	-0.428	0.308	-0.287
0.307	-0.547	0.307	-0.368	0.307	-0.291
0.306	-0.521	0.306	-0.382	0.306	-0.282
0.305	-0.558	0.305	-0.373	0.305	-0.291
0.304	-0.534	0.304	-0.382	0.304	-0.284
0.303	-0.581	0.303	-0.377	0.303	-0.276
0.302	-0.566	0.302	-0.383	0.302	-0.291
0.301	-0.557	0.301	-0.388	0.301	-0.301
0.300	-0.554	0.300	-0.396	0.300	-0.301
0.299	-0.578	0.299	-0.386	0.299	-0.302
0.298	-0.572	0.298	-0.396	0.298	-0.293
0.297	-0.560	0.297	-0.391	0.297	-0.313
0.296	-0.557	0.296	-0.385	0.296	-0.304
0.295	-0.593	0.295	-0.403	0.295	-0.301
0.294	-0.578	0.294	-0.391	0.294	-0.316
0.293	-0.569	0.293	-0.389	0.293	-0.290
0.292	-0.570	0.292	-0.416	0.292	-0.304
0.291	-0.586	0.291	-0.400	0.291	-0.305
0.290	-0.593	0.290	-0.409	0.290	-0.291
0.289	-0.607	0.289	-0.409	0.289	-0.279
0.288	-0.633	0.288	-0.403	0.288	-0.322
0.287	-0.592	0.287	-0.402	0.287	-0.308
0.286	-0.606	0.286	-0.388	0.286	-0.310
0.285	-0.604	0.285	-0.411	0.285	-0.294
0.284	-0.624	0.284	-0.402	0.284	-0.299
0.283	-0.616	0.283	-0.402	0.283	-0.302
0.282	-0.632	0.282	-0.400	0.282	-0.285
0.281	-0.670	0.281	-0.396	0.281	-0.327
0.280	-0.635	0.280	-0.400	0.280	-0.308
0.279	-0.630	0.279	-0.380	0.279	-0.296
0.278	-0.662	0.278	-0.417	0.278	-0.302
0.277	-0.643	0.277	-0.391	0.277	-0.325
0.276	-0.669	0.276	-0.416	0.276	-0.314
0.275	-0.672	0.275	-0.403	0.275	-0.314
0.274	-0.666	0.274	-0.389	0.274	-0.311
0.273	-0.675	0.273	-0.411	0.273	-0.313
0.272	-0.689	0.272	-0.423	0.272	-0.297
0.271	-0.696	0.271	-0.403	0.271	-0.284
0.270	-0.695	0.270	-0.402	0.270	-0.304
0.269	-0.655	0.269	-0.403	0.269	-0.288
0.268	-0.669	0.268	-0.389	0.268	-0.324
0.267	-0.653	0.267	-0.409	0.267	-0.314
0.266	-0.669	0.266	-0.394	0.266	-0.322
0.265	-0.656	0.265	-0.400	0.265	-0.301
0.264	-0.666	0.264	-0.385	0.264	-0.304
0.263	-0.659	0.263	-0.391	0.263	-0.308
0.262	-0.650	0.262	-0.394	0.262	-0.310
0.261	-0.641	0.261	-0.377	0.261	-0.294
0.260	-0.655	0.260	-0.376	0.260	-0.305
0.259	-0.621	0.259	-0.388	0.259	-0.281
0.258	-0.621	0.258	-0.402	0.258	-0.307
0.257	-0.606	0.257	-0.376	0.257	-0.294
0.256	-0.627	0.256	-0.363	0.256	-0.287
0.255	-0.616	0.255	-0.377	0.255	-0.299
0.254	-0.584	0.254	-0.362	0.254	-0.294
0.253	-0.604	0.253	-0.354	0.253	-0.294
0.252	-0.581	0.252	-0.373	0.252	-0.282
0.251	-0.600	0.251	-0.348	0.251	-0.267
0.250	-0.567	0.250	-0.348	0.250	-0.279
0.249	-0.514	0.249	-0.339	0.249	-0.282
0.248	-0.544	0.248	-0.373	0.248	-0.287
0.247	-0.488	0.247	-0.357	0.247	-0.273
0.246	-0.523	0.246	-0.370	0.246	-0.278
0.245	-0.549	0.245	-0.357	0.245	-0.268
0.244	-0.541	0.244	-0.342	0.244	-0.265
0.243	-0.500	0.243	-0.342	0.243	-0.259
0.242	-0.517	0.242	-0.354	0.242	-0.267
0.241	-0.509	0.241	-0.342	0.241	-0.267
0.240	-0.478	0.240	-0.325	0.240	-0.278
0.239	-0.508	0.239	-0.319	0.239	-0.262
0.238	-0.480	0.238	-0.333	0.238	-0.291
0.237	-0.495	0.237	-0.325	0.237	-0.282
0.236	-0.474	0.236	-0.307	0.236	-0.251
0.235	-0.474	0.235	-0.314	0.235	-0.261
0.234	-0.472	0.234	-0.313	0.234	-0.264
0.233	-0.480	0.233	-0.317	0.233	-0.245
0.232	-0.442	0.232	-0.314	0.232	-0.247
0.231	-0.454	0.231	-0.327	0.231	-0.256
0.230	-0.431	0.230	-0.327	0.230	-0.267
0.229	-0.446	0.229	-0.297	0.229	-0.265
0.228	-0.462	0.228	-0.313	0.228	-0.247
0.227	-0.445	0.227	-0.319	0.227	-0.258
0.226	-0.409	0.226	-0.327	0.226	-0.258
0.225	-0.428	0.225	-0.305	0.225	-0.256
0.224	-0.428	0.224	-0.288	0.224	-0.253
0.223	-0.419	0.223	-0.288	0.223	-0.253
0.222	-0.416	0.222	-0.308	0.222	-0.242
0.221	-0.406	0.221	-0.297	0.221	-0.254
0.220	-0.416	0.220	-0.305	0.220	-0.242
0.219	-0.428	0.219	-0.281	0.219	-0.247
0.218	-0.422	0.218	-0.288	0.218	-0.247
0.217	-0.405	0.217	-0.301	0.217	-0.245
0.216	-0.408	0.216	-0.285	0.216	-0.236
0.215	-0.409	0.215	-0.299	0.215	-0.248
0.214	-0.423	0.214	-0.294	0.214	-0.235
0.213	-0.423	0.213	-0.317	0.213	-0.242
0.212	-0.417	0.212	-0.297	0.212	-0.241
0.211	-0.403	0.211	-0.307	0.211	-0.250
0.210	-0.397	0.210	-0.302	0.210	-0.235
0.209	-0.403	0.209	-0.297	0.209	-0.238
0.208	-0.406	0.208	-0.333	0.208	-0.241
0.207	-0.376	0.207	-0.296	0.207	-0.244
0.206	-0.388	0.206	-0.299	0.206	-0.224
0.205	-0.406	0.205	-0.282	0.205	-0.228
0.204	-0.376	0.204	-0.301	0.204	-0.254
0.203	-0.382	0.203	-0.290	0.203	-0.233
0.202	-0.403	0.202	-0.288	0.202	-0.241
0.201	-0.383	0.201	-0.285	0.201	-0.264
0.200	-0.376	0.200	-0.288	0.200	-0.242
0.199	-0.382	0.199	-0.293	0.199	-0.241
0.198	-0.394	0.198	-0.279	0.198	-0.242
0.197	-0.385	0.197	-0.301	0.197	-0.251
0.196	-0.379	0.196	-0.288	0.196	-0.228
0.195	-0.385	0.195	-0.291	0.195	-0.245
0.194	-0.373	0.194	-0.308	0.194	-0.247
0.193	-0.363	0.193	-0.279	0.193	-0.247
0.192	-0.368	0.192	-0.282	0.192	-0.230
0.191	-0.385	0.191	-0.293	0.191	-0.239
0.190	-0.363	0.190	-0.299	0.190	-0.253
0.189	-0.389	0.189	-0.305	0.189	-0.233
0.188	-0.363	0.188	-0.302	0.188	-0.276
0.187	-0.386	0.187	-0.316	0.187	-0.247
0.186	-0.362	0.186	-0.308	0.186	-0.241
0.185	-0.380	0.185	-0.299	0.185	-0.241
0.184	-0.391	0.184	-0.308	0.184	-0.241
0.183	-0.382	0.183	-0.307	0.183	-0.236
0.182	-0.380	0.182	-0.299	0.182	-0.236
0.181	-0.386	0.181	-0.294	0.181	-0.241
0.180	-0.376	0.180	-0.302	0.180	-0.247
0.179	-0.374	0.179	-0.288	0.179	-0.248
0.178	-0.409	0.178	-0.305	0.178	-0.244
0.177	-0.380	0.177	-0.313	0.177	-0.236
0.176	-0.370	0.176	-0.304	0.176	-0.238
0.175	-0.376	0.175	-0.302	0.175	-0.231
0.174	-0.400	0.174	-0.304	0.174	-0.258
0.173	-0.391	0.173	-0.288	0.173	-0.251
0.172	-0.399	0.172	-0.301	0.172	-0.256
0.171	-0.388	0.171	-0.288	0.171	-0.242
0.170	-0.399	0.170	-0.282	0.170	-0.253
0.169	-0.396	0.169	-0.311	0.169	-0.251
0.168	-0.386	0.168	-0.296	0.168	-0.244
0.167	-0.389	0.167	-0.308	0.167	-0.236
0.166	-0.408	0.166	-0.299	0.166	-0.251
0.165	-0.402	0.165	-0.302	0.165	-0.253
0.164	-0.389	0.164	-0.322	0.164	-0.248
0.163	-0.388	0.163	-0.314	0.163	-0.250
0.162	-0.376	0.162	-0.305	0.162	-0.259
0.161	-0.411	0.161	-0.313	0.161	-0.250
0.160	-0.403	0.160	-0.327	0.160	-0.247
0.159	-0.409	0.159	-0.322	0.159	-0.236
0.158	-0.435	0.158	-0.333	0.158	-0.256
0.157	-0.405	0.157	-0.317	0.157	-0.258
0.156	-0.412	0.156	-0.319	0.156	-0.253
0.155	-0.397	0.155	-0.322	0.155	-0.259
0.154	-0.406	0.154	-0.327	0.154	-0.264
0.153	-0.405	0.153	-0.333	0.153	-0.262
0.152	-0.422	0.152	-0.322	0.152	-0.274
0.151	-0.411	0.151	-0.316	0.151	-0.261
0.150	-0.435	0.150	-0.324	0.150	-0.271
0.149	-0.416	0.149	-0.331	0.149	-0.265
0.148	-0.435	0.148	-0.336	0.148	-0.250
0.147	-0.435	0.147	-0.348	0.147	-0.261
0.146	-0.435	0.146	-0.330	0.146	-0.256
0.145	-0.466	0.145	-0.336	0.145	-0.250
0.144	-0.458	0.144	-0.327	0.144	-0.258
0.143	-0.468	0.143	-0.327	0.143	-0.254
0.142	-0.463	0.142	-0.351	0.142	-0.248
0.141	-0.472	0.141	-0.347	0.141	-0.258
0.140	-0.458	0.140	-0.330	0.140	-0.262
0.139	-0.455	0.139	-0.377	0.139	-0.248
0.138	-0.463	0.138	-0.370	0.138	-0.282
0.137	-0.463	0.137	-0.357	0.137	-0.268
0.136	-0.471	0.136	-0.363	0.136	-0.268
0.135	-0.451	0.135	-0.353	0.135	-0.276
0.134	-0.466	0.134	-0.350	0.134	-0.287
0.133	-0.481	0.133	-0.345	0.133	-0.285
0.132	-0.485	0.132	-0.363	0.132	-0.262
0.131	-0.481	0.131	-0.365	0.131	-0.274
0.130	-0.491	0.130	-0.362	0.130	-0.256
0.129	-0.495	0.129	-0.368	0.129	-0.284
0.128	-0.544	0.128	-0.359	0.128	-0.279
0.127	-0.509	0.127	-0.380	0.127	-0.281
0.126	-0.504	0.126	-0.385	0.126	-0.297
0.125	-0.492	0.125	-0.357	0.125	-0.297
0.124	-0.552	0.124	-0.365	0.124	-0.268
0.123	-0.512	0.123	-0.370	0.123	-0.287
0.122	-0.515	0.122	-0.380	0.122	-0.294
0.121	-0.538	0.121	-0.380	0.121	-0.294
0.120	-0.554	0.120	-0.373	0.120	-0.291
0.119	-0.563	0.119	-0.376	0.119	-0.279
0.118	-0.529	0.118	-0.397	0.118	-0.290
0.117	-0.561	0.117	-0.389	0.117	-0.287
0.116	-0.557	0.116	-0.385	0.116	-0.284
0.115	-0.564	0.115	-0.396	0.115	-0.310
0.114	-0.560	0.114	-0.400	0.114	-0.311
0.113	-0.574	0.113	-0.417	0.113	-0.302
0.112	-0.586	0.112	-0.428	0.112	-0.311
0.111	-0.577	0.111	-0.414	0.111	-0.314
0.110	-0.572	0.110	-0.397	0.110	-0.296
0.109	-0.578	0.109	-0.405	0.109	-0.314
0.108	-0.589	0.108	-0.442	0.108	-0.307
0.107	-0.603	0.107	-0.439	0.107	-0.299
0.106	-0.615	0.106	-0.434	0.106	-0.307
0.105	-0.612	0.105	-0.423	0.105	-0.297
0.104	-0.612	0.104	-0.437	0.104	-0.299
0.103	-0.624	0.103	-0.445	0.103	-0.320
0.102	-0.618	0.102	-0.439	0.102	-0.327
0.101	-0.623	0.101	-0.432	0.101	-0.316
