E /V	I /uA	E /V	I /uA	E /V	I /uA
0.100	6.843	0.100	-0.731	0.100	-0.727
0.100	3.750	0.100	-0.739	0.100	-0.725
0.099	1.989	0.099	-0.774	0.099	-0.667
0.099	0.883	0.099	-0.779	0.099	-0.685
0.098	0.253	0.098	-0.747	0.098	-0.791
0.098	-0.152	0.098	-0.722	0.098	-0.768
0.097	-0.347	0.097	-0.759	0.097	-0.718
0.097	-0.471	0.097	-0.672	0.097	-0.733
0.096	-0.570	0.096	-0.689	0.096	-0.761
0.096	-0.643	0.096	-0.721	0.096	-0.764
0.095	-0.672	0.095	-0.693	0.095	-0.758
0.095	-0.710	0.095	-0.791	0.095	-0.784
0.094	-0.689	0.094	-0.741	0.094	-0.774
0.093	-0.735	0.093	-0.685	0.093	-0.776
0.093	-0.727	0.093	-0.753	0.093	-0.742
0.092	-0.750	0.092	-0.750	0.092	-0.753
0.092	-0.739	0.092	-0.805	0.092	-0.762
0.091	-0.696	0.091	-0.742	0.091	-0.797
0.091	-0.738	0.091	-0.725	0.091	-0.781
0.090	-0.745	0.090	-0.758	0.090	-0.739
0.090	-0.724	0.090	-0.742	0.090	-0.736
0.089	-0.753	0.089	-0.702	0.089	-0.744
0.089	-0.796	0.089	-0.773	0.089	-0.745
0.088	-0.764	0.088	-0.725	0.088	-0.777
0.088	-0.713	0.088	-0.727	0.088	-0.730
0.087	-0.695	0.087	-0.753	0.087	-0.745
0.087	-0.762	0.087	-0.814	0.087	-0.735
0.086	-0.716	0.086	-0.831	0.086	-0.739
0.086	-0.721	0.086	-0.765	0.086	-0.745
0.086	-0.693	0.086	-0.811	0.086	-0.745
0.085	-0.839	0.085	-0.814	0.085	-0.771
0.085	-0.787	0.085	-0.773	0.085	-0.750
0.084	-0.765	0.084	-0.840	0.084	-0.790
0.084	-0.762	0.084	-0.805	0.084	-0.799
0.083	-0.817	0.083	-0.739	0.083	-0.804
0.083	-0.814	0.083	-0.813	0.083	-0.836
0.082	-0.744	0.082	-0.762	0.082	-0.758
0.082	-0.708	0.082	-0.758	0.082	-0.738
0.081	-0.742	0.081	-0.856	0.081	-0.715
0.081	-0.770	0.081	-0.793	0.081	-0.776
0.080	-0.828	0.080	-0.848	0.080	-0.767
0.080	-0.813	0.080	-0.816	0.080	-0.776
0.079	-0.807	0.079	-0.810	0.079	-0.823
0.079	-0.785	0.079	-0.779	0.079	-0.863
0.078	-0.747	0.078	-0.805	0.078	-0.831
0.077	-0.751	0.077	-0.817	0.077	-0.828
0.077	-0.822	0.077	-0.773	0.077	-0.808
0.076	-0.816	0.076	-0.738	0.076	-0.836
0.076	-0.843	0.076	-0.785	0.076	-0.830
0.075	-0.816	0.075	-0.822	0.075	-0.805
0.075	-0.830	0.075	-0.788	0.075	-0.823
0.074	-0.804	0.074	-0.825	0.074	-0.776
0.074	-0.808	0.074	-0.831	0.074	-0.785
0.073	-0.857	0.073	-0.793	0.073	-0.819
0.073	-0.871	0.073	-0.761	0.073	-0.759
0.072	-0.823	0.072	-0.840	0.072	-0.804
0.072	-0.842	0.072	-0.848	0.072	-0.773
0.071	-0.790	0.071	-0.843	0.071	-0.750
0.071	-0.810	0.071	-0.839	0.071	-0.782
0.070	-0.805	0.070	-0.877	0.070	-0.839
0.070	-0.791	0.070	-0.860	0.070	-0.833
0.070	-0.831	0.070	-0.839	0.070	-0.842
0.069	-0.848	0.069	-0.808	0.069	-0.833
0.069	-0.825	0.069	-0.785	0.069	-0.853
0.068	-0.845	0.068	-0.791	0.068	-0.804
0.068	-0.804	0.068	-0.843	0.068	-0.828
0.067	-0.833	0.067	-0.854	0.067	-0.834
0.067	-0.880	0.067	-0.817	0.067	-0.843
0.066	-0.900	0.066	-0.862	0.066	-0.879
0.066	-0.906	0.066	-0.842	0.066	-0.837
0.065	-0.802	0.065	-0.853	0.065	-0.774
0.065	-0.857	0.065	-0.859	0.065	-0.810
0.064	-0.896	0.064	-0.879	0.064	-0.842
0.064	-0.848	0.064	-0.830	0.064	-0.919
0.063	-0.889	0.063	-0.791	0.063	-0.807
0.063	-0.834	0.063	-0.814	0.063	-0.903
0.062	-0.730	0.062	-0.765	0.062	-0.750
0.061	-0.781	0.061	-0.914	0.061	-0.825
0.061	-0.816	0.061	-0.808	0.061	-0.805
0.060	-0.899	0.060	-0.857	0.060	-0.771
0.060	-0.879	0.060	-0.874	0.060	-0.807
0.059	-0.885	0.059	-0.845	0.059	-0.840
0.059	-0.894	0.059	-0.828	0.059	-0.831
0.059	-0.885	0.059	-0.839	0.059	-0.831
0.058	-0.893	0.058	-0.819	0.058	-0.796
0.058	-0.796	0.058	-0.825	0.058	-0.828
0.057	-0.785	0.057	-0.868	0.057	-0.863
0.057	-0.791	0.057	-0.776	0.057	-0.837
0.056	-0.823	0.056	-0.814	0.056	-0.840
0.056	-0.831	0.056	-0.784	0.056	-0.827
0.055	-0.854	0.055	-0.850	0.055	-0.842
0.054	-0.791	0.054	-0.828	0.054	-0.879
0.054	-0.828	0.054	-0.840	0.054	-0.828
0.053	-0.825	0.053	-0.811	0.053	-0.856
0.053	-0.805	0.053	-0.831	0.053	-0.814
0.052	-0.814	0.052	-0.866	0.052	-0.777
0.052	-0.902	0.052	-0.871	0.052	-0.781
0.051	-0.790	0.051	-0.866	0.051	-0.781
0.051	-0.782	0.051	-0.859	0.051	-0.822
0.051	-0.831	0.051	-0.916	0.051	-0.814
0.050	-0.805	0.050	-0.868	0.050	-0.814
0.050	-0.782	0.050	-0.863	0.050	-0.779
0.049	-0.816	0.049	-0.853	0.049	-0.794
0.049	-0.805	0.049	-0.819	0.049	-0.762
0.048	-0.837	0.048	-0.779	0.048	-0.879
0.048	-0.885	0.048	-0.747	0.048	-0.785
0.047	-0.862	0.047	-0.862	0.047	-0.797
0.046	-0.781	0.046	-0.860	0.046	-0.782
0.046	-0.854	0.046	-0.846	0.046	-0.754
0.045	-0.868	0.045	-0.845	0.045	-0.788
0.045	-0.817	0.045	-0.851	0.045	-0.796
0.044	-0.813	0.044	-0.886	0.044	-0.765
0.044	-0.811	0.044	-0.882	0.044	-0.820
0.043	-0.779	0.043	-0.871	0.043	-0.817
0.043	-0.846	0.043	-0.810	0.043	-0.825
0.043	-0.856	0.043	-0.819	0.043	-0.836
0.042	-0.773	0.042	-0.728	0.042	-0.747
0.042	-0.807	0.042	-0.833	0.042	-0.810
0.041	-0.764	0.041	-0.771	0.041	-0.830
0.041	-0.819	0.041	-0.830	0.041	-0.845
0.040	-0.747	0.040	-0.862	0.040	-0.776
0.040	-0.825	0.040	-0.804	0.040	-0.756
0.039	-0.850	0.039	-0.774	0.039	-0.781
0.038	-0.868	0.038	-0.827	0.038	-0.814
0.038	-0.831	0.038	-0.827	0.038	-0.873
0.037	-0.808	0.037	-0.831	0.037	-0.817
0.037	-0.827	0.037	-0.799	0.037	-0.822
0.036	-0.802	0.036	-0.793	0.036	-0.833
0.036	-0.759	0.036	-0.788	0.036	-0.788
0.035	-0.784	0.035	-0.765	0.035	-0.813
0.035	-0.810	0.035	-0.759	0.035	-0.805
0.035	-0.781	0.035	-0.807	0.035	-0.782
0.034	-0.834	0.034	-0.767	0.034	-0.748
0.034	-0.804	0.034	-0.767	0.034	-0.750
0.033	-0.800	0.033	-0.784	0.033	-0.748
0.033	-0.802	0.033	-0.822	0.033	-0.787
0.032	-0.773	0.032	-0.800	0.032	-0.810
0.032	-0.753	0.032	-0.794	0.032	-0.811
0.031	-0.777	0.031	-0.736	0.031	-0.768
0.030	-0.796	0.030	-0.765	0.030	-0.767
0.030	-0.764	0.030	-0.759	0.030	-0.748
0.029	-0.782	0.029	-0.721	0.029	-0.718
0.029	-0.733	0.029	-0.788	0.029	-0.781
0.029	-0.776	0.029	-0.811	0.029	-0.808
0.028	-0.784	0.028	-0.846	0.028	-0.804
0.028	-0.785	0.028	-0.779	0.028	-0.747
0.027	-0.754	0.027	-0.761	0.027	-0.751
0.026	-0.742	0.026	-0.715	0.026	-0.764
0.026	-0.765	0.026	-0.834	0.026	-0.791
0.025	-0.848	0.025	-0.800	0.025	-0.747
0.025	-0.816	0.025	-0.799	0.025	-0.770
0.025	-0.779	0.025	-0.842	0.025	-0.807
0.024	-0.773	0.024	-0.831	0.024	-0.794
0.024	-0.819	0.024	-0.791	0.024	-0.758
0.023	-0.787	0.023	-0.822	0.023	-0.822
0.022	-0.791	0.022	-0.805	0.022	-0.807
0.022	-0.638	0.022	-0.702	0.022	-0.733
0.021	-0.747	0.021	-0.765	0.021	-0.794
0.021	-0.791	0.021	-0.741	0.021	-0.761
0.021	-0.825	0.021	-0.765	0.021	-0.850
0.020	-0.810	0.020	-0.759	0.020	-0.842
0.020	-0.814	0.020	-0.768	0.020	-0.776
0.019	-0.796	0.019	-0.796	0.019	-0.784
0.018	-0.828	0.018	-0.831	0.018	-0.747
0.018	-0.776	0.018	-0.877	0.018	-0.759
0.018	-0.742	0.018	-0.787	0.018	-0.784
0.017	-0.768	0.017	-0.813	0.017	-0.770
0.017	-0.819	0.017	-0.827	0.017	-0.776
0.016	-0.777	0.016	-0.813	0.016	-0.756
0.015	-0.799	0.015	-0.800	0.015	-0.765
0.015	-0.790	0.015	-0.731	0.015	-0.845
0.015	-0.823	0.015	-0.794	0.015	-0.788
0.014	-0.788	0.014	-0.777	0.014	-0.810
0.013	-0.810	0.013	-0.767	0.013	-0.831
0.013	-0.802	0.013	-0.753	0.013	-0.830
0.013	-0.817	0.013	-0.825	0.013	-0.794
0.012	-0.873	0.012	-0.831	0.012	-0.839
0.011	-0.797	0.011	-0.776	0.011	-0.773
0.011	-0.853	0.011	-0.823	0.011	-0.761
0.011	-0.799	0.011	-0.779	0.011	-0.790
0.010	-0.822	0.010	-0.773	0.010	-0.808
0.009	-0.808	0.009	-0.813	0.009	-0.845
0.009	-0.865	0.009	-0.833	0.009	-0.819
0.009	-0.834	0.009	-0.879	0.009	-0.799
0.008	-0.816	0.008	-0.834	0.008	-0.811
0.007	-0.764	0.007	-0.856	0.007	-0.850
0.007	-0.797	0.007	-0.830	0.007	-0.833
0.006	-0.856	0.006	-0.839	0.006	-0.879
0.006	-0.856	0.006	-0.843	0.006	-0.865
0.005	-0.883	0.005	-0.805	0.005	-0.850
0.005	-0.883	0.005	-0.848	0.005	-0.827
0.004	-0.842	0.004	-0.866	0.004	-0.880
0.004	-0.827	0.004	-0.871	0.004	-0.919
0.004	-0.819	0.004	-0.911	0.004	-0.850
0.003	-0.874	0.003	-0.877	0.003	-0.874
0.003	-0.937	0.003	-0.874	0.003	-0.957
0.002	-0.836	0.002	-0.773	0.002	-0.825
0.002	-0.931	0.002	-0.906	0.002	-0.857
0.001	-0.943	0.001	-0.877	0.001	-0.906
0.001	-0.931	0.001	-0.919	0.001	-0.908
0.000	-0.934	0.000	-0.885	0.000	-0.888
-0.001	-0.929	-0.001	-0.916	-0.001	-0.932
-0.001	-0.942	-0.001	-0.928	-0.001	-1.003
-0.002	-0.937	-0.002	-0.943	-0.002	-0.877
-0.002	-0.940	-0.002	-0.957	-0.002	-0.902
-0.003	-0.960	-0.003	-1.004	-0.003	-0.952
-0.003	-0.980	-0.003	-0.971	-0.003	-0.986
-0.004	-1.000	-0.004	-0.989	-0.004	-1.003
-0.004	-0.946	-0.004	-1.008	-0.004	-1.052
-0.004	-1.020	-0.004	-0.995	-0.004	-1.023
-0.005	-1.057	-0.005	-0.955	-0.005	-1.058
-0.005	-1.031	-0.005	-1.009	-0.005	-1.035
-0.006	-1.084	-0.006	-1.046	-0.006	-1.087
-0.006	-1.031	-0.006	-1.103	-0.006	-1.078
-0.007	-1.054	-0.007	-1.064	-0.007	-1.138
-0.007	-1.073	-0.007	-1.110	-0.007	-1.135
-0.008	-1.077	-0.008	-1.107	-0.008	-1.126
-0.009	-1.155	-0.009	-1.115	-0.009	-1.136
-0.009	-1.138	-0.009	-1.189	-0.009	-1.175
-0.009	-1.198	-0.009	-1.156	-0.009	-1.185
-0.010	-0.820	-0.010	-0.874	-0.010	-0.873
-0.009	-0.448	-0.009	-0.478	-0.009	-0.463
-0.009	-0.178	-0.009	-0.210	-0.009	-0.225
-0.009	0.014	-0.009	-0.064	-0.009	-0.032
-0.008	0.146	-0.008	0.094	-0.008	0.043
-0.007	0.229	-0.007	0.193	-0.007	0.161
-0.007	0.210	-0.007	0.241	-0.007	0.212
-0.006	0.310	-0.006	0.295	-0.006	0.272
-0.006	0.247	-0.006	0.359	-0.006	0.293
-0.005	0.397	-0.005	0.380	-0.005	0.359
-0.005	0.400	-0.005	0.370	-0.005	0.301
-0.004	0.426	-0.004	0.437	-0.004	0.416
-0.004	0.402	-0.004	0.370	-0.004	0.367
-0.004	0.403	-0.004	0.423	-0.004	0.485
-0.003	0.460	-0.003	0.446	-0.003	0.483
-0.003	0.439	-0.003	0.410	-0.003	0.414
-0.002	0.549	-0.002	0.586	-0.002	0.552
-0.002	0.476	-0.002	0.549	-0.002	0.552
-0.001	0.526	-0.001	0.520	-0.001	0.491
-0.001	0.518	-0.001	0.509	-0.001	0.465
0.000	0.577	0.000	0.517	0.000	0.506
0.001	0.545	0.001	0.568	0.001	0.529
0.001	0.534	0.001	0.595	0.001	0.492
0.002	0.535	0.002	0.575	0.002	0.589
0.002	0.554	0.002	0.511	0.002	0.580
0.003	0.600	0.003	0.522	0.003	0.589
0.003	0.555	0.003	0.546	0.003	0.526
0.004	0.563	0.004	0.548	0.004	0.568
0.004	0.574	0.004	0.589	0.004	0.551
0.004	0.592	0.004	0.635	0.004	0.555
0.005	0.669	0.005	0.629	0.005	0.566
0.005	0.554	0.005	0.624	0.005	0.600
0.006	0.574	0.006	0.634	0.006	0.644
0.006	0.627	0.006	0.595	0.006	0.606
0.007	0.661	0.007	0.638	0.007	0.653
0.007	0.646	0.007	0.575	0.007	0.638
0.008	0.637	0.008	0.577	0.008	0.594
0.009	0.612	0.009	0.620	0.009	0.601
0.009	0.623	0.009	0.578	0.009	0.675
0.009	0.626	0.009	0.620	0.009	0.630
0.010	0.623	0.010	0.607	0.010	0.641
0.011	0.583	0.011	0.601	0.011	0.635
0.011	0.652	0.011	0.621	0.011	0.652
0.011	0.664	0.011	0.643	0.011	0.618
0.012	0.715	0.012	0.623	0.012	0.712
0.013	0.595	0.013	0.583	0.013	0.657
0.013	0.707	0.013	0.626	0.013	0.653
0.013	0.641	0.013	0.701	0.013	0.643
0.014	0.692	0.014	0.675	0.014	0.660
0.015	0.712	0.015	0.703	0.015	0.618
0.015	0.683	0.015	0.686	0.015	0.617
0.015	0.687	0.015	0.716	0.015	0.710
0.016	0.724	0.016	0.653	0.016	0.666
0.017	0.710	0.017	0.638	0.017	0.687
0.017	0.709	0.017	0.637	0.017	0.689
0.018	0.675	0.018	0.658	0.018	0.603
0.018	0.762	0.018	0.673	0.018	0.744
0.018	0.663	0.018	0.657	0.018	0.686
0.019	0.664	0.019	0.698	0.019	0.709
0.020	0.750	0.020	0.729	0.020	0.695
0.020	0.698	0.020	0.738	0.020	0.687
0.021	0.666	0.021	0.703	0.021	0.652
0.021	0.669	0.021	0.689	0.021	0.710
0.021	0.758	0.021	0.713	0.021	0.676
0.022	0.699	0.022	0.701	0.022	0.678
0.022	0.690	0.022	0.655	0.022	0.695
0.023	0.695	0.023	0.735	0.023	0.684
0.024	0.729	0.024	0.650	0.024	0.683
0.024	0.640	0.024	0.680	0.024	0.745
0.025	0.703	0.025	0.701	0.025	0.710
0.025	0.686	0.025	0.680	0.025	0.673
0.025	0.706	0.025	0.710	0.025	0.650
0.026	0.795	0.026	0.693	0.026	0.749
0.026	0.804	0.026	0.710	0.026	0.696
0.027	0.749	0.027	0.680	0.027	0.692
0.028	0.750	0.028	0.752	0.028	0.775
0.028	0.741	0.028	0.722	0.028	0.741
0.029	0.669	0.029	0.698	0.029	0.752
0.029	0.703	0.029	0.710	0.029	0.689
0.029	0.710	0.029	0.710	0.029	0.752
0.030	0.736	0.030	0.695	0.030	0.758
0.030	0.750	0.030	0.715	0.030	0.709
0.031	0.739	0.031	0.706	0.031	0.749
0.032	0.676	0.032	0.729	0.032	0.698
0.032	0.744	0.032	0.765	0.032	0.716
0.033	0.710	0.033	0.772	0.033	0.676
0.033	0.776	0.033	0.772	0.033	0.756
0.034	0.790	0.034	0.710	0.034	0.772
0.034	0.752	0.034	0.756	0.034	0.745
0.035	0.719	0.035	0.701	0.035	0.710
0.035	0.744	0.035	0.729	0.035	0.698
0.035	0.756	0.035	0.767	0.035	0.745
0.036	0.784	0.036	0.721	0.036	0.687
0.036	0.718	0.036	0.749	0.036	0.750
0.037	0.744	0.037	0.699	0.037	0.726
0.037	0.795	0.037	0.715	0.037	0.712
0.038	0.877	0.038	0.839	0.038	0.827
0.038	0.764	0.038	0.739	0.038	0.796
0.039	0.730	0.039	0.707	0.039	0.808
0.040	0.776	0.040	0.726	0.040	0.759
0.040	0.733	0.040	0.698	0.040	0.801
0.041	0.779	0.041	0.810	0.041	0.811
0.041	0.796	0.041	0.796	0.041	0.764
0.042	0.747	0.042	0.736	0.042	0.772
0.042	0.790	0.042	0.801	0.042	0.773
0.043	0.776	0.043	0.712	0.043	0.778
0.043	0.790	0.043	0.742	0.043	0.707
0.043	0.781	0.043	0.784	0.043	0.755
0.044	0.808	0.044	0.822	0.044	0.741
0.044	0.827	0.044	0.767	0.044	0.799
0.045	0.787	0.045	0.724	0.045	0.798
0.045	0.847	0.045	0.735	0.045	0.761
0.046	0.844	0.046	0.787	0.046	0.778
0.046	0.810	0.046	0.724	0.046	0.745
0.047	0.764	0.047	0.750	0.047	0.798
0.048	0.770	0.048	0.776	0.048	0.745
0.048	0.732	0.048	0.813	0.048	0.788
0.049	0.784	0.049	0.765	0.049	0.785
0.049	0.805	0.049	0.767	0.049	0.796
0.050	0.842	0.050	0.813	0.050	0.844
0.050	0.842	0.050	0.824	0.050	0.857
0.051	0.831	0.051	0.819	0.051	0.773
0.051	0.839	0.051	0.788	0.051	0.721
0.051	0.842	0.051	0.813	0.051	0.732
0.052	0.853	0.052	0.811	0.052	0.775
0.052	0.853	0.052	0.822	0.052	0.761
0.053	0.868	0.053	0.844	0.053	0.824
0.053	0.793	0.053	0.827	0.053	0.816
0.054	0.767	0.054	0.764	0.054	0.793
0.054	0.816	0.054	0.818	0.054	0.802
0.055	0.848	0.055	0.764	0.055	0.814
0.056	0.796	0.056	0.762	0.056	0.819
0.056	0.764	0.056	0.753	0.056	0.758
0.057	0.810	0.057	0.768	0.057	0.796
0.057	0.788	0.057	0.750	0.057	0.787
0.058	0.772	0.058	0.830	0.058	0.703
0.058	0.916	0.058	0.818	0.058	0.902
0.059	0.842	0.059	0.787	0.059	0.790
0.059	0.770	0.059	0.860	0.059	0.782
0.059	0.818	0.059	0.822	0.059	0.822
0.060	0.819	0.060	0.821	0.060	0.782
0.060	0.775	0.060	0.767	0.060	0.788
0.061	0.805	0.061	0.768	0.061	0.865
0.061	0.814	0.061	0.784	0.061	0.821
0.062	0.825	0.062	0.799	0.062	0.749
0.063	0.796	0.063	0.753	0.063	0.788
0.063	0.850	0.063	0.765	0.063	0.747
0.064	0.831	0.064	0.787	0.064	0.819
0.064	0.868	0.064	0.787	0.064	0.814
0.065	0.828	0.065	0.739	0.065	0.762
0.065	0.793	0.065	0.865	0.065	0.706
0.066	0.795	0.066	0.873	0.066	0.732
0.066	0.795	0.066	0.833	0.066	0.768
0.067	0.827	0.067	0.821	0.067	0.784
0.067	0.850	0.067	0.864	0.067	0.802
0.068	0.876	0.068	0.831	0.068	0.785
0.068	0.847	0.068	0.848	0.068	0.810
0.069	0.841	0.069	0.848	0.069	0.796
0.069	0.868	0.069	0.839	0.069	0.768
0.070	0.883	0.070	0.799	0.070	0.810
0.070	0.841	0.070	0.799	0.070	0.819
0.070	0.784	0.070	0.796	0.070	0.810
0.071	0.787	0.071	0.730	0.071	0.781
0.071	0.862	0.071	0.825	0.071	0.732
0.072	0.825	0.072	0.699	0.072	0.762
0.072	0.791	0.072	0.801	0.072	0.765
0.073	0.891	0.073	0.842	0.073	0.837
0.073	0.811	0.073	0.837	0.073	0.802
0.074	0.795	0.074	0.865	0.074	0.839
0.074	0.814	0.074	0.785	0.074	0.828
0.075	0.793	0.075	0.804	0.075	0.814
0.075	0.793	0.075	0.825	0.075	0.788
0.076	0.844	0.076	0.824	0.076	0.834
0.076	0.870	0.076	0.782	0.076	0.791
0.077	0.775	0.077	0.784	0.077	0.767
0.077	0.795	0.077	0.692	0.077	0.696
0.078	0.844	0.078	0.864	0.078	0.867
0.079	0.790	0.079	0.793	0.079	0.787
0.079	0.795	0.079	0.798	0.079	0.758
0.080	0.784	0.080	0.779	0.080	0.788
0.080	0.805	0.080	0.773	0.080	0.752
0.081	0.808	0.081	0.781	0.081	0.770
0.081	0.796	0.081	0.788	0.081	0.765
0.082	0.759	0.082	0.716	0.082	0.787
0.082	0.821	0.082	0.759	0.082	0.758
0.083	0.802	0.083	0.747	0.083	0.781
0.083	0.831	0.083	0.765	0.083	0.793
0.084	0.775	0.084	0.715	0.084	0.773
0.084	0.798	0.084	0.776	0.084	0.807
0.085	0.742	0.085	0.844	0.085	0.781
0.085	0.804	0.085	0.814	0.085	0.756
0.086	0.761	0.086	0.788	0.086	0.719
0.086	0.785	0.086	0.680	0.086	0.739
0.086	0.776	0.086	0.724	0.086	0.701
0.087	0.756	0.087	0.753	0.087	0.776
0.087	0.753	0.087	0.729	0.087	0.716
0.088	0.782	0.088	0.722	0.088	0.758
0.088	0.775	0.088	0.798	0.088	0.706
0.089	0.753	0.089	0.733	0.089	0.793
0.089	0.683	0.089	0.784	0.089	0.739
0.090	0.776	0.090	0.788	0.090	0.764
0.090	0.747	0.090	0.739	0.090	0.736
0.091	0.765	0.091	0.738	0.091	0.719
0.091	0.814	0.091	0.782	0.091	0.765
0.092	0.813	0.092	0.758	0.092	0.692
0.092	0.738	0.092	0.733	0.092	0.742
0.093	0.779	0.093	0.690	0.093	0.709
0.093	0.745	0.093	0.758	0.093	0.764
0.094	0.744	0.094	0.727	0.094	0.718
0.095	0.732	0.095	0.680	0.095	0.687
0.095	0.819	0.095	0.695	0.095	0.762
0.096	0.765	0.096	0.770	0.096	0.730
0.096	0.727	0.096	0.719	0.096	0.735
0.097	0.696	0.097	0.732	0.097	0.736
0.097	0.752	0.097	0.709	0.097	0.730
0.098	0.721	0.098	0.627	0.098	0.644
0.098	0.833	0.098	0.791	0.098	0.790
0.099	0.758	0.099	0.643	0.099	0.758
0.099	0.715	0.099	0.673	0.099	0.687
0.100	0.703	0.100	0.673	0.100	0.666
0.100	0.689	0.100	0.699	0.100	0.730
0.101	0.666	0.101	0.696	0.101	0.676
0.101	0.699	0.101	0.703	0.101	0.713
0.102	0.762	0.102	0.686	0.102	0.719
0.102	0.762	0.102	0.638	0.102	0.719
0.102	0.762	0.102	0.715	0.102	0.790
0.103	0.722	0.103	0.644	0.103	0.707
0.103	0.724	0.103	0.681	0.103	0.635
0.104	0.730	0.104	0.687	0.104	0.712
0.104	0.704	0.104	0.698	0.104	0.635
0.105	0.713	0.105	0.704	0.105	0.687
0.105	0.672	0.105	0.670	0.105	0.683
0.106	0.649	0.106	0.686	0.106	0.698
0.106	0.695	0.106	0.684	0.106	0.646
0.107	0.687	0.107	0.692	0.107	0.742
0.107	0.680	0.107	0.663	0.107	0.669
0.108	0.641	0.108	0.657	0.108	0.724
0.108	0.695	0.108	0.692	0.108	0.626
0.109	0.653	0.109	0.663	0.109	0.646
0.110	0.683	0.110	0.644	0.110	0.696
0.110	0.634	0.110	0.661	0.110	0.686
0.111	0.681	0.111	0.710	0.111	0.709
0.111	0.733	0.111	0.626	0.111	0.686
0.112	0.660	0.112	0.643	0.112	0.646
0.112	0.649	0.112	0.680	0.112	0.669
0.113	0.670	0.113	0.681	0.113	0.707
0.113	0.699	0.113	0.658	0.113	0.641
0.114	0.672	0.114	0.684	0.114	0.707
0.114	0.640	0.114	0.650	0.114	0.675
0.115	0.640	0.115	0.591	0.115	0.623
0.115	0.630	0.115	0.615	0.115	0.646
0.116	0.618	0.116	0.634	0.116	0.627
0.116	0.655	0.116	0.607	0.116	0.609
0.117	0.641	0.117	0.653	0.117	0.621
0.117	0.657	0.117	0.627	0.117	0.678
0.117	0.568	0.117	0.595	0.117	0.623
0.118	0.722	0.118	0.718	0.118	0.686
0.118	0.666	0.118	0.683	0.118	0.647
0.119	0.675	0.119	0.641	0.119	0.644
0.119	0.658	0.119	0.634	0.119	0.657
0.120	0.684	0.120	0.609	0.120	0.647
0.120	0.647	0.120	0.609	0.120	0.569
0.121	0.595	0.121	0.644	0.121	0.637
0.121	0.652	0.121	0.618	0.121	0.618
0.122	0.680	0.122	0.598	0.122	0.634
0.122	0.653	0.122	0.644	0.122	0.609
0.123	0.667	0.123	0.637	0.123	0.658
0.123	0.667	0.123	0.632	0.123	0.652
0.124	0.652	0.124	0.637	0.124	0.620
0.125	0.574	0.125	0.604	0.125	0.646
0.125	0.611	0.125	0.587	0.125	0.621
0.126	0.563	0.126	0.635	0.126	0.578
0.126	0.643	0.126	0.635	0.126	0.660
0.127	0.627	0.127	0.644	0.127	0.640
0.127	0.618	0.127	0.647	0.127	0.603
0.128	0.604	0.128	0.557	0.128	0.629
0.128	0.571	0.128	0.604	0.128	0.637
0.129	0.601	0.129	0.598	0.129	0.598
0.129	0.560	0.129	0.609	0.129	0.615
0.130	0.589	0.130	0.652	0.130	0.647
0.130	0.600	0.130	0.606	0.130	0.606
0.131	0.586	0.131	0.595	0.131	0.546
0.131	0.580	0.131	0.598	0.131	0.594
0.132	0.627	0.132	0.586	0.132	0.591
0.132	0.595	0.132	0.591	0.132	0.577
0.133	0.586	0.133	0.634	0.133	0.563
0.133	0.607	0.133	0.650	0.133	0.591
0.134	0.583	0.134	0.603	0.134	0.597
0.134	0.620	0.134	0.604	0.134	0.626
0.135	0.655	0.135	0.535	0.135	0.540
0.135	0.560	0.135	0.555	0.135	0.611
0.136	0.571	0.136	0.623	0.136	0.568
0.136	0.526	0.136	0.657	0.136	0.560
0.137	0.534	0.137	0.615	0.137	0.580
0.137	0.558	0.137	0.540	0.137	0.618
0.138	0.558	0.138	0.584	0.138	0.523
0.138	0.640	0.138	0.611	0.138	0.626
0.139	0.594	0.139	0.591	0.139	0.589
0.139	0.583	0.139	0.617	0.139	0.615
0.140	0.541	0.140	0.621	0.140	0.526
0.140	0.545	0.140	0.563	0.140	0.523
0.141	0.543	0.141	0.535	0.141	0.601
0.141	0.572	0.141	0.534	0.141	0.583
0.141	0.522	0.141	0.561	0.141	0.572
0.142	0.572	0.142	0.580	0.142	0.518
0.142	0.643	0.142	0.555	0.142	0.526
0.143	0.606	0.143	0.506	0.143	0.563
0.143	0.518	0.143	0.551	0.143	0.551
0.144	0.580	0.144	0.566	0.144	0.499
0.144	0.577	0.144	0.546	0.144	0.502
0.145	0.505	0.145	0.551	0.145	0.543
0.145	0.511	0.145	0.486	0.145	0.577
0.146	0.472	0.146	0.540	0.146	0.563
0.146	0.505	0.146	0.534	0.146	0.597
0.147	0.512	0.147	0.557	0.147	0.500
0.147	0.525	0.147	0.512	0.147	0.564
0.148	0.495	0.148	0.571	0.148	0.514
0.148	0.497	0.148	0.560	0.148	0.437
0.149	0.537	0.149	0.575	0.149	0.514
0.149	0.515	0.149	0.540	0.149	0.512
0.150	0.523	0.150	0.541	0.150	0.554
0.150	0.505	0.150	0.508	0.150	0.564
0.151	0.497	0.151	0.472	0.151	0.515
0.151	0.469	0.151	0.489	0.151	0.531
0.152	0.508	0.152	0.492	0.152	0.505
0.152	0.492	0.152	0.500	0.152	0.526
0.153	0.499	0.153	0.479	0.153	0.520
0.153	0.522	0.153	0.540	0.153	0.561
0.154	0.557	0.154	0.486	0.154	0.517
0.154	0.491	0.154	0.518	0.154	0.551
0.155	0.500	0.155	0.503	0.155	0.509
0.155	0.502	0.155	0.482	0.155	0.459
0.156	0.485	0.156	0.546	0.156	0.511
0.157	0.512	0.157	0.545	0.157	0.528
0.157	0.491	0.157	0.488	0.157	0.532
0.158	0.445	0.158	0.462	0.158	0.506
0.158	0.460	0.158	0.548	0.158	0.503
0.159	0.488	0.159	0.456	0.159	0.492
0.159	0.522	0.159	0.449	0.159	0.499
0.160	0.491	0.160	0.488	0.160	0.502
0.160	0.502	0.160	0.486	0.160	0.517
0.161	0.492	0.161	0.512	0.161	0.534
0.161	0.443	0.161	0.534	0.161	0.506
0.162	0.430	0.162	0.486	0.162	0.523
0.162	0.434	0.162	0.428	0.162	0.462
0.163	0.477	0.163	0.434	0.163	0.468
0.163	0.468	0.163	0.397	0.163	0.474
0.164	0.497	0.164	0.436	0.164	0.451
0.164	0.459	0.164	0.509	0.164	0.414
0.165	0.517	0.165	0.494	0.165	0.463
0.165	0.506	0.165	0.492	0.165	0.471
0.166	0.500	0.166	0.479	0.166	0.408
0.166	0.492	0.166	0.505	0.166	0.495
0.167	0.466	0.167	0.465	0.167	0.433
0.167	0.494	0.167	0.437	0.167	0.491
0.168	0.538	0.168	0.471	0.168	0.457
0.168	0.509	0.168	0.431	0.168	0.472
0.169	0.462	0.169	0.474	0.169	0.476
0.169	0.469	0.169	0.465	0.169	0.459
0.170	0.489	0.170	0.465	0.170	0.494
0.170	0.477	0.170	0.480	0.170	0.514
0.171	0.515	0.171	0.494	0.171	0.491
0.171	0.502	0.171	0.541	0.171	0.463
0.172	0.503	0.172	0.525	0.172	0.443
0.172	0.479	0.172	0.465	0.172	0.453
0.172	0.497	0.172	0.460	0.172	0.454
0.173	0.486	0.173	0.499	0.173	0.491
0.173	0.474	0.173	0.541	0.173	0.454
0.174	0.566	0.174	0.548	0.174	0.549
0.174	0.532	0.174	0.515	0.174	0.523
0.175	0.548	0.175	0.520	0.175	0.522
0.175	0.540	0.175	0.555	0.175	0.523
0.176	0.557	0.176	0.499	0.176	0.505
0.176	0.534	0.176	0.505	0.176	0.532
0.177	0.517	0.177	0.491	0.177	0.537
0.177	0.462	0.177	0.445	0.177	0.497
0.178	0.523	0.178	0.581	0.178	0.552
0.178	0.520	0.178	0.543	0.178	0.512
0.179	0.531	0.179	0.581	0.179	0.569
0.179	0.546	0.179	0.591	0.179	0.515
0.180	0.589	0.180	0.566	0.180	0.548
0.180	0.572	0.180	0.595	0.180	0.634
0.181	0.630	0.181	0.571	0.181	0.558
0.181	0.612	0.181	0.589	0.181	0.534
0.182	0.577	0.182	0.655	0.182	0.586
0.182	0.609	0.182	0.624	0.182	0.595
0.183	0.634	0.183	0.709	0.183	0.604
0.183	0.692	0.183	0.676	0.183	0.675
0.184	0.641	0.184	0.663	0.184	0.733
0.184	0.713	0.184	0.709	0.184	0.742
0.185	0.795	0.185	0.781	0.185	0.770
0.185	0.782	0.185	0.811	0.185	0.730
0.186	0.844	0.186	0.819	0.186	0.796
0.186	0.902	0.186	0.907	0.186	0.779
0.187	0.922	0.187	0.864	0.187	0.862
0.188	1.000	0.188	0.974	0.188	0.900
0.188	1.084	0.188	1.011	0.188	0.988
0.189	1.167	0.189	1.120	0.189	1.057
0.189	1.186	0.189	1.164	0.189	1.077
0.190	1.328	0.190	1.235	0.190	1.252
0.190	1.408	0.190	1.388	0.190	1.262
0.191	1.621	0.191	1.534	0.191	1.391
0.191	1.781	0.191	1.649	0.191	1.568
0.192	1.897	0.192	1.822	0.192	1.768
0.192	2.247	0.192	2.083	0.192	1.897
0.193	2.449	0.193	2.273	0.193	2.054
0.193	2.764	0.193	2.581	0.193	2.357
0.194	3.135	0.194	2.871	0.194	2.632
0.194	3.603	0.194	3.198	0.194	2.931
0.195	4.014	0.195	3.580	0.195	3.302
0.195	4.609	0.195	4.146	0.195	3.785
0.196	5.067	0.196	4.577	0.196	4.158
0.196	5.589	0.196	5.083	0.196	4.627
0.197	6.018	0.197	5.442	0.197	4.977
0.197	6.417	0.197	5.751	0.197	5.431
0.198	6.389	0.198	5.958	0.198	5.518
0.198	6.343	0.198	5.980	0.198	5.750
0.199	5.491	0.199	5.363	0.199	5.261
0.199	4.965	0.199	5.026	0.199	5.084
0.200	4.236	0.200	4.347	0.200	4.474
0.200	3.555	0.200	3.860	0.200	3.995
0.201	3.023	0.201	3.313	0.201	3.525
0.201	2.567	0.201	2.891	0.201	3.038
0.202	2.149	0.202	2.428	0.202	2.672
0.202	1.914	0.202	2.172	0.202	2.394
0.203	1.646	0.203	1.954	0.203	2.137
0.203	1.486	0.203	1.649	0.203	1.801
0.203	1.310	0.203	1.476	0.203	1.587
0.204	1.133	0.204	1.281	0.204	1.446
0.204	0.985	0.204	1.176	0.204	1.278
0.205	0.951	0.205	1.087	0.205	1.187
0.205	0.871	0.205	1.005	0.205	1.068
0.206	0.831	0.206	0.894	0.206	0.980
0.206	0.785	0.206	0.857	0.206	0.917
0.207	0.686	0.207	0.735	0.207	0.831
0.207	0.634	0.207	0.673	0.207	0.773
0.208	0.587	0.208	0.661	0.208	0.733
0.208	0.566	0.208	0.650	0.208	0.658
0.209	0.463	0.209	0.571	0.209	0.627
0.209	0.508	0.209	0.492	0.209	0.572
0.210	0.417	0.210	0.469	0.210	0.526
0.210	0.430	0.210	0.492	0.210	0.472
0.211	0.456	0.211	0.474	0.211	0.491
0.211	0.419	0.211	0.431	0.211	0.483
0.212	0.361	0.212	0.359	0.212	0.430
0.212	0.399	0.212	0.387	0.212	0.460
0.213	0.341	0.213	0.402	0.213	0.413
0.213	0.331	0.213	0.408	0.213	0.422
0.214	0.347	0.214	0.370	0.214	0.356
0.214	0.350	0.214	0.344	0.214	0.333
0.215	0.351	0.215	0.324	0.215	0.359
0.215	0.328	0.215	0.327	0.215	0.325
0.216	0.311	0.216	0.273	0.216	0.371
0.216	0.319	0.216	0.262	0.216	0.321
0.217	0.324	0.217	0.278	0.217	0.298
0.217	0.235	0.217	0.250	0.217	0.201
0.218	0.273	0.218	0.316	0.218	0.273
0.219	0.270	0.219	0.298	0.219	0.281
0.219	0.258	0.219	0.262	0.219	0.298
0.220	0.279	0.220	0.221	0.220	0.239
0.220	0.262	0.220	0.244	0.220	0.235
0.221	0.221	0.221	0.245	0.221	0.233
0.221	0.227	0.221	0.195	0.221	0.235
0.222	0.224	0.222	0.173	0.222	0.265
0.222	0.239	0.222	0.201	0.222	0.242
0.223	0.230	0.223	0.213	0.223	0.186
0.223	0.209	0.223	0.203	0.223	0.233
0.224	0.209	0.224	0.209	0.224	0.199
0.224	0.169	0.224	0.190	0.224	0.216
0.225	0.137	0.225	0.173	0.225	0.187
0.225	0.150	0.225	0.170	0.225	0.190
0.226	0.186	0.226	0.198	0.226	0.190
0.226	0.198	0.226	0.192	0.226	0.193
0.227	0.196	0.227	0.160	0.227	0.178
0.227	0.178	0.227	0.170	0.227	0.235
0.228	0.141	0.228	0.196	0.228	0.173
0.228	0.201	0.228	0.127	0.228	0.181
0.229	0.196	0.229	0.195	0.229	0.183
0.229	0.180	0.229	0.192	0.229	0.164
0.230	0.201	0.230	0.124	0.230	0.143
0.230	0.195	0.230	0.134	0.230	0.192
0.231	0.184	0.231	0.129	0.231	0.190
0.231	0.130	0.231	0.170	0.231	0.201
0.232	0.160	0.232	0.173	0.232	0.138
0.232	0.137	0.232	0.183	0.232	0.143
0.233	0.129	0.233	0.180	0.233	0.172
0.233	0.160	0.233	0.198	0.233	0.166
0.234	0.189	0.234	0.176	0.234	0.176
0.234	0.181	0.234	0.172	0.234	0.161
0.234	0.176	0.234	0.146	0.234	0.144
0.235	0.176	0.235	0.127	0.235	0.118
0.235	0.132	0.235	0.147	0.235	0.147
0.236	0.095	0.236	0.152	0.236	0.160
0.236	0.111	0.236	0.127	0.236	0.189
0.237	0.147	0.237	0.167	0.237	0.132
0.237	0.104	0.237	0.111	0.237	0.107
0.238	0.135	0.238	0.123	0.238	0.111
0.238	0.155	0.238	0.094	0.238	0.092
0.239	0.147	0.239	0.117	0.239	0.123
0.239	0.109	0.239	0.135	0.239	0.103
0.240	0.137	0.240	0.115	0.240	0.129
0.240	0.109	0.240	0.123	0.240	0.127
0.241	0.104	0.241	0.094	0.241	0.146
0.241	0.112	0.241	0.100	0.241	0.166
0.242	0.115	0.242	0.134	0.242	0.127
0.242	0.167	0.242	0.146	0.242	0.112
0.243	0.140	0.243	0.098	0.243	0.112
0.243	0.111	0.243	0.129	0.243	0.107
0.244	0.149	0.244	0.130	0.244	0.134
0.244	0.117	0.244	0.088	0.244	0.106
0.245	0.124	0.245	0.097	0.245	0.163
0.245	0.083	0.245	0.121	0.245	0.098
0.246	0.091	0.246	0.109	0.246	0.092
0.246	0.123	0.246	0.126	0.246	0.118
0.247	0.118	0.247	0.109	0.247	0.152
0.247	0.124	0.247	0.117	0.247	0.107
0.248	0.106	0.248	0.107	0.248	0.118
0.248	0.107	0.248	0.097	0.248	0.104
0.249	0.081	0.249	0.124	0.249	0.114
0.250	0.091	0.250	0.094	0.250	0.109
0.250	0.091	0.250	0.091	0.250	0.092
0.251	0.043	0.251	0.127	0.251	0.137
0.251	0.054	0.251	0.144	0.251	0.088
0.252	0.091	0.252	0.118	0.252	0.095
0.252	0.089	0.252	0.097	0.252	0.106
0.253	0.126	0.253	0.130	0.253	0.121
0.253	0.109	0.253	0.075	0.253	0.127
0.254	0.104	0.254	0.074	0.254	0.103
0.254	0.086	0.254	0.069	0.254	0.124
0.255	0.069	0.255	0.100	0.255	0.134
0.255	0.060	0.255	0.086	0.255	0.101
0.256	0.074	0.256	0.083	0.256	0.060
0.256	0.072	0.256	0.104	0.256	0.088
0.257	0.106	0.257	0.124	0.257	0.121
0.257	0.109	0.257	0.126	0.257	0.109
0.258	0.074	0.258	0.080	0.258	0.100
0.258	0.112	0.258	0.089	0.258	0.109
0.259	0.107	0.259	0.084	0.259	0.121
0.259	0.081	0.259	0.065	0.259	0.077
0.260	0.077	0.260	0.061	0.260	0.055
0.260	0.049	0.260	0.061	0.260	0.065
0.261	0.086	0.261	0.078	0.261	0.078
0.261	0.120	0.261	0.084	0.261	0.080
0.262	0.107	0.262	0.045	0.262	0.066
0.262	0.061	0.262	0.055	0.262	0.075
0.263	0.045	0.263	0.048	0.263	0.084
0.263	0.052	0.263	0.074	0.263	0.115
0.264	0.058	0.264	0.058	0.264	0.107
0.264	0.052	0.264	0.052	0.264	0.111
0.265	0.080	0.265	0.086	0.265	0.095
0.265	0.089	0.265	0.100	0.265	0.104
0.266	0.065	0.266	0.084	0.266	0.086
0.266	0.089	0.266	0.069	0.266	0.086
0.267	0.080	0.267	0.083	0.267	0.061
0.267	0.100	0.267	0.114	0.267	0.075
0.268	0.107	0.268	0.107	0.268	0.091
0.268	0.089	0.268	0.115	0.268	0.086
0.269	0.078	0.269	0.100	0.269	0.104
0.269	0.071	0.269	0.080	0.269	0.114
0.270	0.057	0.270	0.057	0.270	0.068
0.270	0.037	0.270	0.081	0.270	0.074
0.271	0.063	0.271	0.069	0.271	0.054
0.271	0.058	0.271	0.088	0.271	0.072
0.272	0.063	0.272	0.057	0.272	0.123
0.272	0.071	0.272	0.094	0.272	0.071
0.273	0.061	0.273	0.107	0.273	0.083
0.273	0.081	0.273	0.080	0.273	0.078
0.274	0.098	0.274	0.060	0.274	0.106
0.274	0.107	0.274	0.052	0.274	0.089
0.275	0.083	0.275	0.072	0.275	0.057
0.275	0.065	0.275	0.095	0.275	0.095
0.276	0.074	0.276	0.095	0.276	0.106
0.276	0.072	0.276	0.109	0.276	0.068
0.277	0.112	0.277	0.091	0.277	0.115
0.277	0.065	0.277	0.095	0.277	0.086
0.278	0.060	0.278	0.086	0.278	0.098
0.278	0.103	0.278	0.109	0.278	0.101
0.279	0.078	0.279	0.061	0.279	0.120
0.279	0.057	0.279	0.104	0.279	0.095
0.280	0.054	0.280	0.078	0.280	0.048
0.280	0.077	0.280	0.101	0.280	0.043
0.281	0.042	0.281	0.115	0.281	0.115
0.281	0.072	0.281	0.081	0.281	0.066
0.281	0.058	0.281	0.109	0.281	0.083
0.282	0.072	0.282	0.061	0.282	0.025
0.282	0.081	0.282	0.055	0.282	0.060
0.283	0.068	0.283	0.080	0.283	0.075
0.283	0.034	0.283	0.114	0.283	0.091
0.284	0.055	0.284	0.095	0.284	0.094
0.284	0.052	0.284	0.100	0.284	0.111
0.285	0.100	0.285	0.081	0.285	0.107
0.285	0.098	0.285	0.083	0.285	0.084
0.286	0.118	0.286	0.118	0.286	0.066
0.286	0.072	0.286	0.114	0.286	0.101
0.287	0.072	0.287	0.103	0.287	0.120
0.287	0.072	0.287	0.111	0.287	0.084
0.288	0.058	0.288	0.101	0.288	0.084
0.288	0.061	0.288	0.106	0.288	0.089
0.289	0.072	0.289	0.092	0.289	0.063
0.289	0.074	0.289	0.126	0.289	0.058
0.290	0.104	0.290	0.092	0.290	0.091
0.290	0.107	0.290	0.063	0.290	0.068
0.291	0.092	0.291	0.097	0.291	0.094
0.291	0.054	0.291	0.055	0.291	0.100
0.292	0.074	0.292	0.052	0.292	0.080
0.292	0.051	0.292	0.055	0.292	0.071
0.293	0.072	0.293	0.068	0.293	0.051
0.293	0.100	0.293	0.061	0.293	0.072
0.294	0.103	0.294	0.095	0.294	0.088
0.294	0.071	0.294	0.101	0.294	0.104
0.295	0.095	0.295	0.101	0.295	0.104
0.295	0.083	0.295	0.106	0.295	0.095
0.296	0.084	0.296	0.049	0.296	0.086
0.296	0.075	0.296	0.061	0.296	0.083
0.297	0.103	0.297	0.063	0.297	0.078
0.297	0.086	0.297	0.068	0.297	0.037
0.298	0.069	0.298	0.101	0.298	0.072
0.298	0.092	0.298	0.137	0.298	0.054
0.299	0.083	0.299	0.095	0.299	0.061
0.299	0.037	0.299	0.086	0.299	0.106
0.300	0.049	0.300	0.092	0.300	0.109
0.300	0.095	0.300	0.065	0.300	0.094
0.301	0.107	0.301	0.061	0.301	0.084
0.301	0.104	0.301	0.061	0.301	0.069
0.302	0.054	0.302	0.045	0.302	0.075
0.302	0.061	0.302	0.066	0.302	0.086
0.303	0.043	0.303	0.077	0.303	0.107
0.303	0.072	0.303	0.058	0.303	0.094
0.304	0.100	0.304	0.049	0.304	0.115
0.304	0.118	0.304	0.074	0.304	0.120
0.305	0.101	0.305	0.104	0.305	0.097
0.305	0.084	0.305	0.100	0.305	0.117
0.306	0.100	0.306	0.042	0.306	0.115
0.306	0.074	0.306	0.063	0.306	0.091
0.307	0.091	0.307	0.061	0.307	0.097
0.307	0.035	0.307	0.074	0.307	0.066
0.308	0.061	0.308	0.114	0.308	0.071
0.308	0.112	0.308	0.098	0.308	0.061
0.309	0.138	0.309	0.124	0.309	0.075
0.309	0.114	0.309	0.084	0.309	0.088
0.310	0.100	0.310	0.098	0.310	0.095
0.310	0.075	0.310	0.043	0.310	0.095
0.311	0.065	0.311	0.075	0.311	0.104
0.311	0.066	0.311	0.075	0.311	0.083
0.312	0.055	0.312	0.069	0.312	0.068
0.313	0.069	0.313	0.075	0.313	0.077
0.313	0.052	0.313	0.101	0.313	0.072
0.314	0.092	0.314	0.112	0.314	0.100
0.314	0.091	0.314	0.123	0.314	0.078
0.315	0.111	0.315	0.080	0.315	0.065
0.315	0.107	0.315	0.083	0.315	0.083
0.316	0.115	0.316	0.121	0.316	0.094
0.316	0.118	0.316	0.112	0.316	0.084
0.317	0.123	0.317	0.083	0.317	0.127
0.317	0.089	0.317	0.091	0.317	0.129
0.318	0.083	0.318	0.057	0.318	0.077
0.318	0.086	0.318	0.081	0.318	0.061
0.319	0.075	0.319	0.091	0.319	0.068
0.319	0.112	0.319	0.074	0.319	0.095
0.320	0.091	0.320	0.072	0.320	0.084
0.320	0.120	0.320	0.117	0.320	0.061
0.321	0.111	0.321	0.081	0.321	0.091
0.321	0.100	0.321	0.092	0.321	0.117
0.322	0.121	0.322	0.104	0.322	0.149
0.322	0.111	0.322	0.114	0.322	0.098
0.323	0.107	0.323	0.121	0.323	0.094
0.323	0.063	0.323	0.130	0.323	0.115
0.324	0.088	0.324	0.127	0.324	0.098
0.324	0.083	0.324	0.106	0.324	0.138
0.325	0.083	0.325	0.094	0.325	0.107
0.325	0.114	0.325	0.078	0.325	0.089
0.326	0.075	0.326	0.075	0.326	0.069
0.326	0.132	0.326	0.092	0.326	0.091
0.327	0.149	0.327	0.106	0.327	0.109
0.327	0.088	0.327	0.069	0.327	0.092
0.328	0.066	0.328	0.088	0.328	0.075
0.328	0.143	0.328	0.120	0.328	0.088
0.329	0.124	0.329	0.091	0.329	0.100
0.329	0.103	0.329	0.083	0.329	0.130
0.330	0.111	0.330	0.091	0.330	0.137
0.330	0.091	0.330	0.107	0.330	0.120
0.331	0.140	0.331	0.071	0.331	0.135
0.331	0.112	0.331	0.104	0.331	0.146
0.332	0.074	0.332	0.074	0.332	0.126
0.332	0.086	0.332	0.084	0.332	0.111
0.333	0.057	0.333	0.114	0.333	0.098
0.333	0.086	0.333	0.118	0.333	0.103
0.334	0.121	0.334	0.081	0.334	0.134
0.334	0.074	0.334	0.054	0.334	0.118
0.335	0.157	0.335	0.083	0.335	0.097
0.335	0.092	0.335	0.111	0.335	0.068
0.336	0.092	0.336	0.172	0.336	0.106
0.336	0.109	0.336	0.106	0.336	0.138
0.337	0.117	0.337	0.109	0.337	0.084
0.337	0.081	0.337	0.097	0.337	0.109
0.338	0.092	0.338	0.140	0.338	0.091
0.338	0.084	0.338	0.158	0.338	0.134
0.339	0.080	0.339	0.123	0.339	0.118
0.339	0.089	0.339	0.127	0.339	0.106
0.340	0.084	0.340	0.084	0.340	0.080
0.340	0.126	0.340	0.097	0.340	0.112
0.341	0.111	0.341	0.120	0.341	0.121
0.341	0.152	0.341	0.155	0.341	0.106
0.342	0.094	0.342	0.101	0.342	0.127
0.342	0.138	0.342	0.118	0.342	0.127
0.343	0.170	0.343	0.141	0.343	0.137
0.343	0.178	0.343	0.146	0.343	0.126
0.344	0.150	0.344	0.149	0.344	0.130
0.344	0.152	0.344	0.123	0.344	0.127
0.344	0.143	0.344	0.098	0.344	0.169
0.345	0.121	0.345	0.120	0.345	0.157
0.345	0.112	0.345	0.127	0.345	0.112
0.346	0.117	0.346	0.114	0.346	0.118
0.346	0.104	0.346	0.129	0.346	0.132
0.347	0.140	0.347	0.180	0.347	0.121
0.347	0.155	0.347	0.130	0.347	0.137
0.348	0.137	0.348	0.126	0.348	0.100
0.348	0.107	0.348	0.117	0.348	0.115
0.349	0.107	0.349	0.134	0.349	0.086
0.349	0.144	0.349	0.080	0.349	0.111
0.350	0.127	0.350	0.123	0.350	0.143
0.350	0.135	0.350	0.152	0.350	0.137
0.351	0.143	0.351	0.149	0.351	0.126
0.351	0.094	0.351	0.132	0.351	0.140
0.352	0.135	0.352	0.163	0.352	0.129
0.352	0.120	0.352	0.157	0.352	0.120
0.353	0.097	0.353	0.129	0.353	0.173
0.353	0.137	0.353	0.146	0.353	0.180
0.354	0.118	0.354	0.138	0.354	0.175
0.354	0.118	0.354	0.160	0.354	0.120
0.355	0.127	0.355	0.123	0.355	0.144
0.355	0.204	0.355	0.129	0.355	0.100
0.356	0.178	0.356	0.130	0.356	0.134
0.356	0.160	0.356	0.164	0.356	0.161
0.357	0.172	0.357	0.111	0.357	0.107
0.357	0.172	0.357	0.166	0.357	0.135
0.358	0.114	0.358	0.176	0.358	0.169
0.358	0.124	0.358	0.111	0.358	0.164
0.359	0.138	0.359	0.166	0.359	0.157
0.359	0.109	0.359	0.164	0.359	0.153
0.360	0.216	0.360	0.150	0.360	0.166
0.360	0.155	0.360	0.153	0.360	0.117
0.361	0.163	0.361	0.189	0.361	0.126
0.361	0.193	0.361	0.195	0.361	0.143
0.362	0.170	0.362	0.157	0.362	0.186
0.362	0.127	0.362	0.170	0.362	0.212
0.363	0.169	0.363	0.141	0.363	0.155
0.363	0.181	0.363	0.170	0.363	0.169
0.364	0.195	0.364	0.160	0.364	0.129
0.364	0.192	0.364	0.158	0.364	0.160
0.365	0.201	0.365	0.183	0.365	0.210
0.365	0.178	0.365	0.170	0.365	0.175
0.366	0.175	0.366	0.219	0.366	0.149
0.366	0.163	0.366	0.213	0.366	0.152
0.367	0.155	0.367	0.216	0.367	0.175
0.367	0.198	0.367	0.183	0.367	0.195
0.368	0.183	0.368	0.183	0.368	0.164
0.368	0.164	0.368	0.196	0.368	0.163
0.369	0.193	0.369	0.213	0.369	0.161
0.369	0.209	0.369	0.196	0.369	0.195
0.370	0.218	0.370	0.193	0.370	0.204
0.370	0.187	0.370	0.140	0.370	0.169
0.371	0.183	0.371	0.153	0.371	0.146
0.371	0.193	0.371	0.153	0.371	0.150
0.372	0.153	0.372	0.144	0.372	0.180
0.372	0.160	0.372	0.199	0.372	0.173
0.373	0.140	0.373	0.203	0.373	0.201
0.373	0.181	0.373	0.244	0.373	0.196
0.374	0.167	0.374	0.203	0.374	0.181
0.375	0.229	0.375	0.189	0.375	0.216
0.375	0.216	0.375	0.173	0.375	0.196
0.376	0.199	0.376	0.166	0.376	0.172
0.376	0.201	0.376	0.150	0.376	0.224
0.377	0.144	0.377	0.183	0.377	0.172
0.377	0.224	0.377	0.149	0.377	0.161
0.378	0.124	0.378	0.192	0.378	0.134
0.378	0.190	0.378	0.239	0.378	0.176
0.379	0.201	0.379	0.138	0.379	0.183
0.379	0.216	0.379	0.198	0.379	0.184
0.380	0.172	0.380	0.193	0.380	0.192
0.380	0.155	0.380	0.176	0.380	0.235
0.381	0.199	0.381	0.196	0.381	0.213
0.381	0.226	0.381	0.198	0.381	0.193
0.382	0.209	0.382	0.172	0.382	0.226
0.382	0.207	0.382	0.167	0.382	0.239
0.383	0.221	0.383	0.186	0.383	0.232
0.383	0.195	0.383	0.175	0.383	0.216
0.384	0.261	0.384	0.227	0.384	0.196
0.384	0.250	0.384	0.233	0.384	0.215
0.385	0.226	0.385	0.172	0.385	0.219
0.385	0.212	0.385	0.229	0.385	0.247
0.386	0.198	0.386	0.235	0.386	0.224
0.386	0.207	0.386	0.216	0.386	0.180
0.387	0.209	0.387	0.249	0.387	0.166
0.387	0.189	0.387	0.262	0.387	0.203
0.388	0.232	0.388	0.242	0.388	0.218
0.388	0.229	0.388	0.235	0.388	0.275
0.389	0.209	0.389	0.210	0.389	0.252
0.389	0.226	0.389	0.255	0.389	0.190
0.390	0.210	0.390	0.275	0.390	0.229
0.390	0.193	0.390	0.245	0.390	0.226
0.391	0.245	0.391	0.242	0.391	0.244
0.391	0.230	0.391	0.242	0.391	0.249
0.392	0.236	0.392	0.204	0.392	0.276
0.392	0.226	0.392	0.221	0.392	0.207
0.393	0.247	0.393	0.201	0.393	0.187
0.393	0.242	0.393	0.221	0.393	0.245
0.394	0.267	0.394	0.229	0.394	0.276
0.394	0.230	0.394	0.279	0.394	0.276
0.395	0.273	0.395	0.288	0.395	0.256
0.395	0.227	0.395	0.242	0.395	0.272
0.396	0.216	0.396	0.256	0.396	0.249
0.396	0.226	0.396	0.278	0.396	0.242
0.397	0.267	0.397	0.245	0.397	0.207
0.397	0.253	0.397	0.221	0.397	0.226
0.398	0.192	0.398	0.215	0.398	0.196
0.398	0.244	0.398	0.259	0.398	0.256
0.399	0.226	0.399	0.275	0.399	0.196
0.399	0.227	0.399	0.230	0.399	0.242
0.400	0.268	0.400	0.247	0.400	0.315
0.400	0.287	0.400	0.193	0.400	0.245
0.401	0.298	0.401	0.218	0.401	0.265
0.401	0.250	0.401	0.241	0.401	0.282
0.402	0.282	0.402	0.218	0.402	0.250
0.402	0.281	0.402	0.253	0.402	0.288
0.403	0.279	0.403	0.291	0.403	0.242
0.403	0.265	0.403	0.238	0.403	0.262
0.404	0.249	0.404	0.244	0.404	0.284
0.404	0.230	0.404	0.252	0.404	0.288
0.405	0.270	0.405	0.219	0.405	0.235
0.405	0.262	0.405	0.198	0.405	0.222
0.406	0.293	0.406	0.206	0.406	0.267
0.406	0.268	0.406	0.236	0.406	0.235
0.406	0.218	0.406	0.288	0.406	0.253
0.407	0.281	0.407	0.252	0.407	0.221
0.407	0.288	0.407	0.219	0.407	0.235
0.408	0.232	0.408	0.239	0.408	0.245
0.408	0.249	0.408	0.227	0.408	0.256
0.409	0.250	0.409	0.255	0.409	0.259
0.409	0.299	0.409	0.259	0.409	0.296
0.410	0.301	0.410	0.291	0.410	0.267
0.410	0.311	0.410	0.293	0.410	0.290
0.411	0.259	0.411	0.233	0.411	0.293
0.411	0.244	0.411	0.275	0.411	0.281
0.412	0.258	0.412	0.224	0.412	0.278
0.412	0.258	0.412	0.255	0.412	0.304
0.413	0.226	0.413	0.259	0.413	0.318
0.413	0.253	0.413	0.239	0.413	0.291
0.414	0.264	0.414	0.238	0.414	0.261
0.414	0.265	0.414	0.293	0.414	0.270
0.415	0.285	0.415	0.291	0.415	0.287
0.415	0.268	0.415	0.302	0.415	0.261
0.416	0.258	0.416	0.318	0.416	0.259
0.416	0.279	0.416	0.298	0.416	0.242
0.417	0.261	0.417	0.227	0.417	0.221
0.417	0.255	0.417	0.238	0.417	0.287
0.418	0.302	0.418	0.318	0.418	0.273
0.418	0.287	0.418	0.284	0.418	0.249
0.419	0.305	0.419	0.259	0.419	0.224
0.419	0.316	0.419	0.253	0.419	0.258
0.420	0.287	0.420	0.235	0.420	0.265
0.420	0.241	0.420	0.247	0.420	0.279
0.421	0.255	0.421	0.270	0.421	0.270
0.421	0.307	0.421	0.276	0.421	0.307
0.422	0.267	0.422	0.298	0.422	0.293
0.422	0.296	0.422	0.304	0.422	0.279
0.423	0.276	0.423	0.321	0.423	0.287
0.423	0.318	0.423	0.299	0.423	0.255
0.424	0.299	0.424	0.295	0.424	0.229
0.424	0.252	0.424	0.224	0.424	0.255
0.425	0.233	0.425	0.267	0.425	0.316
0.425	0.239	0.425	0.275	0.425	0.229
0.426	0.216	0.426	0.284	0.426	0.276
0.426	0.255	0.426	0.291	0.426	0.298
0.427	0.268	0.427	0.295	0.427	0.245
0.427	0.304	0.427	0.275	0.427	0.253
0.428	0.296	0.428	0.315	0.428	0.299
0.428	0.264	0.428	0.256	0.428	0.302
0.429	0.278	0.429	0.301	0.429	0.328
0.429	0.261	0.429	0.258	0.429	0.296
0.430	0.261	0.430	0.310	0.430	0.325
0.430	0.307	0.430	0.262	0.430	0.219
0.431	0.287	0.431	0.295	0.431	0.267
0.431	0.295	0.431	0.250	0.431	0.285
0.432	0.307	0.432	0.227	0.432	0.244
0.432	0.285	0.432	0.275	0.432	0.267
0.433	0.245	0.433	0.259	0.433	0.265
0.433	0.268	0.433	0.307	0.433	0.261
0.434	0.324	0.434	0.290	0.434	0.322
0.434	0.307	0.434	0.279	0.434	0.281
0.435	0.322	0.435	0.265	0.435	0.275
0.435	0.284	0.435	0.236	0.435	0.298
0.436	0.296	0.436	0.244	0.436	0.295
0.436	0.256	0.436	0.278	0.436	0.285
0.437	0.244	0.437	0.291	0.437	0.259
0.438	0.253	0.438	0.281	0.438	0.253
0.438	0.247	0.438	0.293	0.438	0.304
0.439	0.242	0.439	0.233	0.439	0.267
0.439	0.256	0.439	0.255	0.439	0.276
0.440	0.299	0.440	0.270	0.440	0.262
0.440	0.341	0.440	0.313	0.440	0.261
0.441	0.278	0.441	0.242	0.441	0.236
0.441	0.310	0.441	0.265	0.441	0.247
0.442	0.296	0.442	0.242	0.442	0.264
0.442	0.310	0.442	0.252	0.442	0.235
0.443	0.247	0.443	0.328	0.443	0.255
0.443	0.218	0.443	0.321	0.443	0.262
0.444	0.245	0.444	0.285	0.444	0.258
0.444	0.308	0.444	0.259	0.444	0.267
0.445	0.298	0.445	0.215	0.445	0.253
0.445	0.288	0.445	0.247	0.445	0.270
0.446	0.315	0.446	0.213	0.446	0.252
0.446	0.265	0.446	0.264	0.446	0.249
0.447	0.304	0.447	0.259	0.447	0.282
0.447	0.276	0.447	0.308	0.447	0.239
0.448	0.230	0.448	0.299	0.448	0.250
0.448	0.242	0.448	0.249	0.448	0.270
0.449	0.239	0.449	0.219	0.449	0.272
0.449	0.249	0.449	0.264	0.449	0.233
0.450	0.265	0.450	0.272	0.450	0.249
0.450	0.302	0.450	0.256	0.450	0.245
0.451	0.311	0.451	0.244	0.451	0.235
0.451	0.295	0.451	0.267	0.451	0.275
0.452	0.262	0.452	0.230	0.452	0.291
0.452	0.302	0.452	0.255	0.452	0.227
0.453	0.301	0.453	0.324	0.453	0.272
0.453	0.230	0.453	0.239	0.453	0.275
0.454	0.249	0.454	0.285	0.454	0.241
0.454	0.262	0.454	0.276	0.454	0.278
0.455	0.264	0.455	0.264	0.455	0.304
0.455	0.221	0.455	0.247	0.455	0.249
0.456	0.249	0.456	0.267	0.456	0.278
0.456	0.272	0.456	0.230	0.456	0.244
0.457	0.247	0.457	0.244	0.457	0.278
0.457	0.227	0.457	0.281	0.457	0.281
0.458	0.221	0.458	0.256	0.458	0.264
0.458	0.250	0.458	0.262	0.458	0.310
0.459	0.235	0.459	0.216	0.459	0.270
0.459	0.235	0.459	0.235	0.459	0.273
0.460	0.276	0.460	0.255	0.460	0.244
0.460	0.284	0.460	0.270	0.460	0.239
0.461	0.305	0.461	0.307	0.461	0.298
0.461	0.255	0.461	0.272	0.461	0.276
0.462	0.232	0.462	0.199	0.462	0.275
0.462	0.233	0.462	0.210	0.462	0.281
0.463	0.250	0.463	0.241	0.463	0.267
0.463	0.235	0.463	0.288	0.463	0.282
0.464	0.244	0.464	0.276	0.464	0.273
0.464	0.224	0.464	0.281	0.464	0.264
0.465	0.261	0.465	0.252	0.465	0.305
0.465	0.275	0.465	0.272	0.465	0.270
0.466	0.281	0.466	0.242	0.466	0.262
0.466	0.253	0.466	0.259	0.466	0.252
0.467	0.244	0.467	0.293	0.467	0.232
0.467	0.224	0.467	0.261	0.467	0.212
0.468	0.221	0.468	0.281	0.468	0.226
0.468	0.206	0.468	0.236	0.468	0.245
0.469	0.210	0.469	0.265	0.469	0.222
0.469	0.252	0.469	0.235	0.469	0.252
0.469	0.252	0.469	0.229	0.469	0.222
0.470	0.242	0.470	0.226	0.470	0.230
0.470	0.232	0.470	0.230	0.470	0.238
0.471	0.273	0.471	0.268	0.471	0.287
0.471	0.247	0.471	0.264	0.471	0.296
0.472	0.262	0.472	0.256	0.472	0.273
0.472	0.226	0.472	0.250	0.472	0.276
0.473	0.192	0.473	0.249	0.473	0.261
0.473	0.193	0.473	0.235	0.473	0.195
0.474	0.210	0.474	0.245	0.474	0.210
0.474	0.212	0.474	0.264	0.474	0.247
0.475	0.256	0.475	0.232	0.475	0.258
0.475	0.239	0.475	0.253	0.475	0.224
0.476	0.235	0.476	0.261	0.476	0.221
0.476	0.279	0.476	0.256	0.476	0.215
0.477	0.245	0.477	0.255	0.477	0.204
0.477	0.153	0.477	0.213	0.477	0.157
0.478	0.201	0.478	0.287	0.478	0.219
0.478	0.212	0.478	0.226	0.478	0.247
0.479	0.261	0.479	0.209	0.479	0.245
0.479	0.239	0.479	0.213	0.479	0.210
0.480	0.219	0.480	0.172	0.480	0.256
0.480	0.186	0.480	0.233	0.480	0.262
0.481	0.173	0.481	0.206	0.481	0.233
0.481	0.204	0.481	0.199	0.481	0.207
0.482	0.244	0.482	0.189	0.482	0.230
0.482	0.233	0.482	0.181	0.482	0.210
0.483	0.203	0.483	0.181	0.483	0.226
0.483	0.190	0.483	0.164	0.483	0.222
0.484	0.229	0.484	0.158	0.484	0.252
0.484	0.192	0.484	0.176	0.484	0.215
0.485	0.199	0.485	0.176	0.485	0.236
0.485	0.235	0.485	0.195	0.485	0.239
0.486	0.242	0.486	0.222	0.486	0.215
0.486	0.253	0.486	0.175	0.486	0.216
0.487	0.242	0.487	0.167	0.487	0.226
0.487	0.236	0.487	0.209	0.487	0.224
0.488	0.215	0.488	0.207	0.488	0.183
0.488	0.153	0.488	0.206	0.488	0.169
0.489	0.170	0.489	0.155	0.489	0.181
0.489	0.146	0.489	0.219	0.489	0.204
0.490	0.170	0.490	0.229	0.490	0.219
0.490	0.166	0.490	0.224	0.490	0.218
0.491	0.222	0.491	0.226	0.491	0.252
0.491	0.201	0.491	0.222	0.491	0.186
0.492	0.239	0.492	0.164	0.492	0.227
0.492	0.190	0.492	0.181	0.492	0.227
0.493	0.161	0.493	0.218	0.493	0.226
0.493	0.216	0.493	0.221	0.493	0.207
0.494	0.203	0.494	0.232	0.494	0.224
0.494	0.207	0.494	0.216	0.494	0.219
0.495	0.183	0.495	0.204	0.495	0.172
0.495	0.158	0.495	0.178	0.495	0.203
0.496	0.155	0.496	0.239	0.496	0.186
0.496	0.178	0.496	0.187	0.496	0.213
0.497	0.216	0.497	0.166	0.497	0.221
0.497	0.143	0.497	0.153	0.497	0.146
0.498	0.163	0.498	0.232	0.498	0.180
0.498	0.189	0.498	0.181	0.498	0.178
0.499	0.204	0.499	0.190	0.499	0.184
0.500	0.172	0.500	0.227	0.500	0.206
0.500	0.127	0.500	0.210	0.500	0.169
0.500	0.203	0.500	0.180	0.500	0.195
0.501	0.204	0.501	0.163	0.501	0.178
0.501	0.218	0.501	0.189	0.501	0.178
0.502	0.155	0.502	0.172	0.502	0.176
0.502	0.178	0.502	0.166	0.502	0.216
0.503	0.126	0.503	0.173	0.503	0.207
0.503	0.170	0.503	0.173	0.503	0.212
0.504	0.129	0.504	0.198	0.504	0.215
0.504	0.130	0.504	0.167	0.504	0.203
0.505	0.138	0.505	0.176	0.505	0.176
0.505	0.140	0.505	0.132	0.505	0.147
0.506	0.170	0.506	0.138	0.506	0.147
0.506	0.193	0.506	0.143	0.506	0.181
0.507	0.169	0.507	0.147	0.507	0.195
0.507	0.138	0.507	0.134	0.507	0.157
0.508	0.189	0.508	0.169	0.508	0.187
0.508	0.183	0.508	0.210	0.508	0.193
0.509	0.207	0.509	0.158	0.509	0.169
0.509	0.187	0.509	0.166	0.509	0.189
0.510	0.167	0.510	0.150	0.510	0.176
0.510	0.184	0.510	0.178	0.510	0.146
0.511	0.190	0.511	0.167	0.511	0.175
0.511	0.169	0.511	0.178	0.511	0.183
0.512	0.161	0.512	0.166	0.512	0.192
0.512	0.167	0.512	0.143	0.512	0.155
0.513	0.167	0.513	0.186	0.513	0.167
0.513	0.196	0.513	0.172	0.513	0.149
0.514	0.218	0.514	0.163	0.514	0.152
0.514	0.195	0.514	0.192	0.514	0.170
0.515	0.190	0.515	0.118	0.515	0.195
0.515	0.138	0.515	0.118	0.515	0.189
0.516	0.181	0.516	0.141	0.516	0.146
0.516	0.164	0.516	0.137	0.516	0.187
0.517	0.135	0.517	0.138	0.517	0.173
0.517	0.114	0.517	0.150	0.517	0.144
0.518	0.178	0.518	0.175	0.518	0.147
0.518	0.187	0.518	0.192	0.518	0.126
0.519	0.153	0.519	0.189	0.519	0.129
0.519	0.169	0.519	0.175	0.519	0.173
0.520	0.149	0.520	0.153	0.520	0.141
0.520	0.134	0.520	0.158	0.520	0.155
0.521	0.161	0.521	0.107	0.521	0.187
0.521	0.132	0.521	0.127	0.521	0.163
0.522	0.140	0.522	0.135	0.522	0.137
0.522	0.169	0.522	0.166	0.522	0.170
0.523	0.138	0.523	0.192	0.523	0.161
0.523	0.153	0.523	0.207	0.523	0.164
0.524	0.123	0.524	0.187	0.524	0.193
0.524	0.140	0.524	0.184	0.524	0.195
0.525	0.203	0.525	0.193	0.525	0.180
0.525	0.209	0.525	0.172	0.525	0.147
0.526	0.203	0.526	0.137	0.526	0.164
0.526	0.196	0.526	0.140	0.526	0.135
0.527	0.192	0.527	0.144	0.527	0.164
0.527	0.189	0.527	0.144	0.527	0.173
0.528	0.141	0.528	0.170	0.528	0.190
0.528	0.146	0.528	0.158	0.528	0.192
0.529	0.150	0.529	0.186	0.529	0.155
0.529	0.164	0.529	0.152	0.529	0.118
0.530	0.164	0.530	0.158	0.530	0.135
0.530	0.144	0.530	0.166	0.530	0.172
0.531	0.161	0.531	0.170	0.531	0.167
0.531	0.166	0.531	0.152	0.531	0.187
0.532	0.147	0.532	0.137	0.532	0.163
0.532	0.164	0.532	0.167	0.532	0.152
0.533	0.161	0.533	0.178	0.533	0.134
0.533	0.114	0.533	0.144	0.533	0.155
0.534	0.149	0.534	0.150	0.534	0.158
0.534	0.127	0.534	0.167	0.534	0.149
0.535	0.115	0.535	0.143	0.535	0.164
0.535	0.149	0.535	0.126	0.535	0.152
0.536	0.118	0.536	0.184	0.536	0.132
0.536	0.157	0.536	0.147	0.536	0.127
0.537	0.141	0.537	0.104	0.537	0.155
0.537	0.129	0.537	0.117	0.537	0.095
0.538	0.144	0.538	0.140	0.538	0.137
0.538	0.129	0.538	0.140	0.538	0.153
0.539	0.138	0.539	0.184	0.539	0.172
0.539	0.120	0.539	0.120	0.539	0.143
0.540	0.123	0.540	0.132	0.540	0.146
0.540	0.114	0.540	0.104	0.540	0.124
0.541	0.137	0.541	0.158	0.541	0.114
0.541	0.135	0.541	0.144	0.541	0.127
0.542	0.152	0.542	0.126	0.542	0.164
0.542	0.152	0.542	0.158	0.542	0.160
0.543	0.146	0.543	0.147	0.543	0.181
0.543	0.149	0.543	0.158	0.543	0.164
0.544	0.163	0.544	0.146	0.544	0.121
0.544	0.121	0.544	0.124	0.544	0.111
0.545	0.184	0.545	0.088	0.545	0.140
0.545	0.120	0.545	0.123	0.545	0.147
0.546	0.114	0.546	0.117	0.546	0.163
0.546	0.123	0.546	0.170	0.546	0.114
0.547	0.121	0.547	0.176	0.547	0.141
0.547	0.138	0.547	0.144	0.547	0.153
0.548	0.092	0.548	0.120	0.548	0.160
0.548	0.106	0.548	0.140	0.548	0.164
0.549	0.097	0.549	0.103	0.549	0.117
0.549	0.114	0.549	0.146	0.549	0.149
0.550	0.127	0.550	0.135	0.550	0.166
0.550	0.163	0.550	0.140	0.550	0.160
0.551	0.157	0.551	0.152	0.551	0.130
0.551	0.141	0.551	0.146	0.551	0.117
0.552	0.120	0.552	0.109	0.552	0.111
0.552	0.124	0.552	0.100	0.552	0.118
0.553	0.083	0.553	0.106	0.553	0.092
0.553	0.086	0.553	0.117	0.553	0.164
0.554	0.115	0.554	0.134	0.554	0.141
0.554	0.107	0.554	0.114	0.554	0.115
0.555	0.132	0.555	0.149	0.555	0.132
0.555	0.107	0.555	0.140	0.555	0.146
0.556	0.160	0.556	0.115	0.556	0.115
0.556	0.111	0.556	0.152	0.556	0.138
0.557	0.135	0.557	0.153	0.557	0.161
0.557	0.098	0.557	0.140	0.557	0.153
0.558	0.104	0.558	0.169	0.558	0.135
0.558	0.153	0.558	0.144	0.558	0.123
0.559	0.147	0.559	0.118	0.559	0.117
0.559	0.166	0.559	0.135	0.559	0.123
0.560	0.167	0.560	0.134	0.560	0.132
0.560	0.112	0.560	0.167	0.560	0.163
0.561	0.118	0.561	0.144	0.561	0.111
0.561	0.143	0.561	0.126	0.561	0.109
0.562	0.129	0.562	0.106	0.562	0.100
0.563	0.164	0.563	0.114	0.563	0.126
0.563	0.130	0.563	0.107	0.563	0.160
0.564	0.144	0.564	0.140	0.564	0.153
0.564	0.081	0.564	0.141	0.564	0.138
0.565	0.106	0.565	0.132	0.565	0.138
0.565	0.089	0.565	0.109	0.565	0.111
0.566	0.092	0.566	0.104	0.566	0.112
0.566	0.117	0.566	0.129	0.566	0.146
0.567	0.092	0.567	0.114	0.567	0.135
0.567	0.126	0.567	0.141	0.567	0.121
0.568	0.115	0.568	0.163	0.568	0.124
0.568	0.123	0.568	0.132	0.568	0.109
0.569	0.103	0.569	0.140	0.569	0.114
0.569	0.095	0.569	0.109	0.569	0.103
0.570	0.121	0.570	0.104	0.570	0.173
0.570	0.127	0.570	0.138	0.570	0.144
0.571	0.097	0.571	0.127	0.571	0.153
0.571	0.118	0.571	0.124	0.571	0.141
0.572	0.127	0.572	0.146	0.572	0.115
0.572	0.103	0.572	0.153	0.572	0.127
0.573	0.086	0.573	0.130	0.573	0.135
0.573	0.117	0.573	0.112	0.573	0.164
0.574	0.150	0.574	0.098	0.574	0.111
0.574	0.155	0.574	0.088	0.574	0.100
0.575	0.129	0.575	0.100	0.575	0.107
0.575	0.120	0.575	0.130	0.575	0.153
0.576	0.163	0.576	0.135	0.576	0.137
0.576	0.118	0.576	0.138	0.576	0.115
0.577	0.112	0.577	0.124	0.577	0.134
0.577	0.077	0.577	0.140	0.577	0.101
0.578	0.100	0.578	0.081	0.578	0.086
0.578	0.104	0.578	0.107	0.578	0.140
0.579	0.103	0.579	0.097	0.579	0.126
0.579	0.103	0.579	0.118	0.579	0.144
0.580	0.086	0.580	0.138	0.580	0.084
0.580	0.103	0.580	0.150	0.580	0.111
0.581	0.118	0.581	0.127	0.581	0.092
0.581	0.107	0.581	0.111	0.581	0.114
0.582	0.112	0.582	0.098	0.582	0.123
0.582	0.112	0.582	0.097	0.582	0.140
0.583	0.101	0.583	0.132	0.583	0.126
0.583	0.094	0.583	0.138	0.583	0.146
0.584	0.112	0.584	0.091	0.584	0.104
0.584	0.104	0.584	0.103	0.584	0.092
0.585	0.109	0.585	0.098	0.585	0.121
0.585	0.118	0.585	0.124	0.585	0.107
0.586	0.118	0.586	0.141	0.586	0.097
0.586	0.129	0.586	0.129	0.586	0.104
0.587	0.129	0.587	0.120	0.587	0.134
0.587	0.117	0.587	0.117	0.587	0.123
0.588	0.114	0.588	0.121	0.588	0.120
0.588	0.121	0.588	0.120	0.588	0.095
0.589	0.124	0.589	0.157	0.589	0.121
0.589	0.120	0.589	0.103	0.589	0.115
0.590	0.084	0.590	0.095	0.590	0.089
0.590	0.123	0.590	0.095	0.590	0.104
0.591	0.101	0.591	0.134	0.591	0.115
0.591	0.129	0.591	0.097	0.591	0.144
0.592	0.126	0.592	0.089	0.592	0.103
0.592	0.098	0.592	0.104	0.592	0.134
0.593	0.094	0.593	0.150	0.593	0.117
0.593	0.104	0.593	0.115	0.593	0.098
0.594	0.129	0.594	0.101	0.594	0.097
0.594	0.118	0.594	0.112	0.594	0.095
0.595	0.118	0.595	0.130	0.595	0.140
0.595	0.100	0.595	0.100	0.595	0.123
0.596	0.123	0.596	0.112	0.596	0.130
0.596	0.097	0.596	0.107	0.596	0.095
0.597	0.097	0.597	0.118	0.597	0.088
0.597	0.112	0.597	0.074	0.597	0.117
0.598	0.103	0.598	0.109	0.598	0.095
0.598	0.094	0.598	0.121	0.598	0.130
0.599	0.075	0.599	0.135	0.599	0.120
0.599	0.114	0.599	0.104	0.599	0.104
0.600	0.089	0.600	0.092	0.600	0.100
0.600	0.101	0.600	0.077	0.600	0.106
0.601	0.097	0.601	0.129	0.601	0.094
0.601	0.106	0.601	0.120	0.601	0.091
0.602	0.084	0.602	0.083	0.602	0.106
0.602	0.092	0.602	0.101	0.602	0.112
0.603	0.083	0.603	0.104	0.603	0.101
0.603	0.114	0.603	0.103	0.603	0.126
0.604	0.115	0.604	0.103	0.604	0.100
0.604	0.118	0.604	0.084	0.604	0.098
0.605	0.088	0.605	0.084	0.605	0.081
0.605	0.083	0.605	0.065	0.605	0.112
0.606	0.104	0.606	0.137	0.606	0.112
0.606	0.115	0.606	0.098	0.606	0.111
0.607	0.111	0.607	0.104	0.607	0.101
0.607	0.124	0.607	0.107	0.607	0.097
0.608	0.117	0.608	0.115	0.608	0.124
0.608	0.115	0.608	0.088	0.608	0.129
0.609	0.129	0.609	0.100	0.609	0.100
0.609	0.117	0.609	0.107	0.609	0.081
0.610	0.115	0.610	0.092	0.610	0.120
0.610	0.115	0.610	0.091	0.610	0.117
0.611	0.098	0.611	0.094	0.611	0.121
0.611	0.095	0.611	0.101	0.611	0.098
0.612	0.091	0.612	0.115	0.612	0.077
0.612	0.103	0.612	0.118	0.612	0.095
0.613	0.106	0.613	0.117	0.613	0.111
0.613	0.101	0.613	0.115	0.613	0.049
0.614	0.091	0.614	0.118	0.614	0.005
0.614	0.091	0.614	0.117	0.614	0.006
0.615	0.101	0.615	0.123	0.615	0.006
0.615	0.092	0.615	0.084	0.615	0.003
0.616	0.103	0.616	0.080	0.616	0.008
0.616	0.127	0.616	0.092	0.616	-0.008
0.617	0.107	0.617	0.078	0.617	0.008
0.617	0.109	0.617	0.069	0.617	0.002
0.618	0.051	0.618	0.078	0.618	0.000
0.618	0.058	0.618	0.081	0.618	0.006
0.619	0.107	0.619	0.100	0.619	0.006
0.619	0.111	0.619	0.101	0.619	0.005
0.620	0.097	0.620	0.117	0.620	-0.001
0.620	0.114	0.620	0.115	0.620	0.006
0.621	0.103	0.621	0.127	0.621	0.002
0.621	0.092	0.621	0.097	0.621	0.002
0.622	0.081	0.622	0.080	0.622	0.003
0.622	0.121	0.622	0.103	0.622	0.005
0.623	0.132	0.623	0.081	0.623	0.006
0.623	0.098	0.623	0.114	0.623	0.003
0.624	0.086	0.624	0.107	0.624	0.002
0.624	0.104	0.624	0.112	0.624	0.005
0.625	0.103	0.625	0.112	0.625	0.008
0.625	0.086	0.625	0.106	0.625	0.002
0.625	0.084	0.625	0.104	0.625	0.003
0.626	0.091	0.626	0.074	0.626	0.008
0.626	0.109	0.626	0.098	0.626	0.008
0.627	0.083	0.627	0.111	0.627	0.008
0.627	0.071	0.627	0.086	0.627	0.000
0.628	0.086	0.628	0.084	0.628	-0.001
0.628	0.106	0.628	0.074	0.628	0.006
0.629	0.088	0.629	0.077	0.629	0.003
0.629	0.095	0.629	0.078	0.629	-0.005
0.630	0.097	0.630	0.101	0.630	0.003
0.630	0.089	0.630	0.083	0.630	0.003
0.631	0.075	0.631	0.094	0.631	0.002
0.631	0.078	0.631	0.072	0.631	0.006
0.632	0.092	0.632	0.089	0.632	-0.001
0.632	0.104	0.632	0.091	0.632	0.006
0.633	0.083	0.633	0.094	0.633	0.008
0.633	0.060	0.633	0.051	0.633	0.000
0.634	0.081	0.634	0.100	0.634	0.008
0.634	0.080	0.634	0.100	0.634	0.009
0.635	0.078	0.635	0.095	0.635	0.011
0.635	0.094	0.635	0.107	0.635	0.005
0.636	0.097	0.636	0.088	0.636	0.000
0.636	0.057	0.636	0.086	0.636	0.006
0.637	0.071	0.637	0.089	0.637	0.005
0.637	0.086	0.637	0.071	0.637	0.000
0.638	0.097	0.638	0.077	0.638	0.000
0.638	0.088	0.638	0.083	0.638	0.005
0.639	0.092	0.639	0.106	0.639	0.006
0.639	0.078	0.639	0.095	0.639	0.002
0.640	0.080	0.640	0.095	0.640	0.008
0.640	0.086	0.640	0.095	0.640	-0.001
0.641	0.077	0.641	0.098	0.641	0.006
0.641	0.086	0.641	0.084	0.641	0.008
0.642	0.095	0.642	0.078	0.642	-0.001
0.642	0.106	0.642	0.078	0.642	0.005
0.643	0.097	0.643	0.078	0.643	0.008
0.643	0.072	0.643	0.101	0.643	0.005
0.644	0.078	0.644	0.078	0.644	0.003
0.644	0.091	0.644	0.088	0.644	0.006
0.645	0.091	0.645	0.094	0.645	0.005
0.645	0.077	0.645	0.100	0.645	0.003
0.646	0.066	0.646	0.092	0.646	0.005
0.646	0.081	0.646	0.069	0.646	0.005
0.647	0.069	0.647	0.094	0.647	0.003
0.647	0.072	0.647	0.103	0.647	0.000
0.648	0.068	0.648	0.066	0.648	0.003
0.648	0.055	0.648	0.080	0.648	0.000
0.649	0.054	0.649	0.091	0.649	0.000
0.649	0.051	0.649	0.101	0.649	0.002
0.650	0.077	0.650	0.097	0.650	0.002
0.650	0.091	0.650	0.098	0.650	0.002
0.651	0.091	0.651	0.083	0.651	0.000
0.651	0.084	0.651	0.089	0.651	0.000
0.652	0.088	0.652	0.089	0.652	0.009
0.652	0.081	0.652	0.097	0.652	0.003
0.653	0.068	0.653	0.095	0.653	0.002
0.653	0.091	0.653	0.089	0.653	0.003
0.654	0.089	0.654	0.080	0.654	0.003
0.654	0.075	0.654	0.069	0.654	0.000
0.655	0.071	0.655	0.095	0.655	0.005
0.655	0.078	0.655	0.095	0.655	0.005
0.656	0.086	0.656	0.075	0.656	0.009
0.656	0.092	0.656	0.069	0.656	0.000
0.657	0.065	0.657	0.081	0.657	0.003
0.657	0.060	0.657	0.091	0.657	0.000
0.658	0.071	0.658	0.098	0.658	0.006
0.658	0.058	0.658	0.101	0.658	0.003
0.659	0.065	0.659	0.080	0.659	0.005
0.659	0.075	0.659	0.078	0.659	0.006
0.660	0.091	0.660	0.068	0.660	0.008
0.660	0.077	0.660	0.077	0.660	0.014
0.661	0.089	0.661	0.083	0.661	0.006
0.661	0.084	0.661	0.089	0.661	0.000
0.662	0.084	0.662	0.080	0.662	0.005
0.662	0.063	0.662	0.078	0.662	0.005
0.663	0.065	0.663	0.075	0.663	0.003
0.663	0.068	0.663	0.065	0.663	0.002
0.664	0.092	0.664	0.084	0.664	0.006
0.664	0.091	0.664	0.083	0.664	0.000
0.665	0.077	0.665	0.075	0.665	0.003
0.665	0.069	0.665	0.054	0.665	0.005
0.666	0.066	0.666	0.078	0.666	0.005
0.666	0.081	0.666	0.068	0.666	0.005
0.667	0.063	0.667	0.072	0.667	0.005
0.667	0.075	0.667	0.083	0.667	0.006
0.668	0.100	0.668	0.089	0.668	0.005
0.668	0.058	0.668	0.075	0.668	0.008
0.669	0.061	0.669	0.081	0.669	0.008
0.669	0.078	0.669	0.071	0.669	0.008
0.670	0.071	0.670	0.068	0.670	0.008
0.670	0.055	0.670	0.078	0.670	0.009
0.671	0.077	0.671	0.084	0.671	0.003
0.671	0.074	0.671	0.063	0.671	0.005
0.672	0.061	0.672	0.061	0.672	0.003
0.672	0.058	0.672	0.072	0.672	0.005
0.673	0.071	0.673	0.095	0.673	-0.003
0.673	0.092	0.673	0.081	0.673	0.000
0.674	0.080	0.674	0.097	0.674	0.006
0.674	0.063	0.674	0.088	0.674	0.008
0.675	0.077	0.675	0.084	0.675	0.006
0.675	0.057	0.675	0.088	0.675	0.000
0.676	0.081	0.676	0.092	0.676	0.002
0.676	0.084	0.676	0.097	0.676	0.009
0.677	0.094	0.677	0.063	0.677	-0.003
0.677	0.066	0.677	0.054	0.677	0.002
0.678	0.086	0.678	0.063	0.678	0.002
0.678	0.077	0.678	0.074	0.678	-0.001
0.679	0.084	0.679	0.092	0.679	0.005
0.679	0.084	0.679	0.083	0.679	0.006
0.680	0.077	0.680	0.081	0.680	0.009
0.680	0.088	0.680	0.088	0.680	0.006
0.681	0.065	0.681	0.089	0.681	0.008
0.681	0.061	0.681	0.074	0.681	0.000
0.682	0.071	0.682	0.058	0.682	0.011
0.682	0.089	0.682	0.051	0.682	0.003
0.683	0.069	0.683	0.068	0.683	0.009
0.683	0.054	0.683	0.075	0.683	0.002
0.684	0.051	0.684	0.078	0.684	0.002
0.684	0.052	0.684	0.081	0.684	0.002
0.685	0.065	0.685	0.083	0.685	0.003
0.685	0.066	0.685	0.083	0.685	-0.003
0.686	0.083	0.686	0.068	0.686	0.005
0.686	0.084	0.686	0.081	0.686	0.009
0.687	0.084	0.687	0.077	0.687	0.006
0.688	0.066	0.688	0.055	0.688	0.002
0.688	0.071	0.688	0.054	0.688	0.006
0.689	0.058	0.689	0.060	0.689	0.006
0.689	0.052	0.689	0.052	0.689	0.000
0.690	0.068	0.690	0.057	0.690	0.005
0.690	0.074	0.690	0.074	0.690	0.005
0.691	0.069	0.691	0.086	0.691	0.006
0.691	0.065	0.691	0.089	0.691	0.002
0.692	0.046	0.692	0.088	0.692	0.002
0.692	0.084	0.692	0.068	0.692	0.006
0.693	0.057	0.693	0.075	0.693	0.006
0.693	0.091	0.693	0.071	0.693	0.006
0.694	0.072	0.694	0.092	0.694	0.005
0.694	0.058	0.694	0.088	0.694	0.005
0.695	0.046	0.695	0.065	0.695	0.005
0.695	0.071	0.695	0.071	0.695	-0.001
0.696	0.075	0.696	0.045	0.696	0.009
0.696	0.075	0.696	0.060	0.696	0.005
0.697	0.071	0.697	0.057	0.697	0.005
0.697	0.065	0.697	0.088	0.697	0.002
0.698	0.069	0.698	0.069	0.698	0.002
0.698	0.068	0.698	0.098	0.698	0.005
0.699	0.084	0.699	0.081	0.699	0.005
0.699	0.068	0.699	0.049	0.699	0.008
0.700	0.060	0.700	0.061	0.700	0.005
0.700	0.023	0.700	0.048	0.700	0.005
0.700	-0.001	0.700	-0.001	0.700	0.003
0.699	-0.020	0.699	-0.015	0.699	0.006
0.699	-0.055	0.699	-0.021	0.699	0.006
0.698	-0.044	0.698	-0.015	0.698	0.005
0.698	-0.018	0.698	-0.031	0.698	0.003
0.697	-0.028	0.697	-0.028	0.697	0.006
0.697	-0.031	0.697	-0.057	0.697	0.006
0.696	-0.047	0.696	-0.070	0.696	0.008
0.696	-0.058	0.696	-0.063	0.696	0.006
0.695	-0.057	0.695	-0.028	0.695	0.003
0.695	-0.060	0.695	-0.051	0.695	0.000
0.694	-0.040	0.694	-0.046	0.694	0.003
0.694	-0.040	0.694	-0.029	0.694	0.008
0.693	-0.049	0.693	-0.032	0.693	0.003
0.693	-0.066	0.693	-0.032	0.693	0.006
0.692	-0.077	0.692	-0.044	0.692	0.012
0.692	-0.069	0.692	-0.043	0.692	0.009
0.691	-0.074	0.691	-0.049	0.691	0.003
0.691	-0.080	0.691	-0.047	0.691	0.000
0.690	-0.061	0.690	-0.060	0.690	0.003
0.690	-0.061	0.690	-0.057	0.690	0.008
0.689	-0.060	0.689	-0.052	0.689	0.005
0.689	-0.084	0.689	-0.058	0.689	0.006
0.688	-0.055	0.688	-0.058	0.688	0.005
0.688	-0.064	0.688	-0.070	0.688	0.006
0.687	-0.060	0.687	-0.069	0.687	0.009
0.686	-0.078	0.686	-0.063	0.686	-0.001
0.686	-0.069	0.686	-0.061	0.686	0.006
0.685	-0.072	0.685	-0.072	0.685	0.006
0.685	-0.047	0.685	-0.049	0.685	0.000
0.684	-0.046	0.684	-0.054	0.684	-0.001
0.684	-0.040	0.684	-0.063	0.684	0.012
0.683	-0.044	0.683	-0.067	0.683	0.006
0.683	-0.046	0.683	-0.075	0.683	0.006
0.682	-0.054	0.682	-0.083	0.682	0.002
0.682	-0.058	0.682	-0.061	0.682	0.005
0.681	-0.074	0.681	-0.060	0.681	0.017
0.681	-0.060	0.681	-0.077	0.681	0.005
0.680	-0.060	0.680	-0.069	0.680	0.000
0.680	-0.086	0.680	-0.070	0.680	0.008
0.679	-0.069	0.679	-0.077	0.679	0.006
0.679	-0.054	0.679	-0.074	0.679	0.000
0.678	-0.058	0.678	-0.072	0.678	0.003
0.678	-0.061	0.678	-0.055	0.678	0.005
0.677	-0.061	0.677	-0.061	0.677	0.005
0.677	-0.052	0.677	-0.063	0.677	0.009
0.676	-0.083	0.676	-0.044	0.676	0.011
0.676	-0.075	0.676	-0.052	0.676	0.003
0.675	-0.080	0.675	-0.089	0.675	0.000
0.675	-0.064	0.675	-0.064	0.675	0.002
0.674	-0.061	0.674	-0.057	0.674	0.000
0.674	-0.069	0.674	-0.046	0.674	0.003
0.673	-0.060	0.673	-0.069	0.673	0.006
0.673	-0.051	0.673	-0.081	0.673	0.006
0.672	-0.060	0.672	-0.078	0.672	0.014
0.672	-0.072	0.672	-0.067	0.672	0.006
0.671	-0.081	0.671	-0.066	0.671	0.006
0.671	-0.080	0.671	-0.061	0.671	0.008
0.670	-0.077	0.670	-0.055	0.670	0.006
0.670	-0.069	0.670	-0.051	0.670	0.002
0.669	-0.075	0.669	-0.055	0.669	0.003
0.669	-0.080	0.669	-0.061	0.669	-0.001
0.668	-0.074	0.668	-0.052	0.668	0.002
0.668	-0.070	0.668	-0.057	0.668	0.005
0.667	-0.070	0.667	-0.054	0.667	0.006
0.667	-0.087	0.667	-0.074	0.667	0.003
0.666	-0.100	0.666	-0.074	0.666	0.006
0.666	-0.069	0.666	-0.072	0.666	0.005
0.665	-0.098	0.665	-0.070	0.665	0.008
0.665	-0.089	0.665	-0.058	0.665	0.005
0.664	-0.072	0.664	-0.063	0.664	0.000
0.664	-0.086	0.664	-0.083	0.664	0.003
0.663	-0.066	0.663	-0.080	0.663	0.009
0.663	-0.084	0.663	-0.077	0.663	0.006
0.662	-0.078	0.662	-0.083	0.662	0.005
0.662	-0.054	0.662	-0.061	0.662	0.006
0.661	-0.051	0.661	-0.057	0.661	0.003
0.661	-0.063	0.661	-0.063	0.661	0.002
0.660	-0.069	0.660	-0.058	0.660	0.003
0.660	-0.061	0.660	-0.058	0.660	0.008
0.659	-0.074	0.659	-0.046	0.659	0.005
0.659	-0.107	0.659	-0.074	0.659	0.002
0.658	-0.084	0.658	-0.087	0.658	0.005
0.658	-0.087	0.658	-0.072	0.658	0.005
0.657	-0.054	0.657	-0.086	0.657	0.000
0.657	-0.069	0.657	-0.090	0.657	0.006
0.656	-0.078	0.656	-0.069	0.656	0.008
0.656	-0.077	0.656	-0.083	0.656	0.002
0.655	-0.092	0.655	-0.080	0.655	0.005
0.655	-0.097	0.655	-0.078	0.655	0.005
0.654	-0.090	0.654	-0.060	0.654	0.005
0.654	-0.098	0.654	-0.061	0.654	0.008
0.653	-0.087	0.653	-0.061	0.653	0.003
0.653	-0.090	0.653	-0.064	0.653	0.002
0.652	-0.095	0.652	-0.089	0.652	0.003
0.652	-0.081	0.652	-0.080	0.652	0.000
0.651	-0.090	0.651	-0.080	0.651	-0.001
0.651	-0.063	0.651	-0.055	0.651	0.002
0.650	-0.080	0.650	-0.087	0.650	0.000
0.650	-0.093	0.650	-0.086	0.650	0.006
0.649	-0.093	0.649	-0.077	0.649	0.006
0.649	-0.078	0.649	-0.086	0.649	0.006
0.648	-0.072	0.648	-0.090	0.648	0.000
0.648	-0.072	0.648	-0.104	0.648	0.008
0.647	-0.066	0.647	-0.083	0.647	0.003
0.647	-0.083	0.647	-0.084	0.647	0.000
0.646	-0.072	0.646	-0.063	0.646	0.002
0.646	-0.101	0.646	-0.070	0.646	0.009
0.645	-0.095	0.645	-0.077	0.645	0.008
0.645	-0.100	0.645	-0.069	0.645	0.000
0.644	-0.077	0.644	-0.067	0.644	0.000
0.644	-0.077	0.644	-0.061	0.644	0.005
0.643	-0.092	0.643	-0.072	0.643	-0.008
0.643	-0.107	0.643	-0.086	0.643	0.000
0.642	-0.121	0.642	-0.098	0.642	0.005
0.642	-0.070	0.642	-0.097	0.642	0.006
0.641	-0.084	0.641	-0.095	0.641	0.005
0.641	-0.083	0.641	-0.092	0.641	0.002
0.640	-0.095	0.640	-0.075	0.640	0.000
0.640	-0.098	0.640	-0.081	0.640	0.002
0.639	-0.092	0.639	-0.077	0.639	0.000
0.639	-0.077	0.639	-0.083	0.639	0.005
0.638	-0.084	0.638	-0.070	0.638	0.006
0.638	-0.093	0.638	-0.075	0.638	0.005
0.637	-0.100	0.637	-0.077	0.637	0.005
0.637	-0.083	0.637	-0.080	0.637	0.002
0.636	-0.101	0.636	-0.084	0.636	0.005
0.636	-0.090	0.636	-0.101	0.636	0.006
0.635	-0.104	0.635	-0.081	0.635	0.003
0.635	-0.093	0.635	-0.075	0.635	0.005
0.634	-0.110	0.634	-0.098	0.634	0.003
0.634	-0.103	0.634	-0.098	0.634	0.008
0.633	-0.116	0.633	-0.090	0.633	0.008
0.633	-0.107	0.633	-0.081	0.633	0.000
0.632	-0.115	0.632	-0.092	0.632	0.000
0.632	-0.092	0.632	-0.101	0.632	0.003
0.631	-0.080	0.631	-0.097	0.631	0.008
0.631	-0.083	0.631	-0.101	0.631	0.003
0.630	-0.080	0.630	-0.092	0.630	0.002
0.630	-0.084	0.630	-0.075	0.630	0.006
0.629	-0.103	0.629	-0.098	0.629	0.003
0.629	-0.086	0.629	-0.120	0.629	0.006
0.628	-0.106	0.628	-0.101	0.628	0.002
0.628	-0.115	0.628	-0.072	0.628	0.009
0.627	-0.095	0.627	-0.072	0.627	0.002
0.627	-0.097	0.627	-0.092	0.627	0.003
0.626	-0.080	0.626	-0.086	0.626	0.002
0.626	-0.090	0.626	-0.093	0.626	0.003
0.625	-0.087	0.625	-0.084	0.625	0.008
0.625	-0.092	0.625	-0.100	0.625	0.002
0.625	-0.081	0.625	-0.095	0.625	-0.001
0.624	-0.093	0.624	-0.100	0.624	0.017
0.624	-0.098	0.624	-0.089	0.624	0.005
0.623	-0.104	0.623	-0.081	0.623	-0.005
0.623	-0.126	0.623	-0.110	0.623	-0.001
0.622	-0.107	0.622	-0.097	0.622	0.002
0.622	-0.086	0.622	-0.087	0.622	0.002
0.621	-0.092	0.621	-0.103	0.621	0.006
0.621	-0.083	0.621	-0.100	0.621	0.002
0.620	-0.104	0.620	-0.123	0.620	0.003
0.620	-0.087	0.620	-0.077	0.620	0.003
0.619	-0.104	0.619	-0.086	0.619	0.002
0.619	-0.100	0.619	-0.101	0.619	0.009
0.618	-0.078	0.618	-0.116	0.618	0.003
0.618	-0.093	0.618	-0.103	0.618	0.002
0.617	-0.103	0.617	-0.100	0.617	0.008
0.617	-0.113	0.617	-0.093	0.617	0.000
0.616	-0.121	0.616	-0.081	0.616	0.006
0.616	-0.123	0.616	-0.084	0.616	0.005
0.615	-0.110	0.615	-0.070	0.615	0.006
0.615	-0.120	0.615	-0.084	0.615	0.005
0.614	-0.110	0.614	-0.089	0.614	0.008
0.614	-0.112	0.614	-0.104	0.614	0.003
0.613	-0.100	0.613	-0.133	0.613	0.006
0.613	-0.098	0.613	-0.113	0.613	0.003
0.612	-0.107	0.612	-0.078	0.612	0.000
0.612	-0.112	0.612	-0.097	0.612	0.008
0.611	-0.103	0.611	-0.116	0.611	0.005
0.611	-0.100	0.611	-0.115	0.611	0.015
0.610	-0.116	0.610	-0.097	0.610	0.006
0.610	-0.136	0.610	-0.097	0.610	0.002
0.609	-0.115	0.609	-0.086	0.609	0.003
0.609	-0.113	0.609	-0.116	0.609	0.005
0.608	-0.126	0.608	-0.115	0.608	0.011
0.608	-0.133	0.608	-0.116	0.608	-0.001
0.607	-0.095	0.607	-0.103	0.607	0.005
0.607	-0.104	0.607	-0.118	0.607	0.009
0.606	-0.077	0.606	-0.097	0.606	0.006
0.606	-0.106	0.606	-0.104	0.606	0.008
0.605	-0.132	0.605	-0.097	0.605	0.003
0.605	-0.110	0.605	-0.084	0.605	0.003
0.604	-0.095	0.604	-0.087	0.604	0.005
0.604	-0.107	0.604	-0.092	0.604	0.005
0.603	-0.116	0.603	-0.075	0.603	0.006
0.603	-0.118	0.603	-0.078	0.603	0.002
0.602	-0.104	0.602	-0.087	0.602	0.008
0.602	-0.084	0.602	-0.083	0.602	0.006
0.601	-0.107	0.601	-0.087	0.601	0.000
0.601	-0.129	0.601	-0.092	0.601	0.000
0.600	-0.113	0.600	-0.110	0.600	0.006
0.600	-0.110	0.600	-0.095	0.600	0.003
0.599	-0.113	0.599	-0.120	0.599	0.000
0.599	-0.093	0.599	-0.098	0.599	0.003
0.598	-0.092	0.598	-0.110	0.598	0.005
0.598	-0.109	0.598	-0.113	0.598	-0.001
0.597	-0.100	0.597	-0.112	0.597	0.002
0.597	-0.121	0.597	-0.123	0.597	0.003
0.596	-0.132	0.596	-0.118	0.596	0.002
0.596	-0.118	0.596	-0.104	0.596	0.003
0.595	-0.116	0.595	-0.130	0.595	0.002
0.595	-0.101	0.595	-0.130	0.595	0.002
0.594	-0.141	0.594	-0.112	0.594	0.006
0.594	-0.129	0.594	-0.129	0.594	0.003
0.593	-0.118	0.593	-0.121	0.593	0.003
0.593	-0.077	0.593	-0.136	0.593	0.002
0.592	-0.097	0.592	-0.109	0.592	0.006
0.592	-0.130	0.592	-0.120	0.592	0.002
0.591	-0.121	0.591	-0.116		
0.591	-0.139	0.591	-0.132		
0.590	-0.124	0.590	-0.095		
0.590	-0.132	0.590	-0.112		
0.589	-0.090	0.589	-0.086		
0.589	-0.106	0.589	-0.106		
0.588	-0.107	0.588	-0.101		
0.588	-0.120	0.588	-0.132		
0.587	-0.107	0.587	-0.112		
0.587	-0.138	0.587	-0.126		
0.586	-0.143	0.586	-0.139		
0.586	-0.116	0.586	-0.107		
0.585	-0.141	0.585	-0.161		
0.585	-0.153	0.585	-0.112		
0.584	-0.135	0.584	-0.118		
0.584	-0.129	0.584	-0.107		
0.583	-0.138	0.583	-0.106		
0.583	-0.135	0.583	-0.101		
0.582	-0.090	0.582	-0.109		
0.582	-0.103	0.582	-0.089		
0.581	-0.132	0.581	-0.101		
0.581	-0.136	0.581	-0.146		
0.580	-0.116	0.580	-0.115		
0.580	-0.118	0.580	-0.135		
0.579	-0.101	0.579	-0.135		
0.579	-0.152	0.579	-0.089		
0.578	-0.098	0.578	-0.098		
0.578	-0.092	0.578	-0.097		
0.577	-0.104	0.577	-0.144		
0.577	-0.109	0.577	-0.166		
0.576	-0.116	0.576	-0.123		
0.576	-0.146	0.576	-0.121		
0.575	-0.156	0.575	-0.129		
0.575	-0.147	0.575	-0.109		
0.574	-0.153	0.574	-0.127		
0.574	-0.129	0.574	-0.138		
0.573	-0.124	0.573	-0.153		
0.573	-0.106	0.573	-0.126		
0.572	-0.120	0.572	-0.089		
0.572	-0.115	0.572	-0.103		
0.571	-0.120	0.571	-0.135		
0.571	-0.143	0.571	-0.159		
0.570	-0.136	0.570	-0.141		
0.570	-0.130	0.570	-0.141		
0.569	-0.118	0.569	-0.143		
0.569	-0.112	0.569	-0.136		
0.568	-0.101	0.568	-0.141		
0.568	-0.110	0.568	-0.162		
0.567	-0.144	0.567	-0.149		
0.567	-0.127	0.567	-0.127		
0.566	-0.129	0.566	-0.136		
0.566	-0.126	0.566	-0.136		
0.565	-0.166	0.565	-0.144		
0.565	-0.113	0.565	-0.135		
0.564	-0.135	0.564	-0.101		
0.564	-0.167	0.564	-0.106		
0.563	-0.135	0.563	-0.118		
0.563	-0.152	0.563	-0.132		
0.562	-0.100	0.562	-0.106		
0.561	-0.149	0.561	-0.129		
0.561	-0.172	0.561	-0.150		
0.560	-0.164	0.560	-0.152		
0.560	-0.115	0.560	-0.143		
0.559	-0.109	0.559	-0.153		
0.559	-0.146	0.559	-0.127		
0.558	-0.112	0.558	-0.135		
0.558	-0.121	0.558	-0.141		
0.557	-0.132	0.557	-0.147		
0.557	-0.100	0.557	-0.144		
0.556	-0.136	0.556	-0.093		
0.556	-0.156	0.556	-0.127		
0.555	-0.167	0.555	-0.129		
0.555	-0.132	0.555	-0.118		
0.554	-0.133	0.554	-0.104		
0.554	-0.092	0.554	-0.155		
0.553	-0.143	0.553	-0.136		
0.553	-0.150	0.553	-0.113		
0.552	-0.173	0.552	-0.112		
0.552	-0.162	0.552	-0.112		
0.551	-0.172	0.551	-0.152		
0.551	-0.133	0.551	-0.135		
0.550	-0.130	0.550	-0.167		
0.550	-0.107	0.550	-0.141		
0.549	-0.115	0.549	-0.129		
0.549	-0.129	0.549	-0.110		
0.548	-0.132	0.548	-0.132		
0.548	-0.104	0.548	-0.144		
0.547	-0.124	0.547	-0.158		
0.547	-0.113	0.547	-0.169		
0.546	-0.178	0.546	-0.155		
0.546	-0.155	0.546	-0.115		
0.545	-0.162	0.545	-0.104		
0.545	-0.190	0.545	-0.132		
0.544	-0.146	0.544	-0.129		
0.544	-0.118	0.544	-0.164		
0.543	-0.133	0.543	-0.169		
0.543	-0.141	0.543	-0.178		
0.542	-0.193	0.542	-0.178		
0.542	-0.172	0.542	-0.166		
0.541	-0.173	0.541	-0.189		
0.541	-0.106	0.541	-0.138		
0.540	-0.121	0.540	-0.149		
0.540	-0.143	0.540	-0.162		
0.539	-0.164	0.539	-0.144		
0.539	-0.118	0.539	-0.169		
0.538	-0.141	0.538	-0.192		
0.538	-0.172	0.538	-0.158		
0.537	-0.159	0.537	-0.166		
0.537	-0.139	0.537	-0.169		
0.536	-0.152	0.536	-0.158		
0.536	-0.141	0.536	-0.126		
0.535	-0.141	0.535	-0.097		
0.535	-0.103	0.535	-0.112		
0.534	-0.138	0.534	-0.143		
0.534	-0.169	0.534	-0.172		
0.533	-0.172	0.533	-0.133		
0.533	-0.162	0.533	-0.124		
0.532	-0.193	0.532	-0.164		
0.532	-0.201	0.532	-0.176		
0.531	-0.124	0.531	-0.161		
0.531	-0.166	0.531	-0.187		
0.530	-0.155	0.530	-0.153		
0.530	-0.162	0.530	-0.185		
0.529	-0.169	0.529	-0.116		
0.529	-0.181	0.529	-0.161		
0.528	-0.176	0.528	-0.141		
0.528	-0.182	0.528	-0.129		
0.527	-0.153	0.527	-0.129		
0.527	-0.146	0.527	-0.141		
0.526	-0.129	0.526	-0.149		
0.526	-0.195	0.526	-0.135		
0.525	-0.173	0.525	-0.146		
0.525	-0.179	0.525	-0.166		
0.524	-0.175	0.524	-0.143		
0.524	-0.150	0.524	-0.149		
0.523	-0.164	0.523	-0.172		
0.523	-0.127	0.523	-0.198		
0.522	-0.150	0.522	-0.231		
0.522	-0.132	0.522	-0.198		
0.521	-0.161	0.521	-0.184		
0.521	-0.178	0.521	-0.130		
0.520	-0.190	0.520	-0.118		
0.520	-0.198	0.520	-0.133		
0.519	-0.155	0.519	-0.167		
0.519	-0.135	0.519	-0.205		
0.518	-0.149	0.518	-0.170		
0.518	-0.146	0.518	-0.189		
0.517	-0.192	0.517	-0.170		
0.517	-0.201	0.517	-0.169		
0.516	-0.136	0.516	-0.138		
0.516	-0.155	0.516	-0.132		
0.515	-0.127	0.515	-0.139		
0.515	-0.118	0.515	-0.184		
0.514	-0.143	0.514	-0.173		
0.514	-0.175	0.514	-0.199		
0.513	-0.162	0.513	-0.207		
0.513	-0.192	0.513	-0.190		
0.512	-0.178	0.512	-0.196		
0.512	-0.198	0.512	-0.178		
0.511	-0.155	0.511	-0.141		
0.511	-0.143	0.511	-0.170		
0.510	-0.169	0.510	-0.192		
0.510	-0.204	0.510	-0.219		
0.509	-0.162	0.509	-0.218		
0.509	-0.169	0.509	-0.158		
0.508	-0.164	0.508	-0.144		
0.508	-0.193	0.508	-0.167		
0.507	-0.162	0.507	-0.167		
0.507	-0.161	0.507	-0.150		
0.506	-0.136	0.506	-0.141		
0.506	-0.199	0.506	-0.159		
0.505	-0.170	0.505	-0.158		
0.505	-0.218	0.505	-0.208		
0.504	-0.202	0.504	-0.192		
0.504	-0.208	0.504	-0.196		
0.503	-0.182	0.503	-0.167		
0.503	-0.185	0.503	-0.173		
0.502	-0.224	0.502	-0.216		
0.502	-0.208	0.502	-0.212		
0.501	-0.182	0.501	-0.202		
0.501	-0.218	0.501	-0.192		
0.500	-0.224	0.500	-0.215		
0.500	-0.196	0.500	-0.212		
0.500	-0.222	0.500	-0.230		
0.499	-0.222	0.499	-0.210		
0.498	-0.156	0.498	-0.239		
0.498	-0.170	0.498	-0.208		
0.497	-0.198	0.497	-0.198		
0.497	-0.173	0.497	-0.210		
0.496	-0.166	0.496	-0.179		
0.496	-0.213	0.496	-0.169		
0.495	-0.215	0.495	-0.205		
0.495	-0.182	0.495	-0.218		
0.494	-0.181	0.494	-0.202		
0.494	-0.181	0.494	-0.207		
0.493	-0.159	0.493	-0.233		
0.493	-0.219	0.493	-0.244		
0.492	-0.190	0.492	-0.224		
0.492	-0.208	0.492	-0.182		
0.491	-0.190	0.491	-0.176		
0.491	-0.222	0.491	-0.175		
0.490	-0.176	0.490	-0.193		
0.490	-0.178	0.490	-0.212		
0.489	-0.215	0.489	-0.205		
0.489	-0.253	0.489	-0.213		
0.488	-0.256	0.488	-0.178		
0.488	-0.256	0.488	-0.216		
0.487	-0.238	0.487	-0.212		
0.487	-0.201	0.487	-0.195		
0.486	-0.253	0.486	-0.193		
0.486	-0.192	0.486	-0.222		
0.485	-0.212	0.485	-0.259		
0.485	-0.153	0.485	-0.216		
0.484	-0.193	0.484	-0.250		
0.484	-0.198	0.484	-0.262		
0.483	-0.230	0.483	-0.184		
0.483	-0.189	0.483	-0.216		
0.482	-0.256	0.482	-0.212		
0.482	-0.231	0.482	-0.199		
0.481	-0.182	0.481	-0.253		
0.481	-0.175	0.481	-0.247		
0.480	-0.241	0.480	-0.235		
0.480	-0.212	0.480	-0.227		
0.479	-0.224	0.479	-0.176		
0.479	-0.262	0.479	-0.202		
0.478	-0.245	0.478	-0.224		
0.478	-0.187	0.478	-0.187		
0.477	-0.231	0.477	-0.190		
0.477	-0.248	0.477	-0.222		
0.476	-0.276	0.476	-0.236		
0.476	-0.278	0.476	-0.185		
0.475	-0.242	0.475	-0.261		
0.475	-0.216	0.475	-0.247		
0.474	-0.235	0.474	-0.241		
0.474	-0.212	0.474	-0.201		
0.473	-0.235	0.473	-0.248		
0.473	-0.212	0.473	-0.285		
0.472	-0.256	0.472	-0.253		
0.472	-0.259	0.472	-0.198		
0.471	-0.248	0.471	-0.219		
0.471	-0.242	0.471	-0.264		
0.470	-0.207	0.470	-0.241		
0.470	-0.284	0.470	-0.267		
0.469	-0.221	0.469	-0.254		
0.469	-0.285	0.469	-0.238		
0.469	-0.271	0.469	-0.254		
0.468	-0.250	0.468	-0.248		
0.468	-0.268	0.468	-0.212		
0.467	-0.274	0.467	-0.235		
0.467	-0.239	0.467	-0.238		
0.466	-0.238	0.466	-0.222		
0.466	-0.248	0.466	-0.219		
0.465	-0.254	0.465	-0.268		
0.465	-0.219	0.465	-0.239		
0.464	-0.185	0.464	-0.216		
0.464	-0.210	0.464	-0.259		
0.463	-0.258	0.463	-0.208		
0.463	-0.276	0.463	-0.284		
0.462	-0.215	0.462	-0.285		
0.462	-0.265	0.462	-0.285		
0.461	-0.268	0.461	-0.244		
0.461	-0.290	0.461	-0.273		
0.460	-0.281	0.460	-0.262		
0.460	-0.251	0.460	-0.288		
0.459	-0.250	0.459	-0.287		
0.459	-0.253	0.459	-0.282		
0.458	-0.239	0.458	-0.302		
0.458	-0.236	0.458	-0.279		
0.457	-0.288	0.457	-0.261		
0.457	-0.262	0.457	-0.290		
0.456	-0.271	0.456	-0.264		
0.456	-0.265	0.456	-0.242		
0.455	-0.264	0.455	-0.251		
0.455	-0.305	0.455	-0.261		
0.454	-0.293	0.454	-0.242		
0.454	-0.305	0.454	-0.238		
0.453	-0.235	0.453	-0.253		
0.453	-0.213	0.453	-0.242		
0.452	-0.218	0.452	-0.276		
0.452	-0.228	0.452	-0.274		
0.451	-0.267	0.451	-0.242		
0.451	-0.270	0.451	-0.305		
0.450	-0.278	0.450	-0.278		
0.450	-0.235	0.450	-0.259		
0.449	-0.276	0.449	-0.262		
0.449	-0.274	0.449	-0.279		
0.448	-0.320	0.448	-0.251		
0.448	-0.307	0.448	-0.285		
0.447	-0.242	0.447	-0.281		
0.447	-0.271	0.447	-0.305		
0.446	-0.313	0.446	-0.340		
0.446	-0.301	0.446	-0.316		
0.445	-0.331	0.445	-0.262		
0.445	-0.307	0.445	-0.265		
0.444	-0.274	0.444	-0.271		
0.444	-0.282	0.444	-0.244		
0.443	-0.296	0.443	-0.262		
0.443	-0.320	0.443	-0.282		
0.442	-0.317	0.442	-0.274		
0.442	-0.282	0.442	-0.265		
0.441	-0.265	0.441	-0.265		
0.441	-0.284	0.441	-0.311		
0.440	-0.322	0.440	-0.347		
0.440	-0.313	0.440	-0.324		
0.439	-0.230	0.439	-0.278		
0.439	-0.278	0.439	-0.304		
0.438	-0.297	0.438	-0.294		
0.438	-0.290	0.438	-0.281		
0.437	-0.305	0.437	-0.305		
0.436	-0.339	0.436	-0.293		
0.436	-0.297	0.436	-0.288		
0.435	-0.337	0.435	-0.294		
0.435	-0.308	0.435	-0.259		
0.434	-0.365	0.434	-0.284		
0.434	-0.334	0.434	-0.244		
0.433	-0.330	0.433	-0.293		
0.433	-0.297	0.433	-0.256		
0.432	-0.297	0.432	-0.287		
0.432	-0.297	0.432	-0.307		
0.431	-0.278	0.431	-0.308		
0.431	-0.268	0.431	-0.247		
0.430	-0.254	0.430	-0.253		
0.430	-0.264	0.430	-0.302		
0.429	-0.299	0.429	-0.253		
0.429	-0.311	0.429	-0.256		
0.428	-0.271	0.428	-0.253		
0.428	-0.291	0.428	-0.296		
0.427	-0.304	0.427	-0.279		
0.427	-0.253	0.427	-0.287		
0.426	-0.327	0.426	-0.276		
0.426	-0.304	0.426	-0.268		
0.425	-0.284	0.425	-0.267		
0.425	-0.267	0.425	-0.290		
0.424	-0.281	0.424	-0.328		
0.424	-0.241	0.424	-0.267		
0.423	-0.225	0.423	-0.271		
0.423	-0.262	0.423	-0.287		
0.422	-0.281	0.422	-0.284		
0.422	-0.304	0.422	-0.248		
0.421	-0.262	0.421	-0.317		
0.421	-0.287	0.421	-0.290		
0.420	-0.268	0.420	-0.251		
0.420	-0.278	0.420	-0.242		
0.419	-0.314	0.419	-0.242		
0.419	-0.305	0.419	-0.242		
0.418	-0.325	0.418	-0.297		
0.418	-0.281	0.418	-0.322		
0.417	-0.301	0.417	-0.265		
0.417	-0.333	0.417	-0.278		
0.416	-0.287	0.416	-0.265		
0.416	-0.282	0.416	-0.261		
0.415	-0.281	0.415	-0.313		
0.415	-0.339	0.415	-0.282		
0.414	-0.334	0.414	-0.224		
0.414	-0.250	0.414	-0.221		
0.413	-0.251	0.413	-0.238		
0.413	-0.254	0.413	-0.270		
0.412	-0.236	0.412	-0.302		
0.412	-0.307	0.412	-0.285		
0.411	-0.250	0.411	-0.239		
0.411	-0.282	0.411	-0.316		
0.410	-0.236	0.410	-0.305		
0.410	-0.242	0.410	-0.293		
0.409	-0.287	0.409	-0.299		
0.409	-0.278	0.409	-0.256		
0.408	-0.248	0.408	-0.256		
0.408	-0.268	0.408	-0.296		
0.407	-0.276	0.407	-0.245		
0.407	-0.268	0.407	-0.299		
0.406	-0.293	0.406	-0.288		
0.406	-0.285	0.406	-0.254		
0.406	-0.278	0.406	-0.288		
0.405	-0.278	0.405	-0.317		
0.405	-0.236	0.405	-0.254		
0.404	-0.258	0.404	-0.250		
0.404	-0.261	0.404	-0.271		
0.403	-0.262	0.403	-0.270		
0.403	-0.282	0.403	-0.294		
0.402	-0.230	0.402	-0.251		
0.402	-0.288	0.402	-0.238		
0.401	-0.299	0.401	-0.230		
0.401	-0.279	0.401	-0.235		
0.400	-0.314	0.400	-0.273		
0.400	-0.276	0.400	-0.245		
0.399	-0.282	0.399	-0.238		
0.399	-0.258	0.399	-0.244		
0.398	-0.276	0.398	-0.212		
0.398	-0.284	0.398	-0.261		
0.397	-0.284	0.397	-0.242		
0.397	-0.233	0.397	-0.210		
0.396	-0.241	0.396	-0.268		
0.396	-0.213	0.396	-0.297		
0.395	-0.227	0.395	-0.284		
0.395	-0.265	0.395	-0.276		
0.394	-0.282	0.394	-0.313		
0.394	-0.281	0.394	-0.241		
0.393	-0.242	0.393	-0.248		
0.393	-0.291	0.393	-0.202		
0.392	-0.256	0.392	-0.179		
0.392	-0.251	0.392	-0.224		
0.391	-0.210	0.391	-0.189		
0.391	-0.219	0.391	-0.235		
0.390	-0.244	0.390	-0.236		
0.390	-0.271	0.390	-0.305		
0.389	-0.273	0.389	-0.228		
0.389	-0.256	0.389	-0.245		
0.388	-0.293	0.388	-0.261		
0.388	-0.258	0.388	-0.238		
0.387	-0.228	0.387	-0.208		
0.387	-0.228	0.387	-0.207		
0.386	-0.241	0.386	-0.185		
0.386	-0.284	0.386	-0.182		
0.385	-0.258	0.385	-0.205		
0.385	-0.258	0.385	-0.207		
0.384	-0.264	0.384	-0.241		
0.384	-0.261	0.384	-0.192		
0.383	-0.253	0.383	-0.238		
0.383	-0.268	0.383	-0.256		
0.382	-0.219	0.382	-0.207		
0.382	-0.201	0.382	-0.204		
0.381	-0.208	0.381	-0.185		
0.381	-0.251	0.381	-0.235		
0.380	-0.228	0.380	-0.215		
0.380	-0.196	0.380	-0.221		
0.379	-0.208	0.379	-0.267		
0.379	-0.156	0.379	-0.278		
0.378	-0.170	0.378	-0.184		
0.378	-0.216	0.378	-0.176		
0.377	-0.228	0.377	-0.185		
0.377	-0.259	0.377	-0.215		
0.376	-0.238	0.376	-0.238		
0.376	-0.231	0.376	-0.215		
0.375	-0.221	0.375	-0.202		
0.375	-0.218	0.375	-0.225		
0.374	-0.193	0.374	-0.199		
0.373	-0.205	0.373	-0.173		
0.373	-0.205	0.373	-0.185		
0.372	-0.221	0.372	-0.207		
0.372	-0.248	0.372	-0.195		
0.371	-0.196	0.371	-0.208		
0.371	-0.235	0.371	-0.238		
0.370	-0.210	0.370	-0.190		
0.370	-0.225	0.370	-0.152		
0.369	-0.208	0.369	-0.248		
0.369	-0.182	0.369	-0.202		
0.368	-0.195	0.368	-0.224		
0.368	-0.182	0.368	-0.192		
0.367	-0.175	0.367	-0.173		
0.367	-0.198	0.367	-0.178		
0.366	-0.247	0.366	-0.139		
0.366	-0.225	0.366	-0.172		
0.365	-0.230	0.365	-0.176		
0.365	-0.187	0.365	-0.228		
0.364	-0.195	0.364	-0.164		
0.364	-0.219	0.364	-0.178		
0.363	-0.221	0.363	-0.175		
0.363	-0.215	0.363	-0.179		
0.362	-0.196	0.362	-0.185		
0.362	-0.230	0.362	-0.222		
0.361	-0.169	0.361	-0.181		
0.361	-0.184	0.361	-0.205		
0.360	-0.199	0.360	-0.178		
0.360	-0.149	0.360	-0.152		
0.359	-0.199	0.359	-0.195		
0.359	-0.238	0.359	-0.144		
0.358	-0.196	0.358	-0.150		
0.358	-0.189	0.358	-0.158		
0.357	-0.184	0.357	-0.150		
0.357	-0.189	0.357	-0.170		
0.356	-0.175	0.356	-0.219		
0.356	-0.135	0.356	-0.179		
0.355	-0.144	0.355	-0.132		
0.355	-0.169	0.355	-0.112		
0.354	-0.210	0.354	-0.164		
0.354	-0.164	0.354	-0.155		
0.353	-0.166	0.353	-0.166		
0.353	-0.182	0.353	-0.187		
0.352	-0.231	0.352	-0.159		
0.352	-0.155	0.352	-0.135		
0.351	-0.156	0.351	-0.156		
0.351	-0.130	0.351	-0.138		
0.350	-0.138	0.350	-0.159		
0.350	-0.176	0.350	-0.173		
0.349	-0.173	0.349	-0.182		
0.349	-0.212	0.349	-0.150		
0.348	-0.156	0.348	-0.095		
0.348	-0.156	0.348	-0.126		
0.347	-0.120	0.347	-0.106		
0.347	-0.123	0.347	-0.130		
0.346	-0.100	0.346	-0.132		
0.346	-0.093	0.346	-0.155		
0.345	-0.139	0.345	-0.187		
0.345	-0.139	0.345	-0.201		
0.344	-0.139	0.344	-0.166		
0.344	-0.146	0.344	-0.190		
0.344	-0.179	0.344	-0.127		
0.343	-0.159	0.343	-0.147		
0.343	-0.170	0.343	-0.136		
0.342	-0.158	0.342	-0.103		
0.342	-0.159	0.342	-0.176		
0.341	-0.149	0.341	-0.156		
0.341	-0.139	0.341	-0.149		
0.340	-0.136	0.340	-0.127		
0.340	-0.121	0.340	-0.092		
0.339	-0.138	0.339	-0.130		
0.339	-0.136	0.339	-0.127		
0.338	-0.129	0.338	-0.130		
0.338	-0.112	0.338	-0.130		
0.337	-0.156	0.337	-0.175		
0.337	-0.143	0.337	-0.130		
0.336	-0.130	0.336	-0.133		
0.336	-0.112	0.336	-0.156		
0.335	-0.120	0.335	-0.098		
0.335	-0.150	0.335	-0.095		
0.334	-0.113	0.334	-0.116		
0.334	-0.139	0.334	-0.123		
0.333	-0.100	0.333	-0.143		
0.333	-0.132	0.333	-0.136		
0.332	-0.138	0.332	-0.153		
0.332	-0.116	0.332	-0.133		
0.331	-0.133	0.331	-0.115		
0.331	-0.120	0.331	-0.095		
0.330	-0.124	0.330	-0.116		
0.330	-0.106	0.330	-0.118		
0.329	-0.123	0.329	-0.121		
0.329	-0.153	0.329	-0.081		
0.328	-0.143	0.328	-0.123		
0.328	-0.164	0.328	-0.139		
0.327	-0.149	0.327	-0.098		
0.327	-0.149	0.327	-0.156		
0.326	-0.159	0.326	-0.136		
0.326	-0.120	0.326	-0.147		
0.325	-0.136	0.325	-0.129		
0.325	-0.123	0.325	-0.098		
0.324	-0.127	0.324	-0.133		
0.324	-0.152	0.324	-0.136		
0.323	-0.101	0.323	-0.092		
0.323	-0.135	0.323	-0.109		
0.322	-0.104	0.322	-0.113		
0.322	-0.098	0.322	-0.090		
0.321	-0.126	0.321	-0.120		
0.321	-0.129	0.321	-0.115		
0.320	-0.129	0.320	-0.115		
0.320	-0.133	0.320	-0.126		
0.319	-0.149	0.319	-0.129		
0.319	-0.173	0.319	-0.098		
0.318	-0.147	0.318	-0.095		
0.318	-0.118	0.318	-0.130		
0.317	-0.078	0.317	-0.113		
0.317	-0.097	0.317	-0.077		
0.316	-0.100	0.316	-0.086		
0.316	-0.092	0.316	-0.086		
0.315	-0.093	0.315	-0.133		
0.315	-0.093	0.315	-0.152		
0.314	-0.080	0.314	-0.124		
0.314	-0.078	0.314	-0.103		
0.313	-0.127	0.313	-0.075		
0.313	-0.127	0.313	-0.092		
0.312	-0.106	0.312	-0.100		
0.311	-0.121	0.311	-0.107		
0.311	-0.158	0.311	-0.109		
0.310	-0.127	0.310	-0.112		
0.310	-0.123	0.310	-0.120		
0.309	-0.086	0.309	-0.115		
0.309	-0.104	0.309	-0.103		
0.308	-0.123	0.308	-0.098		
0.308	-0.101	0.308	-0.112		
0.307	-0.084	0.307	-0.075		
0.307	-0.103	0.307	-0.095		
0.306	-0.155	0.306	-0.124		
0.306	-0.133	0.306	-0.120		
0.305	-0.129	0.305	-0.106		
0.305	-0.107	0.305	-0.075		
0.304	-0.144	0.304	-0.087		
0.304	-0.118	0.304	-0.115		
0.303	-0.126	0.303	-0.100		
0.303	-0.083	0.303	-0.083		
0.302	-0.080	0.302	-0.064		
0.302	-0.133	0.302	-0.106		
0.301	-0.116	0.301	-0.133		
0.301	-0.116	0.301	-0.104		
0.300	-0.086	0.300	-0.121		
0.300	-0.084	0.300	-0.084		
0.299	-0.081	0.299	-0.080		
0.299	-0.127	0.299	-0.069		
0.298	-0.107	0.298	-0.078		
0.298	-0.141	0.298	-0.112		
0.297	-0.092	0.297	-0.098		
0.297	-0.112	0.297	-0.120		
0.296	-0.103	0.296	-0.104		
0.296	-0.090	0.296	-0.066		
0.295	-0.110	0.295	-0.081		
0.295	-0.075	0.295	-0.080		
0.294	-0.075	0.294	-0.095		
0.294	-0.109	0.294	-0.074		
0.293	-0.136	0.293	-0.103		
0.293	-0.098	0.293	-0.118		
0.292	-0.078	0.292	-0.086		
0.292	-0.093	0.292	-0.093		
0.291	-0.095	0.291	-0.066		
0.291	-0.078	0.291	-0.112		
0.290	-0.097	0.290	-0.103		
0.290	-0.130	0.290	-0.123		
0.289	-0.097	0.289	-0.078		
0.289	-0.104	0.289	-0.069		
0.288	-0.086	0.288	-0.107		
0.288	-0.104	0.288	-0.074		
0.287	-0.110	0.287	-0.080		
0.287	-0.078	0.287	-0.121		
0.286	-0.093	0.286	-0.104		
0.286	-0.066	0.286	-0.115		
0.285	-0.077	0.285	-0.095		
0.285	-0.101	0.285	-0.113		
0.284	-0.127	0.284	-0.115		
0.284	-0.120	0.284	-0.103		
0.283	-0.116	0.283	-0.121		
0.283	-0.086	0.283	-0.106		
0.282	-0.109	0.282	-0.112		
0.282	-0.078	0.282	-0.070		
0.281	-0.067	0.281	-0.101		
0.281	-0.118	0.281	-0.070		
0.281	-0.100	0.281	-0.075		
0.280	-0.123	0.280	-0.067		
0.280	-0.143	0.280	-0.086		
0.279	-0.133	0.279	-0.084		
0.279	-0.132	0.279	-0.075		
0.278	-0.116	0.278	-0.090		
0.278	-0.112	0.278	-0.100		
0.277	-0.124	0.277	-0.109		
0.277	-0.086	0.277	-0.110		
0.276	-0.078	0.276	-0.106		
0.276	-0.100	0.276	-0.103		
0.275	-0.115	0.275	-0.112		
0.275	-0.104	0.275	-0.054		
0.274	-0.120	0.274	-0.058		
0.274	-0.098	0.274	-0.086		
0.273	-0.109	0.273	-0.074		
0.273	-0.118	0.273	-0.057		
0.272	-0.149	0.272	-0.066		
0.272	-0.123	0.272	-0.118		
0.271	-0.127	0.271	-0.129		
0.271	-0.100	0.271	-0.101		
0.270	-0.104	0.270	-0.078		
0.270	-0.109	0.270	-0.092		
0.269	-0.109	0.269	-0.089		
0.269	-0.126	0.269	-0.090		
0.268	-0.121	0.268	-0.077		
0.268	-0.130	0.268	-0.097		
0.267	-0.123	0.267	-0.089		
0.267	-0.144	0.267	-0.084		
0.266	-0.098	0.266	-0.104		
0.266	-0.110	0.266	-0.104		
0.265	-0.104	0.265	-0.129		
0.265	-0.109	0.265	-0.074		
0.264	-0.124	0.264	-0.081		
0.264	-0.132	0.264	-0.060		
0.263	-0.126	0.263	-0.064		
0.263	-0.116	0.263	-0.087		
0.262	-0.074	0.262	-0.087		
0.262	-0.075	0.262	-0.084		
0.261	-0.092	0.261	-0.097		
0.261	-0.097	0.261	-0.104		
0.260	-0.066	0.260	-0.113		
0.260	-0.090	0.260	-0.103		
0.259	-0.070	0.259	-0.093		
0.259	-0.075	0.259	-0.124		
0.258	-0.109	0.258	-0.139		
0.258	-0.150	0.258	-0.116		
0.257	-0.121	0.257	-0.112		
0.257	-0.135	0.257	-0.081		
0.256	-0.127	0.256	-0.089		
0.256	-0.115	0.256	-0.093		
0.255	-0.103	0.255	-0.103		
0.255	-0.121	0.255	-0.090		
0.254	-0.124	0.254	-0.086		
0.254	-0.112	0.254	-0.112		
0.253	-0.086	0.253	-0.112		
0.253	-0.081	0.253	-0.124		
0.252	-0.103	0.252	-0.124		
0.252	-0.087	0.252	-0.132		
0.251	-0.093	0.251	-0.098		
0.251	-0.078	0.251	-0.118		
0.250	-0.109	0.250	-0.146		
0.250	-0.116	0.250	-0.130		
0.249	-0.077	0.249	-0.138		
0.248	-0.107	0.248	-0.083		
0.248	-0.093	0.248	-0.089		
0.247	-0.118	0.247	-0.121		
0.247	-0.116	0.247	-0.146		
0.246	-0.112	0.246	-0.109		
0.246	-0.146	0.246	-0.080		
0.245	-0.127	0.245	-0.075		
0.245	-0.109	0.245	-0.060		
0.244	-0.106	0.244	-0.106		
0.244	-0.113	0.244	-0.115		
0.243	-0.153	0.243	-0.101		
0.243	-0.150	0.243	-0.147		
0.242	-0.138	0.242	-0.169		
0.242	-0.118	0.242	-0.170		
0.241	-0.098	0.241	-0.118		
0.241	-0.109	0.241	-0.121		
0.240	-0.115	0.240	-0.109		
0.240	-0.113	0.240	-0.100		
0.239	-0.126	0.239	-0.120		
0.239	-0.133	0.239	-0.138		
0.238	-0.164	0.238	-0.178		
0.238	-0.130	0.238	-0.133		
0.237	-0.132	0.237	-0.167		
0.237	-0.115	0.237	-0.138		
0.236	-0.144	0.236	-0.144		
0.236	-0.170	0.236	-0.138		
0.235	-0.167	0.235	-0.135		
0.235	-0.158	0.235	-0.129		
0.234	-0.139	0.234	-0.113		
0.234	-0.124	0.234	-0.187		
0.234	-0.130	0.234	-0.162		
0.233	-0.167	0.233	-0.172		
0.233	-0.167	0.233	-0.127		
0.232	-0.167	0.232	-0.162		
0.232	-0.139	0.232	-0.146		
0.231	-0.135	0.231	-0.144		
0.231	-0.139	0.231	-0.136		
0.230	-0.181	0.230	-0.149		
0.230	-0.170	0.230	-0.185		
0.229	-0.161	0.229	-0.179		
0.229	-0.208	0.229	-0.158		
0.228	-0.136	0.228	-0.169		
0.228	-0.198	0.228	-0.156		
0.227	-0.218	0.227	-0.184		
0.227	-0.221	0.227	-0.187		
0.226	-0.155	0.226	-0.156		
0.226	-0.207	0.226	-0.192		
0.225	-0.205	0.225	-0.172		
0.225	-0.235	0.225	-0.192		
0.224	-0.198	0.224	-0.158		
0.224	-0.207	0.224	-0.199		
0.223	-0.225	0.223	-0.216		
0.223	-0.267	0.223	-0.270		
0.222	-0.224	0.222	-0.192		
0.222	-0.172	0.222	-0.179		
0.221	-0.192	0.221	-0.213		
0.221	-0.202	0.221	-0.258		
0.220	-0.182	0.220	-0.273		
0.220	-0.242	0.220	-0.259		
0.219	-0.253	0.219	-0.267		
0.219	-0.288	0.219	-0.242		
0.218	-0.231	0.218	-0.268		
0.217	-0.281	0.217	-0.230		
0.217	-0.265	0.217	-0.274		
0.216	-0.288	0.216	-0.313		
0.216	-0.268	0.216	-0.288		
0.215	-0.281	0.215	-0.305		
0.215	-0.322	0.215	-0.301		
0.214	-0.320	0.214	-0.250		
0.214	-0.330	0.214	-0.313		
0.213	-0.333	0.213	-0.356		
0.213	-0.363	0.213	-0.380		
0.212	-0.359	0.212	-0.377		
0.212	-0.347	0.212	-0.417		
0.211	-0.380	0.211	-0.419		
0.211	-0.356	0.211	-0.389		
0.210	-0.359	0.210	-0.377		
0.210	-0.347	0.210	-0.422		
0.209	-0.380	0.209	-0.454		
0.209	-0.416	0.209	-0.469		
0.208	-0.469	0.208	-0.475		
0.208	-0.532	0.208	-0.532		
0.207	-0.524	0.207	-0.589		
0.207	-0.529	0.207	-0.578		
0.206	-0.593	0.206	-0.638		
0.206	-0.620	0.206	-0.695		
0.205	-0.655	0.205	-0.751		
0.205	-0.643	0.205	-0.719		
0.204	-0.705	0.204	-0.791		
0.204	-0.819	0.204	-0.862		
0.203	-0.917	0.203	-0.891		
0.203	-0.911	0.203	-1.041		
0.203	-1.052	0.203	-1.135		
0.202	-0.994	0.202	-1.172		
0.202	-1.233	0.202	-1.419		
0.201	-1.340	0.201	-1.535		
0.201	-1.575	0.201	-1.669		
0.200	-1.777	0.200	-1.928		
0.200	-2.047	0.200	-2.150		
0.199	-2.351	0.199	-2.438		
0.199	-2.667	0.199	-2.823		
0.198	-3.126	0.198	-3.176		
0.198	-3.569	0.198	-3.606		
0.197	-3.966	0.197	-4.106		
0.197	-4.480	0.197	-4.448		
0.196	-4.960	0.196	-4.762		
0.196	-5.241	0.196	-4.920		
0.195	-5.647	0.195	-5.141		
0.195	-5.337	0.195	-4.833		
0.194	-5.104	0.194	-4.606		
0.194	-4.724	0.194	-4.231		
0.193	-4.291	0.193	-3.935		
0.193	-3.822	0.193	-3.572		
0.192	-3.466	0.192	-3.219		
0.192	-3.133	0.192	-2.885		
0.191	-2.721	0.191	-2.497		
0.191	-2.501	0.191	-2.287		
0.190	-2.196	0.190	-2.096		
0.190	-2.009	0.190	-1.863		
0.189	-1.851	0.189	-1.705		
0.189	-1.638	0.189	-1.632		
0.188	-1.554	0.188	-1.477		
0.188	-1.463	0.188	-1.391		
0.187	-1.316	0.187	-1.244		
0.186	-1.233	0.186	-1.210		
0.186	-1.212	0.186	-1.104		
0.185	-1.159	0.185	-1.058		
0.185	-1.106	0.185	-0.994		
0.184	-1.017	0.184	-0.948		
0.184	-0.919	0.184	-0.894		
0.183	-0.894	0.183	-0.903		
0.183	-0.825	0.183	-0.805		
0.182	-0.860	0.182	-0.877		
0.182	-0.721	0.182	-0.712		
0.181	-0.750	0.181	-0.802		
0.181	-0.756	0.181	-0.781		
0.180	-0.696	0.180	-0.770		
0.180	-0.656	0.180	-0.689		
0.179	-0.679	0.179	-0.635		
0.179	-0.687	0.179	-0.639		
0.178	-0.682	0.178	-0.666		
0.178	-0.675	0.178	-0.672		
0.177	-0.635	0.177	-0.653		
0.177	-0.635	0.177	-0.681		
0.176	-0.595	0.176	-0.653		
0.176	-0.570	0.176	-0.592		
0.175	-0.570	0.175	-0.581		
0.175	-0.560	0.175	-0.572		
0.174	-0.577	0.174	-0.572		
0.174	-0.570	0.174	-0.575		
0.173	-0.593	0.173	-0.547		
0.173	-0.646	0.173	-0.574		
0.172	-0.592	0.172	-0.593		
0.172	-0.618	0.172	-0.566		
0.172	-0.566	0.172	-0.584		
0.171	-0.575	0.171	-0.593		
0.171	-0.584	0.171	-0.598		
0.170	-0.574	0.170	-0.534		
0.170	-0.592	0.170	-0.560		
0.169	-0.512	0.169	-0.515		
0.169	-0.546	0.169	-0.532		
0.168	-0.524	0.168	-0.624		
0.168	-0.535	0.168	-0.601		
0.167	-0.544	0.167	-0.541		
0.167	-0.535	0.167	-0.586		
0.166	-0.529	0.166	-0.524		
0.166	-0.592	0.166	-0.546		
0.165	-0.607	0.165	-0.586		
0.165	-0.587	0.165	-0.552		
0.164	-0.584	0.164	-0.541		
0.164	-0.560	0.164	-0.561		
0.163	-0.532	0.163	-0.560		
0.163	-0.538	0.163	-0.589		
0.162	-0.534	0.162	-0.504		
0.162	-0.531	0.162	-0.558		
0.161	-0.549	0.161	-0.538		
0.161	-0.561	0.161	-0.529		
0.160	-0.538	0.160	-0.544		
0.160	-0.592	0.160	-0.523		
0.159	-0.543	0.159	-0.575		
0.159	-0.547	0.159	-0.583		
0.158	-0.544	0.158	-0.564		
0.158	-0.601	0.158	-0.537		
0.157	-0.563	0.157	-0.560		
0.157	-0.600	0.157	-0.554		
0.156	-0.581	0.156	-0.574		
0.155	-0.577	0.155	-0.557		
0.155	-0.662	0.155	-0.607		
0.154	-0.612	0.154	-0.583		
0.154	-0.601	0.154	-0.621		
0.153	-0.595	0.153	-0.616		
0.153	-0.580	0.153	-0.566		
0.152	-0.583	0.152	-0.544		
0.152	-0.581	0.152	-0.601		
0.151	-0.589	0.151	-0.601		
0.151	-0.540	0.151	-0.629		
0.150	-0.578	0.150	-0.630		
0.150	-0.563	0.150	-0.603		
0.149	-0.575	0.149	-0.601		
0.149	-0.574	0.149	-0.650		
0.148	-0.604	0.148	-0.603		
0.148	-0.613	0.148	-0.575		
0.147	-0.583	0.147	-0.616		
0.147	-0.547	0.147	-0.561		
0.146	-0.626	0.146	-0.555		
0.146	-0.574	0.146	-0.558		
0.145	-0.601	0.145	-0.600		
0.145	-0.560	0.145	-0.616		
0.144	-0.583	0.144	-0.550		
0.144	-0.587	0.144	-0.589		
0.143	-0.583	0.143	-0.606		
0.143	-0.600	0.143	-0.609		
0.142	-0.672	0.142	-0.653		
0.142	-0.578	0.142	-0.580		
0.141	-0.615	0.141	-0.603		
0.141	-0.587	0.141	-0.630		
0.141	-0.610	0.141	-0.610		
0.140	-0.561	0.140	-0.526		
0.140	-0.581	0.140	-0.604		
0.139	-0.635	0.139	-0.563		
0.139	-0.595	0.139	-0.590		
0.138	-0.581	0.138	-0.623		
0.138	-0.592	0.138	-0.636		
0.137	-0.659	0.137	-0.649		
0.137	-0.584	0.137	-0.598		
0.136	-0.575	0.136	-0.566		
0.136	-0.578	0.136	-0.661		
0.135	-0.574	0.135	-0.584		
0.135	-0.584	0.135	-0.607		
0.134	-0.604	0.134	-0.604		
0.134	-0.603	0.134	-0.577		
0.133	-0.603	0.133	-0.615		
0.133	-0.616	0.133	-0.624		
0.132	-0.595	0.132	-0.650		
0.132	-0.616	0.132	-0.621		
0.131	-0.612	0.131	-0.675		
0.131	-0.639	0.131	-0.669		
0.130	-0.656	0.130	-0.638		
0.130	-0.685	0.130	-0.621		
0.129	-0.613	0.129	-0.598		
0.129	-0.687	0.129	-0.626		
0.128	-0.633	0.128	-0.635		
0.128	-0.620	0.128	-0.633		
0.127	-0.595	0.127	-0.653		
0.127	-0.600	0.127	-0.632		
0.126	-0.612	0.126	-0.620		
0.126	-0.621	0.126	-0.626		
0.125	-0.610	0.125	-0.643		
0.125	-0.669	0.125	-0.632		
0.124	-0.649	0.124	-0.669		
0.123	-0.626	0.123	-0.624		
0.123	-0.632	0.123	-0.629		
0.122	-0.713	0.122	-0.675		
0.122	-0.603	0.122	-0.609		
0.121	-0.650	0.121	-0.676		
0.121	-0.635	0.121	-0.689		
0.120	-0.527	0.120	-0.646		
0.120	-0.650	0.120	-0.629		
0.119	-0.662	0.119	-0.604		
0.119	-0.607	0.119	-0.659		
0.118	-0.678	0.118	-0.646		
0.118	-0.620	0.118	-0.653		
0.117	-0.604	0.117	-0.650		
0.117	-0.612	0.117	-0.638		
0.117	-0.670	0.117	-0.679		
0.116	-0.670	0.116	-0.638		
0.116	-0.692	0.116	-0.689		
0.115	-0.705	0.115	-0.679		
0.115	-0.699	0.115	-0.713		
0.114	-0.721	0.114	-0.678		
0.114	-0.678	0.114	-0.635		
0.113	-0.710	0.113	-0.690		
0.113	-0.667	0.113	-0.738		
0.112	-0.715	0.112	-0.652		
0.112	-0.690	0.112	-0.685		
0.111	-0.712	0.111	-0.662		
0.111	-0.739	0.111	-0.696		
0.110	-0.698	0.110	-0.712		
0.110	-0.762	0.110	-0.653		
0.109	-0.731	0.109	-0.696		
0.108	-0.725	0.108	-0.751		
0.108	-0.679	0.108	-0.698		
0.107	-0.662	0.107	-0.708		
0.107	-0.728	0.107	-0.675		
0.106	-0.682	0.106	-0.675		
0.106	-0.731	0.106	-0.696		
0.105	-0.736	0.105	-0.713		
0.105	-0.751	0.105	-0.733		
0.104	-0.774	0.104	-0.788		
0.104	-0.733	0.104	-0.744		
0.103	-0.758	0.103	-0.741		
0.103	-0.695	0.103	-0.705		
0.102	-0.735	0.102	-0.707		
0.102	-0.600	0.102	-0.616		
0.102	-0.676	0.102	-0.735		
0.101	-0.715	0.101	-0.765		
0.101	-0.719	0.101	-0.761		
