E /V	I /uA	E /V	I /uA	E /V	I /uA	E /V	I /uA	E /V	I /uA
0.100	-0.078	0.100	-1.400	0.100	-1.373	0.100	-1.360	0.100	-1.348
0.099	-0.178	0.099	-1.417	0.099	-1.394	0.099	-1.380	0.099	-1.365
0.098	-0.288	0.098	-1.428	0.098	-1.402	0.098	-1.379	0.098	-1.363
0.097	-0.416	0.097	-1.439	0.097	-1.406	0.097	-1.389	0.097	-1.376
0.096	-0.531	0.096	-1.448	0.096	-1.412	0.096	-1.396	0.096	-1.383
0.095	-0.647	0.095	-1.455	0.095	-1.420	0.095	-1.406	0.095	-1.396
0.094	-0.758	0.094	-1.465	0.094	-1.432	0.094	-1.416	0.094	-1.402
0.093	-0.846	0.093	-1.471	0.093	-1.445	0.093	-1.429	0.093	-1.414
0.092	-0.926	0.092	-1.481	0.092	-1.454	0.092	-1.432	0.092	-1.425
0.091	-1.003	0.091	-1.495	0.091	-1.468	0.091	-1.451	0.091	-1.446
0.090	-1.067	0.090	-1.497	0.090	-1.478	0.090	-1.463	0.090	-1.448
0.089	-1.126	0.089	-1.512	0.089	-1.483	0.089	-1.469	0.089	-1.458
0.088	-1.173	0.088	-1.518	0.088	-1.491	0.088	-1.483	0.088	-1.472
0.087	-1.219	0.087	-1.532	0.087	-1.504	0.087	-1.498	0.087	-1.488
0.086	-1.258	0.086	-1.537	0.086	-1.515	0.086	-1.504	0.086	-1.497
0.085	-1.294	0.085	-1.555	0.085	-1.521	0.085	-1.523	0.085	-1.501
0.084	-1.327	0.084	-1.560	0.084	-1.535	0.084	-1.527	0.084	-1.521
0.083	-1.365	0.083	-1.577	0.083	-1.558	0.083	-1.552	0.083	-1.538
0.082	-1.392	0.082	-1.584	0.082	-1.557	0.082	-1.558	0.082	-1.546
0.081	-1.419	0.081	-1.595	0.081	-1.572	0.081	-1.566	0.081	-1.549
0.080	-1.445	0.080	-1.598	0.080	-1.578	0.080	-1.575	0.080	-1.566
0.079	-1.468	0.079	-1.610	0.079	-1.590	0.079	-1.592	0.079	-1.575
0.078	-1.485	0.078	-1.616	0.078	-1.598	0.078	-1.592	0.078	-1.584
0.077	-1.504	0.077	-1.633	0.077	-1.613	0.077	-1.604	0.077	-1.600
0.076	-1.527	0.076	-1.633	0.076	-1.621	0.076	-1.610	0.076	-1.606
0.075	-1.549	0.075	-1.652	0.075	-1.635	0.075	-1.636	0.075	-1.630
0.074	-1.561	0.074	-1.662	0.074	-1.639	0.074	-1.644	0.074	-1.629
0.073	-1.583	0.073	-1.672	0.073	-1.659	0.073	-1.650	0.073	-1.642
0.072	-1.600	0.072	-1.685	0.072	-1.665	0.072	-1.662	0.072	-1.649
0.071	-1.618	0.071	-1.696	0.071	-1.681	0.071	-1.673	0.071	-1.667
0.070	-1.629	0.070	-1.708	0.070	-1.688	0.070	-1.682	0.070	-1.678
0.069	-1.646	0.069	-1.716	0.069	-1.701	0.069	-1.693	0.069	-1.684
0.068	-1.662	0.068	-1.725	0.068	-1.712	0.068	-1.708	0.068	-1.692
0.067	-1.685	0.067	-1.748	0.067	-1.741	0.067	-1.738	0.067	-1.727
0.066	-1.695	0.066	-1.758	0.066	-1.745	0.066	-1.741	0.066	-1.733
0.065	-1.713	0.065	-1.762	0.065	-1.750	0.065	-1.739	0.065	-1.733
0.064	-1.724	0.064	-1.770	0.064	-1.751	0.064	-1.748	0.064	-1.742
0.063	-1.738	0.063	-1.779	0.063	-1.770	0.063	-1.764	0.063	-1.759
0.062	-1.754	0.062	-1.782	0.062	-1.770	0.062	-1.768	0.062	-1.759
0.061	-1.758	0.061	-1.802	0.061	-1.787	0.061	-1.785	0.061	-1.773
0.060	-1.774	0.060	-1.807	0.060	-1.790	0.060	-1.791	0.060	-1.782
0.059	-1.791	0.059	-1.830	0.059	-1.811	0.059	-1.814	0.059	-1.799
0.058	-1.805	0.058	-1.836	0.058	-1.822	0.058	-1.819	0.058	-1.807
0.057	-1.814	0.057	-1.842	0.057	-1.833	0.057	-1.827	0.057	-1.817
0.056	-1.831	0.056	-1.854	0.056	-1.839	0.056	-1.833	0.056	-1.825
0.055	-1.845	0.055	-1.868	0.055	-1.854	0.055	-1.846	0.055	-1.842
0.054	-1.857	0.054	-1.882	0.054	-1.856	0.054	-1.854	0.054	-1.846
0.053	-1.873	0.053	-1.894	0.053	-1.871	0.053	-1.865	0.053	-1.856
0.052	-1.883	0.052	-1.899	0.052	-1.883	0.052	-1.876	0.052	-1.868
0.051	-1.903	0.051	-1.928	0.051	-1.906	0.051	-1.905	0.051	-1.888
0.050	-1.914	0.050	-1.922	0.050	-1.909	0.050	-1.908	0.050	-1.896
0.049	-1.926	0.049	-1.935	0.049	-1.919	0.049	-1.912	0.049	-1.900
0.048	-1.938	0.048	-1.942	0.048	-1.925	0.048	-1.920	0.048	-1.903
0.047	-1.951	0.047	-1.958	0.047	-1.940	0.047	-1.937	0.047	-1.915
0.046	-1.960	0.046	-1.968	0.046	-1.945	0.046	-1.942	0.046	-1.928
0.045	-1.974	0.045	-1.974	0.045	-1.952	0.045	-1.955	0.045	-1.942
0.044	-1.980	0.044	-1.983	0.044	-1.963	0.044	-1.958	0.044	-1.940
0.043	-2.001	0.043	-2.003	0.043	-1.981	0.043	-1.978	0.043	-1.963
0.042	-2.015	0.042	-2.009	0.042	-1.986	0.042	-1.980	0.042	-1.966
0.041	-2.026	0.041	-2.011	0.041	-2.000	0.041	-1.989	0.041	-1.977
0.040	-2.034	0.040	-2.024	0.040	-2.001	0.040	-1.992	0.040	-1.981
0.039	-2.049	0.039	-2.040	0.039	-2.021	0.039	-2.011	0.039	-1.995
0.038	-2.055	0.038	-2.047	0.038	-2.021	0.038	-2.011	0.038	-1.994
0.037	-2.069	0.037	-2.057	0.037	-2.029	0.037	-2.026	0.037	-2.007
0.036	-2.078	0.036	-2.063	0.036	-2.043	0.036	-2.032	0.036	-2.018
0.035	-2.098	0.035	-2.081	0.035	-2.067	0.035	-2.057	0.035	-2.034
0.034	-2.104	0.034	-2.084	0.034	-2.063	0.034	-2.046	0.034	-2.035
0.033	-2.115	0.033	-2.092	0.033	-2.064	0.033	-2.055	0.033	-2.040
0.032	-2.119	0.032	-2.101	0.032	-2.072	0.032	-2.055	0.032	-2.046
0.031	-2.130	0.031	-2.106	0.031	-2.080	0.031	-2.066	0.031	-2.052
0.030	-2.139	0.030	-2.110	0.030	-2.086	0.030	-2.069	0.030	-2.057
0.029	-2.150	0.029	-2.124	0.029	-2.093	0.029	-2.078	0.029	-2.067
0.028	-2.158	0.028	-2.133	0.028	-2.106	0.028	-2.087	0.028	-2.067
0.027	-2.170	0.027	-2.139	0.027	-2.116	0.027	-2.106	0.027	-2.083
0.026	-2.179	0.026	-2.144	0.026	-2.116	0.026	-2.103	0.026	-2.083
0.025	-2.181	0.025	-2.153	0.025	-2.124	0.025	-2.109	0.025	-2.087
0.024	-2.193	0.024	-2.158	0.024	-2.126	0.024	-2.107	0.024	-2.090
0.023	-2.205	0.023	-2.167	0.023	-2.132	0.023	-2.123	0.023	-2.101
0.022	-2.215	0.022	-2.170	0.022	-2.146	0.022	-2.123	0.022	-2.103
0.021	-2.222	0.021	-2.176	0.021	-2.150	0.021	-2.118	0.021	-2.109
0.020	-2.224	0.020	-2.178	0.020	-2.150	0.020	-2.132	0.020	-2.109
0.019	-2.242	0.019	-2.198	0.019	-2.167	0.019	-2.155	0.019	-2.132
0.018	-2.247	0.018	-2.201	0.018	-2.162	0.018	-2.147	0.018	-2.126
0.017	-2.256	0.017	-2.204	0.017	-2.170	0.017	-2.149	0.017	-2.123
0.016	-2.250	0.016	-2.208	0.016	-2.175	0.016	-2.152	0.016	-2.130
0.015	-2.265	0.015	-2.211	0.015	-2.179	0.015	-2.155	0.015	-2.132
0.014	-2.267	0.014	-2.218	0.014	-2.179	0.014	-2.161	0.014	-2.133
0.013	-2.274	0.013	-2.219	0.013	-2.178	0.013	-2.161	0.013	-2.135
0.012	-2.285	0.012	-2.222	0.012	-2.184	0.012	-2.162	0.012	-2.135
0.011	-2.285	0.011	-2.230	0.011	-2.192	0.011	-2.176	0.011	-2.150
0.010	-2.288	0.010	-2.227	0.010	-2.195	0.010	-2.170	0.010	-2.146
0.009	-2.299	0.009	-2.233	0.009	-2.198	0.009	-2.169	0.009	-2.144
0.008	-2.300	0.008	-2.233	0.008	-2.192	0.008	-2.169	0.008	-2.142
0.007	-2.310	0.007	-2.247	0.007	-2.207	0.007	-2.175	0.007	-2.149
0.006	-2.311	0.006	-2.239	0.006	-2.202	0.006	-2.172	0.006	-2.146
0.005	-2.313	0.005	-2.242	0.005	-2.204	0.005	-2.176	0.005	-2.146
0.004	-2.313	0.004	-2.250	0.004	-2.204	0.004	-2.169	0.004	-2.150
0.003	-2.337	0.003	-2.281	0.003	-2.241	0.003	-2.215	0.003	-2.185
0.002	-2.333	0.002	-2.265	0.002	-2.221	0.002	-2.201	0.002	-2.158
0.001	-2.337	0.001	-2.261	0.001	-2.221	0.001	-2.192	0.001	-2.153
0.000	-2.337	0.000	-2.262	0.000	-2.216	0.000	-2.181	0.000	-2.152
-0.001	-2.339	-0.001	-2.268	-0.001	-2.213	-0.001	-2.187	-0.001	-2.153
-0.002	-2.342	-0.002	-2.267	-0.002	-2.216	-0.002	-2.178	-0.002	-2.149
-0.003	-2.346	-0.003	-2.261	-0.003	-2.222	-0.003	-2.181	-0.003	-2.152
-0.004	-2.348	-0.004	-2.270	-0.004	-2.222	-0.004	-2.184	-0.004	-2.146
-0.005	-2.351	-0.005	-2.279	-0.005	-2.231	-0.005	-2.193	-0.005	-2.159
-0.006	-2.365	-0.006	-2.276	-0.006	-2.221	-0.006	-2.190	-0.006	-2.150
-0.007	-2.360	-0.007	-2.285	-0.007	-2.231	-0.007	-2.193	-0.007	-2.149
-0.008	-2.365	-0.008	-2.279	-0.008	-2.228	-0.008	-2.193	-0.008	-2.147
-0.009	-2.371	-0.009	-2.293	-0.009	-2.238	-0.009	-2.193	-0.009	-2.162
-0.010	-2.273	-0.010	-2.149	-0.010	-2.063	-0.010	-2.011	-0.010	-1.951
-0.009	-1.960	-0.009	-1.710	-0.009	-1.560	-0.009	-1.457	-0.009	-1.379
-0.008	-1.580	-0.008	-1.205	-0.008	-0.995	-0.008	-0.863	-0.008	-0.765
-0.007	-1.176	-0.007	-0.707	-0.007	-0.469	-0.007	-0.319	-0.007	-0.215
-0.006	-0.802	-0.006	-0.274	-0.006	-0.026	-0.006	0.132	-0.006	0.222
-0.005	-0.452	-0.005	0.094	-0.005	0.351	-0.005	0.494	-0.005	0.597
-0.004	-0.161	-0.004	0.388	-0.004	0.630	-0.004	0.759	-0.004	0.850
-0.003	0.100	-0.003	0.629	-0.003	0.848	-0.003	0.972	-0.003	1.045
-0.002	0.308	-0.002	0.811	-0.002	1.012	-0.002	1.120	-0.002	1.184
-0.001	0.503	-0.001	0.971	-0.001	1.150	-0.001	1.245	-0.001	1.304
0.000	0.660	0.000	1.089	0.000	1.247	0.000	1.333	0.000	1.382
0.001	0.788	0.001	1.187	0.001	1.331	0.001	1.396	0.001	1.445
0.002	0.899	0.002	1.267	0.002	1.391	0.002	1.460	0.002	1.483
0.003	1.020	0.003	1.354	0.003	1.469	0.003	1.525	0.003	1.554
0.004	1.092	0.004	1.394	0.004	1.489	0.004	1.540	0.004	1.572
0.005	1.166	0.005	1.437	0.005	1.529	0.005	1.569	0.005	1.589
0.006	1.221	0.006	1.468	0.006	1.551	0.006	1.580	0.006	1.603
0.007	1.278	0.007	1.505	0.007	1.580	0.007	1.604	0.007	1.629
0.008	1.322	0.008	1.523	0.008	1.584	0.008	1.617	0.008	1.632
0.009	1.371	0.009	1.548	0.009	1.610	0.009	1.638	0.009	1.660
0.010	1.403	0.010	1.569	0.010	1.624	0.010	1.643	0.010	1.661
0.011	1.442	0.011	1.595	0.011	1.652	0.011	1.670	0.011	1.684
0.012	1.471	0.012	1.614	0.012	1.664	0.012	1.675	0.012	1.692
0.013	1.489	0.013	1.630	0.013	1.670	0.013	1.690	0.013	1.701
0.014	1.522	0.014	1.644	0.014	1.681	0.014	1.699	0.014	1.709
0.015	1.548	0.015	1.663	0.015	1.704	0.015	1.713	0.015	1.729
0.016	1.569	0.016	1.669	0.016	1.702	0.016	1.721	0.016	1.730
0.017	1.584	0.017	1.679	0.017	1.721	0.017	1.725	0.017	1.741
0.018	1.606	0.018	1.689	0.018	1.719	0.018	1.730	0.018	1.741
0.019	1.627	0.019	1.718	0.019	1.745	0.019	1.758	0.019	1.764
0.020	1.643	0.020	1.722	0.020	1.752	0.020	1.762	0.020	1.764
0.021	1.663	0.021	1.730	0.021	1.759	0.021	1.767	0.021	1.764
0.022	1.667	0.022	1.733	0.022	1.753	0.022	1.764	0.022	1.762
0.023	1.686	0.023	1.742	0.023	1.768	0.023	1.782	0.023	1.776
0.024	1.689	0.024	1.745	0.024	1.773	0.024	1.781	0.024	1.775
0.025	1.710	0.025	1.755	0.025	1.775	0.025	1.781	0.025	1.782
0.026	1.713	0.026	1.761	0.026	1.776	0.026	1.784	0.026	1.781
0.027	1.732	0.027	1.768	0.027	1.795	0.027	1.795	0.027	1.802
0.028	1.732	0.028	1.773	0.028	1.793	0.028	1.795	0.028	1.793
0.029	1.742	0.029	1.778	0.029	1.795	0.029	1.801	0.029	1.801
0.030	1.753	0.030	1.782	0.030	1.796	0.030	1.798	0.030	1.791
0.031	1.761	0.031	1.791	0.031	1.802	0.031	1.804	0.031	1.802
0.032	1.764	0.032	1.785	0.032	1.804	0.032	1.799	0.032	1.807
0.033	1.772	0.033	1.793	0.033	1.801	0.033	1.808	0.033	1.810
0.034	1.770	0.034	1.790	0.034	1.801	0.034	1.802	0.034	1.802
0.035	1.787	0.035	1.807	0.035	1.822	0.035	1.818	0.035	1.811
0.036	1.781	0.036	1.805	0.036	1.811	0.036	1.810	0.036	1.810
0.037	1.788	0.037	1.805	0.037	1.813	0.037	1.808	0.037	1.808
0.038	1.788	0.038	1.802	0.038	1.807	0.038	1.807	0.038	1.799
0.039	1.796	0.039	1.801	0.039	1.808	0.039	1.813	0.039	1.810
0.040	1.798	0.040	1.798	0.040	1.805	0.040	1.804	0.040	1.796
0.041	1.795	0.041	1.804	0.041	1.804	0.041	1.808	0.041	1.798
0.042	1.798	0.042	1.799	0.042	1.798	0.042	1.798	0.042	1.801
0.043	1.804	0.043	1.804	0.043	1.808	0.043	1.799	0.043	1.801
0.044	1.798	0.044	1.796	0.044	1.801	0.044	1.796	0.044	1.785
0.045	1.801	0.045	1.804	0.045	1.801	0.045	1.796	0.045	1.802
0.046	1.804	0.046	1.793	0.046	1.799	0.046	1.785	0.046	1.776
0.047	1.801	0.047	1.799	0.047	1.798	0.047	1.785	0.047	1.790
0.048	1.796	0.048	1.795	0.048	1.788	0.048	1.775	0.048	1.776
0.049	1.795	0.049	1.787	0.049	1.782	0.049	1.775	0.049	1.776
0.050	1.799	0.050	1.778	0.050	1.772	0.050	1.770	0.050	1.765
0.051	1.801	0.051	1.791	0.051	1.787	0.051	1.781	0.051	1.775
0.052	1.798	0.052	1.787	0.052	1.773	0.052	1.770	0.052	1.764
0.053	1.802	0.053	1.779	0.053	1.770	0.053	1.764	0.053	1.761
0.054	1.790	0.054	1.768	0.054	1.759	0.054	1.752	0.054	1.742
0.055	1.788	0.055	1.765	0.055	1.756	0.055	1.747	0.055	1.742
0.056	1.785	0.056	1.756	0.056	1.742	0.056	1.735	0.056	1.735
0.057	1.784	0.057	1.753	0.057	1.738	0.057	1.732	0.057	1.719
0.058	1.776	0.058	1.744	0.058	1.725	0.058	1.712	0.058	1.710
0.059	1.779	0.059	1.747	0.059	1.739	0.059	1.722	0.059	1.722
0.060	1.773	0.060	1.738	0.060	1.721	0.060	1.706	0.060	1.710
0.061	1.772	0.061	1.735	0.061	1.713	0.061	1.704	0.061	1.702
0.062	1.761	0.062	1.718	0.062	1.704	0.062	1.698	0.062	1.684
0.063	1.762	0.063	1.722	0.063	1.701	0.063	1.684	0.063	1.683
0.064	1.755	0.064	1.707	0.064	1.690	0.064	1.670	0.064	1.669
0.065	1.747	0.065	1.704	0.065	1.679	0.065	1.673	0.065	1.666
0.066	1.738	0.066	1.690	0.066	1.663	0.066	1.652	0.066	1.653
0.067	1.749	0.067	1.701	0.067	1.678	0.067	1.670	0.067	1.667
0.068	1.736	0.068	1.684	0.068	1.660	0.068	1.653	0.068	1.644
0.069	1.733	0.069	1.678	0.069	1.660	0.069	1.644	0.069	1.637
0.070	1.727	0.070	1.663	0.070	1.638	0.070	1.615	0.070	1.617
0.071	1.715	0.071	1.658	0.071	1.635	0.071	1.621	0.071	1.610
0.072	1.707	0.072	1.644	0.072	1.620	0.072	1.598	0.072	1.598
0.073	1.704	0.073	1.635	0.073	1.609	0.073	1.591	0.073	1.584
0.074	1.695	0.074	1.623	0.074	1.598	0.074	1.578	0.074	1.574
0.075	1.689	0.075	1.617	0.075	1.598	0.075	1.583	0.075	1.571
0.076	1.683	0.076	1.604	0.076	1.577	0.076	1.568	0.076	1.564
0.077	1.684	0.077	1.603	0.077	1.569	0.077	1.558	0.077	1.551
0.078	1.660	0.078	1.587	0.078	1.566	0.078	1.541	0.078	1.537
0.079	1.658	0.079	1.581	0.079	1.555	0.079	1.538	0.079	1.534
0.080	1.649	0.080	1.571	0.080	1.538	0.080	1.520	0.080	1.517
0.081	1.641	0.081	1.557	0.081	1.529	0.081	1.515	0.081	1.508
0.082	1.633	0.082	1.548	0.082	1.515	0.082	1.499	0.082	1.489
0.083	1.632	0.083	1.552	0.083	1.520	0.083	1.500	0.083	1.502
0.084	1.621	0.084	1.535	0.084	1.500	0.084	1.485	0.084	1.482
0.085	1.615	0.085	1.525	0.085	1.495	0.085	1.474	0.085	1.474
0.086	1.606	0.086	1.509	0.086	1.471	0.086	1.462	0.086	1.454
0.087	1.595	0.087	1.505	0.087	1.471	0.087	1.459	0.087	1.453
0.088	1.589	0.088	1.489	0.088	1.456	0.088	1.437	0.088	1.431
0.089	1.587	0.089	1.482	0.089	1.443	0.089	1.428	0.089	1.426
0.090	1.568	0.090	1.469	0.090	1.433	0.090	1.414	0.090	1.405
0.091	1.557	0.091	1.465	0.091	1.426	0.091	1.414	0.091	1.405
0.092	1.555	0.092	1.446	0.092	1.413	0.092	1.396	0.092	1.390
0.093	1.541	0.093	1.436	0.093	1.406	0.093	1.387	0.093	1.383
0.094	1.535	0.094	1.426	0.094	1.382	0.094	1.371	0.094	1.365
0.095	1.523	0.095	1.419	0.095	1.387	0.095	1.364	0.095	1.367
0.096	1.517	0.096	1.410	0.096	1.368	0.096	1.353	0.096	1.337
0.097	1.506	0.097	1.394	0.097	1.360	0.097	1.341	0.097	1.328
0.098	1.497	0.098	1.382	0.098	1.347	0.098	1.327	0.098	1.321
0.099	1.486	0.099	1.374	0.099	1.353	0.099	1.328	0.099	1.321
0.100	1.483	0.100	1.367	0.100	1.322	0.100	1.311	0.100	1.298
0.101	1.474	0.101	1.360	0.101	1.318	0.101	1.298	0.101	1.298
0.102	1.465	0.102	1.342	0.102	1.301	0.102	1.282	0.102	1.270
0.103	1.453	0.103	1.337	0.103	1.296	0.103	1.279	0.103	1.270
0.104	1.446	0.104	1.321	0.104	1.279	0.104	1.259	0.104	1.255
0.105	1.431	0.105	1.314	0.105	1.275	0.105	1.252	0.105	1.252
0.106	1.423	0.106	1.301	0.106	1.256	0.106	1.242	0.106	1.232
0.107	1.420	0.107	1.290	0.107	1.255	0.107	1.242	0.107	1.227
0.108	1.405	0.108	1.279	0.108	1.239	0.108	1.221	0.108	1.215
0.109	1.400	0.109	1.270	0.109	1.229	0.109	1.204	0.109	1.203
0.110	1.388	0.110	1.255	0.110	1.212	0.110	1.192	0.110	1.184
0.111	1.379	0.111	1.245	0.111	1.210	0.111	1.189	0.111	1.180
0.112	1.370	0.112	1.235	0.112	1.193	0.112	1.176	0.112	1.170
0.113	1.357	0.113	1.230	0.113	1.186	0.113	1.167	0.113	1.160
0.114	1.350	0.114	1.219	0.114	1.169	0.114	1.152	0.114	1.143
0.115	1.344	0.115	1.209	0.115	1.173	0.115	1.152	0.115	1.146
0.116	1.334	0.116	1.201	0.116	1.158	0.116	1.132	0.116	1.123
0.117	1.324	0.117	1.189	0.117	1.147	0.117	1.126	0.117	1.112
0.118	1.313	0.118	1.176	0.118	1.135	0.118	1.109	0.118	1.098
0.119	1.299	0.119	1.164	0.119	1.132	0.119	1.104	0.119	1.095
0.120	1.296	0.120	1.150	0.120	1.112	0.120	1.092	0.120	1.078
0.121	1.282	0.121	1.144	0.121	1.101	0.121	1.084	0.121	1.071
0.122	1.275	0.122	1.132	0.122	1.089	0.122	1.068	0.122	1.054
0.123	1.268	0.123	1.130	0.123	1.084	0.123	1.071	0.123	1.058
0.124	1.255	0.124	1.115	0.124	1.075	0.124	1.045	0.124	1.032
0.125	1.244	0.125	1.104	0.125	1.066	0.125	1.040	0.125	1.023
0.126	1.238	0.126	1.092	0.126	1.054	0.126	1.028	0.126	1.012
0.127	1.233	0.127	1.091	0.127	1.045	0.127	1.018	0.127	1.005
0.128	1.222	0.128	1.077	0.128	1.035	0.128	1.006	0.128	0.995
0.129	1.210	0.129	1.072	0.129	1.014	0.129	0.997	0.129	0.979
0.130	1.193	0.130	1.055	0.130	1.003	0.130	0.983	0.130	0.971
0.131	1.198	0.131	1.058	0.131	1.018	0.131	0.992	0.131	0.983
0.132	1.187	0.132	1.045	0.132	0.992	0.132	0.969	0.132	0.956
0.133	1.180	0.133	1.031	0.133	0.989	0.133	0.957	0.133	0.945
0.134	1.173	0.134	1.022	0.134	0.971	0.134	0.939	0.134	0.934
0.135	1.166	0.135	1.012	0.135	0.969	0.135	0.936	0.135	0.928
0.136	1.147	0.136	0.999	0.136	0.949	0.136	0.923	0.136	0.910
0.137	1.141	0.137	0.991	0.137	0.946	0.137	0.919	0.137	0.899
0.138	1.126	0.138	0.980	0.138	0.934	0.138	0.900	0.138	0.888
0.139	1.126	0.139	0.974	0.139	0.933	0.139	0.897	0.139	0.888
0.140	1.117	0.140	0.965	0.140	0.920	0.140	0.888	0.140	0.870
0.141	1.110	0.141	0.960	0.141	0.908	0.141	0.880	0.141	0.865
0.142	1.101	0.142	0.953	0.142	0.899	0.142	0.868	0.142	0.853
0.143	1.100	0.143	0.940	0.143	0.897	0.143	0.864	0.143	0.847
0.144	1.084	0.144	0.926	0.144	0.882	0.144	0.854	0.144	0.830
0.145	1.080	0.145	0.922	0.145	0.871	0.145	0.847	0.145	0.828
0.146	1.072	0.146	0.917	0.146	0.864	0.146	0.841	0.146	0.810
0.147	1.069	0.147	0.914	0.147	0.870	0.147	0.834	0.147	0.816
0.148	1.057	0.148	0.902	0.148	0.850	0.148	0.818	0.148	0.799
0.149	1.049	0.149	0.899	0.149	0.845	0.149	0.811	0.149	0.788
0.150	1.043	0.150	0.880	0.150	0.834	0.150	0.799	0.150	0.779
0.151	1.041	0.151	0.883	0.151	0.833	0.151	0.795	0.151	0.775
0.152	1.029	0.152	0.874	0.152	0.819	0.152	0.784	0.152	0.767
0.153	1.025	0.153	0.860	0.153	0.816	0.153	0.782	0.153	0.762
0.154	1.017	0.154	0.862	0.154	0.805	0.154	0.768	0.154	0.745
0.155	1.012	0.155	0.859	0.155	0.804	0.155	0.772	0.155	0.749
0.156	1.017	0.156	0.854	0.156	0.798	0.156	0.753	0.156	0.729
0.157	0.999	0.157	0.847	0.157	0.790	0.157	0.755	0.157	0.724
0.158	1.000	0.158	0.837	0.158	0.781	0.158	0.739	0.158	0.718
0.159	0.995	0.159	0.842	0.159	0.781	0.159	0.745	0.159	0.716
0.160	0.995	0.160	0.834	0.160	0.773	0.160	0.736	0.160	0.703
0.161	0.991	0.161	0.830	0.161	0.773	0.161	0.732	0.161	0.703
0.162	0.983	0.162	0.825	0.162	0.761	0.162	0.719	0.162	0.689
0.163	0.988	0.163	0.828	0.163	0.770	0.163	0.721	0.163	0.690
0.164	0.980	0.164	0.816	0.164	0.755	0.164	0.712	0.164	0.672
0.165	0.989	0.165	0.814	0.165	0.749	0.165	0.703	0.165	0.672
0.166	0.974	0.166	0.810	0.166	0.742	0.166	0.692	0.166	0.663
0.167	0.972	0.167	0.805	0.167	0.741	0.167	0.698	0.167	0.663
0.168	0.971	0.168	0.802	0.168	0.732	0.168	0.689	0.168	0.650
0.169	0.968	0.169	0.801	0.169	0.729	0.169	0.675	0.169	0.641
0.170	0.963	0.170	0.807	0.170	0.722	0.170	0.667	0.170	0.635
0.171	0.969	0.171	0.807	0.171	0.727	0.171	0.672	0.171	0.635
0.172	0.963	0.172	0.795	0.172	0.721	0.172	0.666	0.172	0.621
0.173	0.966	0.173	0.788	0.173	0.715	0.173	0.657	0.173	0.621
0.174	0.962	0.174	0.788	0.174	0.709	0.174	0.653	0.174	0.612
0.175	0.965	0.175	0.781	0.175	0.709	0.175	0.650	0.175	0.612
0.176	0.956	0.176	0.776	0.176	0.704	0.176	0.643	0.176	0.600
0.177	0.957	0.177	0.776	0.177	0.692	0.177	0.640	0.177	0.594
0.178	0.948	0.178	0.772	0.178	0.692	0.178	0.634	0.178	0.587
0.179	0.951	0.179	0.772	0.179	0.692	0.179	0.634	0.179	0.592
0.180	0.943	0.180	0.764	0.180	0.683	0.180	0.630	0.180	0.584
0.181	0.942	0.181	0.767	0.181	0.676	0.181	0.617	0.181	0.575
0.182	0.931	0.182	0.750	0.182	0.673	0.182	0.607	0.182	0.571
0.183	0.930	0.183	0.747	0.183	0.666	0.183	0.606	0.183	0.571
0.184	0.914	0.184	0.742	0.184	0.661	0.184	0.601	0.184	0.557
0.185	0.914	0.185	0.741	0.185	0.664	0.185	0.600	0.185	0.557
0.186	0.905	0.186	0.733	0.186	0.649	0.186	0.594	0.186	0.546
0.187	0.903	0.187	0.729	0.187	0.643	0.187	0.591	0.187	0.546
0.188	0.891	0.188	0.722	0.188	0.640	0.188	0.580	0.188	0.538
0.189	0.883	0.189	0.713	0.189	0.638	0.189	0.581	0.189	0.532
0.190	0.873	0.190	0.709	0.190	0.626	0.190	0.571	0.190	0.526
0.191	0.873	0.191	0.706	0.191	0.627	0.191	0.564	0.191	0.523
0.192	0.857	0.192	0.696	0.192	0.617	0.192	0.557	0.192	0.517
0.193	0.848	0.193	0.690	0.193	0.614	0.193	0.558	0.193	0.509
0.194	0.842	0.194	0.689	0.194	0.606	0.194	0.549	0.194	0.506
0.195	0.836	0.195	0.690	0.195	0.609	0.195	0.548	0.195	0.512
0.196	0.827	0.196	0.675	0.196	0.592	0.196	0.541	0.196	0.491
0.197	0.822	0.197	0.672	0.197	0.597	0.197	0.535	0.197	0.488
0.198	0.805	0.198	0.657	0.198	0.575	0.198	0.522	0.198	0.488
0.199	0.802	0.199	0.658	0.199	0.578	0.199	0.522	0.199	0.483
0.200	0.796	0.200	0.647	0.200	0.568	0.200	0.514	0.200	0.471
0.201	0.785	0.201	0.635	0.201	0.560	0.201	0.508	0.201	0.471
0.202	0.773	0.202	0.629	0.202	0.561	0.202	0.494	0.202	0.460
0.203	0.767	0.203	0.624	0.203	0.554	0.203	0.500	0.203	0.460
0.204	0.756	0.204	0.615	0.204	0.546	0.204	0.492	0.204	0.451
0.205	0.747	0.205	0.614	0.205	0.531	0.205	0.483	0.205	0.442
0.206	0.738	0.206	0.595	0.206	0.526	0.206	0.476	0.206	0.434
0.207	0.732	0.207	0.591	0.207	0.517	0.207	0.472	0.207	0.434
0.208	0.718	0.208	0.581	0.208	0.515	0.208	0.466	0.208	0.423
0.209	0.707	0.209	0.577	0.209	0.503	0.209	0.456	0.209	0.420
0.210	0.695	0.210	0.571	0.210	0.502	0.210	0.445	0.210	0.416
0.211	0.692	0.211	0.557	0.211	0.497	0.211	0.446	0.211	0.414
0.212	0.686	0.212	0.549	0.212	0.482	0.212	0.437	0.212	0.403
0.213	0.672	0.213	0.537	0.213	0.477	0.213	0.431	0.213	0.405
0.214	0.660	0.214	0.529	0.214	0.466	0.214	0.428	0.214	0.393
0.215	0.647	0.215	0.522	0.215	0.462	0.215	0.422	0.215	0.391
0.216	0.637	0.216	0.509	0.216	0.453	0.216	0.411	0.216	0.387
0.217	0.627	0.217	0.505	0.217	0.448	0.217	0.407	0.217	0.384
0.218	0.618	0.218	0.492	0.218	0.436	0.218	0.397	0.218	0.376
0.219	0.603	0.219	0.491	0.219	0.439	0.219	0.399	0.219	0.371
0.220	0.600	0.220	0.480	0.220	0.420	0.220	0.390	0.220	0.365
0.221	0.587	0.221	0.471	0.221	0.419	0.221	0.385	0.221	0.361
0.222	0.577	0.222	0.463	0.222	0.414	0.222	0.376	0.222	0.359
0.223	0.566	0.223	0.454	0.223	0.407	0.223	0.374	0.223	0.356
0.224	0.555	0.224	0.442	0.224	0.399	0.224	0.367	0.224	0.351
0.225	0.552	0.225	0.439	0.225	0.393	0.225	0.361	0.225	0.341
0.226	0.535	0.226	0.436	0.226	0.388	0.226	0.364	0.226	0.344
0.227	0.528	0.227	0.426	0.227	0.387	0.227	0.356	0.227	0.334
0.228	0.525	0.228	0.416	0.228	0.379	0.228	0.347	0.228	0.330
0.229	0.508	0.229	0.411	0.229	0.373	0.229	0.339	0.229	0.334
0.230	0.500	0.230	0.399	0.230	0.359	0.230	0.342	0.230	0.324
0.231	0.492	0.231	0.402	0.231	0.356	0.231	0.333	0.231	0.321
0.232	0.483	0.232	0.391	0.232	0.351	0.232	0.330	0.232	0.316
0.233	0.479	0.233	0.384	0.233	0.353	0.233	0.328	0.233	0.315
0.234	0.472	0.234	0.382	0.234	0.348	0.234	0.321	0.234	0.316
0.235	0.469	0.235	0.377	0.235	0.344	0.235	0.324	0.235	0.311
0.236	0.456	0.236	0.367	0.236	0.339	0.236	0.319	0.236	0.310
0.237	0.449	0.237	0.364	0.237	0.338	0.237	0.318	0.237	0.311
0.238	0.446	0.238	0.357	0.238	0.330	0.238	0.311	0.238	0.298
0.239	0.443	0.239	0.351	0.239	0.331	0.239	0.308	0.239	0.302
0.240	0.436	0.240	0.350	0.240	0.322	0.240	0.311	0.240	0.304
0.241	0.426	0.241	0.344	0.241	0.325	0.241	0.302	0.241	0.296
0.242	0.423	0.242	0.341	0.242	0.316	0.242	0.301	0.242	0.293
0.243	0.420	0.243	0.342	0.243	0.318	0.243	0.298	0.243	0.295
0.244	0.413	0.244	0.339	0.244	0.313	0.244	0.296	0.244	0.296
0.245	0.417	0.245	0.338	0.245	0.315	0.245	0.298	0.245	0.293
0.246	0.405	0.246	0.342	0.246	0.316	0.246	0.301	0.246	0.287
0.247	0.407	0.247	0.331	0.247	0.310	0.247	0.298	0.247	0.293
0.248	0.402	0.248	0.327	0.248	0.307	0.248	0.288	0.248	0.293
0.249	0.397	0.249	0.330	0.249	0.308	0.249	0.291	0.249	0.285
0.250	0.396	0.250	0.327	0.250	0.302	0.250	0.291	0.250	0.287
0.251	0.396	0.251	0.324	0.251	0.304	0.251	0.295	0.251	0.287
0.252	0.388	0.252	0.325	0.252	0.313	0.252	0.291	0.252	0.287
0.253	0.393	0.253	0.324	0.253	0.305	0.253	0.298	0.253	0.287
0.254	0.391	0.254	0.319	0.254	0.305	0.254	0.291	0.254	0.287
0.255	0.390	0.255	0.321	0.255	0.305	0.255	0.293	0.255	0.295
0.256	0.385	0.256	0.319	0.256	0.301	0.256	0.290	0.256	0.290
0.257	0.384	0.257	0.315	0.257	0.298	0.257	0.296	0.257	0.285
0.258	0.385	0.258	0.318	0.258	0.299	0.258	0.295	0.258	0.279
0.259	0.390	0.259	0.325	0.259	0.310	0.259	0.304	0.259	0.296
0.260	0.390	0.260	0.322	0.260	0.305	0.260	0.293	0.260	0.298
0.261	0.380	0.261	0.321	0.261	0.302	0.261	0.298	0.261	0.296
0.262	0.385	0.262	0.325	0.262	0.305	0.262	0.296	0.262	0.299
0.263	0.380	0.263	0.324	0.263	0.315	0.263	0.301	0.263	0.299
0.264	0.384	0.264	0.321	0.264	0.308	0.264	0.304	0.264	0.302
0.265	0.387	0.265	0.328	0.265	0.310	0.265	0.302	0.265	0.301
0.266	0.382	0.266	0.327	0.266	0.315	0.266	0.310	0.266	0.302
0.267	0.388	0.267	0.327	0.267	0.318	0.267	0.311	0.267	0.305
0.268	0.390	0.268	0.333	0.268	0.316	0.268	0.305	0.268	0.310
0.269	0.388	0.269	0.330	0.269	0.321	0.269	0.311	0.269	0.310
0.270	0.387	0.270	0.334	0.270	0.322	0.270	0.319	0.270	0.319
0.271	0.394	0.271	0.336	0.271	0.325	0.271	0.327	0.271	0.321
0.272	0.390	0.272	0.339	0.272	0.327	0.272	0.331	0.272	0.321
0.273	0.396	0.273	0.345	0.273	0.333	0.273	0.321	0.273	0.325
0.274	0.396	0.274	0.345	0.274	0.334	0.274	0.334	0.274	0.338
0.275	0.402	0.275	0.351	0.275	0.342	0.275	0.339	0.275	0.342
0.276	0.407	0.276	0.353	0.276	0.345	0.276	0.341	0.276	0.342
0.277	0.403	0.277	0.361	0.277	0.350	0.277	0.344	0.277	0.347
0.278	0.410	0.278	0.359	0.278	0.351	0.278	0.347	0.278	0.351
0.279	0.413	0.279	0.367	0.279	0.357	0.279	0.356	0.279	0.351
0.280	0.414	0.280	0.365	0.280	0.367	0.280	0.361	0.280	0.362
0.281	0.417	0.281	0.374	0.281	0.365	0.281	0.362	0.281	0.365
0.282	0.426	0.282	0.379	0.282	0.373	0.282	0.370	0.282	0.374
0.283	0.425	0.283	0.387	0.283	0.380	0.283	0.374	0.283	0.387
0.284	0.428	0.284	0.385	0.284	0.382	0.284	0.385	0.284	0.387
0.285	0.434	0.285	0.394	0.285	0.390	0.285	0.390	0.285	0.394
0.286	0.440	0.286	0.400	0.286	0.400	0.286	0.397	0.286	0.400
0.287	0.443	0.287	0.407	0.287	0.403	0.287	0.400	0.287	0.408
0.288	0.448	0.288	0.410	0.288	0.407	0.288	0.410	0.288	0.416
0.289	0.449	0.289	0.414	0.289	0.414	0.289	0.416	0.289	0.426
0.290	0.463	0.290	0.425	0.290	0.428	0.290	0.425	0.290	0.436
0.291	0.471	0.291	0.428	0.291	0.439	0.291	0.443	0.291	0.446
0.292	0.476	0.292	0.439	0.292	0.440	0.292	0.453	0.292	0.453
0.293	0.488	0.293	0.446	0.293	0.449	0.293	0.454	0.293	0.463
0.294	0.491	0.294	0.457	0.294	0.459	0.294	0.463	0.294	0.477
0.295	0.492	0.295	0.463	0.295	0.469	0.295	0.479	0.295	0.494
0.296	0.505	0.296	0.471	0.296	0.482	0.296	0.494	0.296	0.505
0.297	0.509	0.297	0.479	0.297	0.491	0.297	0.503	0.297	0.512
0.298	0.517	0.298	0.495	0.298	0.502	0.298	0.515	0.298	0.528
0.299	0.525	0.299	0.503	0.299	0.520	0.299	0.525	0.299	0.545
0.300	0.534	0.300	0.520	0.300	0.529	0.300	0.540	0.300	0.560
0.301	0.545	0.301	0.532	0.301	0.543	0.301	0.561	0.301	0.577
0.302	0.555	0.302	0.540	0.302	0.557	0.302	0.571	0.302	0.589
0.303	0.566	0.303	0.555	0.303	0.574	0.303	0.586	0.303	0.607
0.304	0.581	0.304	0.571	0.304	0.595	0.304	0.609	0.304	0.629
0.305	0.592	0.305	0.581	0.305	0.607	0.305	0.623	0.305	0.650
0.306	0.604	0.306	0.603	0.306	0.626	0.306	0.647	0.306	0.664
0.307	0.621	0.307	0.620	0.307	0.640	0.307	0.673	0.307	0.696
0.308	0.637	0.308	0.637	0.308	0.669	0.308	0.689	0.308	0.718
0.309	0.653	0.309	0.661	0.309	0.686	0.309	0.713	0.309	0.749
0.310	0.670	0.310	0.673	0.310	0.709	0.310	0.742	0.310	0.772
0.311	0.687	0.311	0.695	0.311	0.736	0.311	0.765	0.311	0.796
0.312	0.699	0.312	0.712	0.312	0.759	0.312	0.793	0.312	0.828
0.313	0.721	0.313	0.747	0.313	0.784	0.313	0.825	0.313	0.862
0.314	0.741	0.314	0.768	0.314	0.811	0.314	0.853	0.314	0.896
0.315	0.765	0.315	0.793	0.315	0.847	0.315	0.882	0.315	0.923
0.316	0.793	0.316	0.819	0.316	0.873	0.316	0.922	0.316	0.968
0.317	0.814	0.317	0.844	0.317	0.908	0.317	0.963	0.317	1.003
0.318	0.841	0.318	0.880	0.318	0.946	0.318	0.994	0.318	1.034
0.319	0.859	0.319	0.910	0.319	0.976	0.319	1.032	0.319	1.084
0.320	0.893	0.320	0.943	0.320	1.012	0.320	1.072	0.320	1.120
0.321	0.920	0.321	0.979	0.321	1.057	0.321	1.114	0.321	1.166
0.322	0.959	0.322	1.015	0.322	1.086	0.322	1.163	0.322	1.213
0.323	0.992	0.323	1.058	0.323	1.137	0.323	1.203	0.323	1.259
0.324	1.015	0.324	1.091	0.324	1.184	0.324	1.245	0.324	1.305
0.325	1.055	0.325	1.133	0.325	1.222	0.325	1.298	0.325	1.367
0.326	1.094	0.326	1.180	0.326	1.267	0.326	1.345	0.326	1.410
0.327	1.127	0.327	1.221	0.327	1.316	0.327	1.394	0.327	1.465
0.328	1.167	0.328	1.264	0.328	1.362	0.328	1.451	0.328	1.506
0.329	1.204	0.329	1.305	0.329	1.411	0.329	1.502	0.329	1.575
0.330	1.247	0.330	1.354	0.330	1.469	0.330	1.558	0.330	1.633
0.331	1.290	0.331	1.405	0.331	1.520	0.331	1.612	0.331	1.695
0.332	1.334	0.332	1.456	0.332	1.578	0.332	1.678	0.332	1.756
0.333	1.373	0.333	1.502	0.333	1.632	0.333	1.732	0.333	1.819
0.334	1.426	0.334	1.554	0.334	1.687	0.334	1.796	0.334	1.890
0.335	1.474	0.335	1.617	0.335	1.749	0.335	1.862	0.335	1.960
0.336	1.525	0.336	1.678	0.336	1.816	0.336	1.929	0.336	2.012
0.337	1.574	0.337	1.733	0.337	1.877	0.337	1.997	0.337	2.095
0.338	1.621	0.338	1.795	0.338	1.940	0.338	2.071	0.338	2.164
0.339	1.679	0.339	1.856	0.339	2.020	0.339	2.147	0.339	2.247
0.340	1.739	0.340	1.911	0.340	2.089	0.340	2.215	0.340	2.316
0.341	1.796	0.341	1.983	0.341	2.158	0.341	2.293	0.341	2.393
0.342	1.862	0.342	2.052	0.342	2.233	0.342	2.370	0.342	2.475
0.343	1.928	0.343	2.129	0.343	2.310	0.343	2.446	0.343	2.554
0.344	1.988	0.344	2.193	0.344	2.382	0.344	2.531	0.344	2.635
0.345	2.054	0.345	2.271	0.345	2.460	0.345	2.615	0.345	2.727
0.346	2.115	0.346	2.339	0.346	2.543	0.346	2.693	0.346	2.813
0.347	2.190	0.347	2.425	0.347	2.632	0.347	2.782	0.347	2.897
0.348	2.267	0.348	2.509	0.348	2.716	0.348	2.870	0.348	2.985
0.349	2.334	0.349	2.586	0.349	2.805	0.349	2.960	0.349	3.074
0.350	2.410	0.350	2.669	0.350	2.888	0.350	3.049	0.350	3.166
0.351	2.491	0.351	2.756	0.351	2.985	0.351	3.143	0.351	3.262
0.352	2.571	0.352	2.847	0.352	3.069	0.352	3.235	0.352	3.344
0.353	2.650	0.353	2.940	0.353	3.166	0.353	3.330	0.353	3.434
0.354	2.744	0.354	3.031	0.354	3.262	0.354	3.422	0.354	3.525
0.355	2.830	0.355	3.130	0.355	3.357	0.355	3.520	0.355	3.617
0.356	2.916	0.356	3.216	0.356	3.462	0.356	3.604	0.356	3.698
0.357	3.008	0.357	3.316	0.357	3.555	0.357	3.699	0.357	3.779
0.358	3.104	0.358	3.416	0.358	3.647	0.358	3.784	0.358	3.856
0.359	3.198	0.359	3.514	0.359	3.733	0.359	3.876	0.359	3.931
0.360	3.294	0.360	3.606	0.360	3.833	0.360	3.951	0.360	3.986
0.361	3.386	0.361	3.705	0.361	3.922	0.361	4.021	0.361	4.034
0.362	3.489	0.362	3.807	0.362	4.003	0.362	4.081	0.362	4.066
0.363	3.590	0.363	3.900	0.363	4.090	0.363	4.138	0.363	4.095
0.364	3.686	0.364	3.988	0.364	4.149	0.364	4.172	0.364	4.083
0.365	3.787	0.365	4.072	0.365	4.202	0.365	4.187	0.365	4.040
0.366	3.880	0.366	4.144	0.366	4.233	0.366	4.163	0.366	3.962
0.367	3.977	0.367	4.207	0.367	4.250	0.367	4.110	0.367	3.836
0.368	4.061	0.368	4.256	0.368	4.232	0.368	4.006	0.368	3.652
0.369	4.136	0.369	4.284	0.369	4.175	0.369	3.840	0.369	3.393
0.370	4.207	0.370	4.281	0.370	4.067	0.370	3.618	0.370	3.060
0.371	4.273	0.371	4.247	0.371	3.903	0.371	3.307	0.371	2.649
0.372	4.311	0.372	4.169	0.372	3.649	0.372	2.902	0.372	2.179
0.373	4.325	0.373	4.034	0.373	3.311	0.373	2.425	0.373	1.690
0.374	4.307	0.374	3.813	0.374	2.879	0.374	1.917	0.374	1.244
0.375	4.255	0.375	3.520	0.375	2.373	0.375	1.426	0.375	0.877
0.376	4.143	0.376	3.123	0.376	1.842	0.376	1.006	0.376	0.620
0.377	3.965	0.377	2.664	0.377	1.360	0.377	0.703	0.377	0.451
0.378	3.715	0.378	2.158	0.378	0.951	0.378	0.502	0.378	0.367
0.379	3.374	0.379	1.658	0.379	0.666	0.379	0.391	0.379	0.325
0.380	2.937	0.380	1.207	0.380	0.485	0.380	0.333	0.380	0.301
0.381	2.436	0.381	0.859	0.381	0.390	0.381	0.313	0.381	0.288
0.382	1.919	0.382	0.615	0.382	0.339	0.382	0.296	0.382	0.285
0.383	1.434	0.383	0.479	0.383	0.311	0.383	0.288	0.383	0.287
0.384	1.049	0.384	0.399	0.384	0.298	0.384	0.285	0.384	0.281
0.385	0.779	0.385	0.356	0.385	0.299	0.385	0.284	0.385	0.272
0.386	0.604	0.386	0.334	0.386	0.285	0.386	0.272	0.386	0.272
0.387	0.502	0.387	0.321	0.387	0.288	0.387	0.276	0.387	0.270
0.388	0.442	0.388	0.316	0.388	0.287	0.388	0.265	0.388	0.265
0.389	0.405	0.389	0.307	0.389	0.285	0.389	0.268	0.389	0.265
0.390	0.382	0.390	0.307	0.390	0.288	0.390	0.264	0.390	0.262
0.391	0.374	0.391	0.299	0.391	0.281	0.391	0.262	0.391	0.264
0.392	0.364	0.392	0.302	0.392	0.273	0.392	0.265	0.392	0.259
0.393	0.362	0.393	0.305	0.393	0.275	0.393	0.258	0.393	0.259
0.394	0.350	0.394	0.295	0.394	0.276	0.394	0.262	0.394	0.256
0.395	0.350	0.395	0.290	0.395	0.270	0.395	0.259	0.395	0.256
0.396	0.351	0.396	0.295	0.396	0.267	0.396	0.256	0.396	0.250
0.397	0.344	0.397	0.290	0.397	0.267	0.397	0.259	0.397	0.252
0.398	0.350	0.398	0.288	0.398	0.265	0.398	0.255	0.398	0.250
0.399	0.345	0.399	0.288	0.399	0.262	0.399	0.253	0.399	0.252
0.400	0.344	0.400	0.285	0.400	0.268	0.400	0.256	0.400	0.252
0.401	0.330	0.401	0.281	0.401	0.264	0.401	0.256	0.401	0.247
0.402	0.338	0.402	0.287	0.402	0.267	0.402	0.242	0.402	0.249
0.403	0.338	0.403	0.296	0.403	0.258	0.403	0.252	0.403	0.247
0.404	0.336	0.404	0.273	0.404	0.256	0.404	0.255	0.404	0.244
0.405	0.336	0.405	0.282	0.405	0.259	0.405	0.250	0.405	0.249
0.406	0.338	0.406	0.279	0.406	0.250	0.406	0.247	0.406	0.241
0.407	0.330	0.407	0.270	0.407	0.252	0.407	0.247	0.407	0.242
0.408	0.330	0.408	0.273	0.408	0.256	0.408	0.242	0.408	0.235
0.409	0.328	0.409	0.270	0.409	0.249	0.409	0.249	0.409	0.242
0.410	0.330	0.410	0.267	0.410	0.253	0.410	0.245	0.410	0.238
0.411	0.330	0.411	0.270	0.411	0.253	0.411	0.242	0.411	0.236
0.412	0.322	0.412	0.272	0.412	0.253	0.412	0.241	0.412	0.239
0.413	0.324	0.413	0.273	0.413	0.249	0.413	0.241	0.413	0.236
0.414	0.322	0.414	0.267	0.414	0.247	0.414	0.242	0.414	0.235
0.415	0.324	0.415	0.270	0.415	0.244	0.415	0.238	0.415	0.232
0.416	0.319	0.416	0.270	0.416	0.242	0.416	0.236	0.416	0.232
0.417	0.319	0.417	0.261	0.417	0.244	0.417	0.235	0.417	0.232
0.418	0.321	0.418	0.264	0.418	0.239	0.418	0.236	0.418	0.233
0.419	0.315	0.419	0.265	0.419	0.242	0.419	0.238	0.419	0.230
0.420	0.315	0.420	0.261	0.420	0.242	0.420	0.236	0.420	0.227
0.421	0.315	0.421	0.261	0.421	0.245	0.421	0.236	0.421	0.227
0.422	0.313	0.422	0.258	0.422	0.239	0.422	0.233	0.422	0.229
0.423	0.307	0.423	0.256	0.423	0.238	0.423	0.238	0.423	0.227
0.424	0.313	0.424	0.255	0.424	0.236	0.424	0.229	0.424	0.226
0.425	0.310	0.425	0.255	0.425	0.235	0.425	0.232	0.425	0.222
0.426	0.307	0.426	0.255	0.426	0.238	0.426	0.222	0.426	0.224
0.427	0.304	0.427	0.255	0.427	0.236	0.427	0.227	0.427	0.222
0.428	0.305	0.428	0.250	0.428	0.230	0.428	0.222	0.428	0.224
0.429	0.301	0.429	0.252	0.429	0.235	0.429	0.226	0.429	0.218
0.430	0.299	0.430	0.249	0.430	0.233	0.430	0.226	0.430	0.216
0.431	0.304	0.431	0.253	0.431	0.233	0.431	0.230	0.431	0.218
0.432	0.301	0.432	0.247	0.432	0.226	0.432	0.224	0.432	0.218
0.433	0.298	0.433	0.249	0.433	0.227	0.433	0.219	0.433	0.224
0.434	0.295	0.434	0.245	0.434	0.224	0.434	0.224	0.434	0.215
0.435	0.298	0.435	0.247	0.435	0.235	0.435	0.221	0.435	0.218
0.436	0.298	0.436	0.245	0.436	0.229	0.436	0.213	0.436	0.216
0.437	0.293	0.437	0.242	0.437	0.233	0.437	0.219	0.437	0.207
0.438	0.293	0.438	0.244	0.438	0.224	0.438	0.224	0.438	0.213
0.439	0.290	0.439	0.241	0.439	0.226	0.439	0.215	0.439	0.207
0.440	0.296	0.440	0.242	0.440	0.224	0.440	0.218	0.440	0.209
0.441	0.295	0.441	0.241	0.441	0.221	0.441	0.216	0.441	0.212
0.442	0.288	0.442	0.233	0.442	0.224	0.442	0.212	0.442	0.209
0.443	0.284	0.443	0.236	0.443	0.221	0.443	0.213	0.443	0.207
0.444	0.287	0.444	0.239	0.444	0.221	0.444	0.216	0.444	0.207
0.445	0.293	0.445	0.233	0.445	0.218	0.445	0.212	0.445	0.207
0.446	0.284	0.446	0.236	0.446	0.216	0.446	0.209	0.446	0.209
0.447	0.285	0.447	0.238	0.447	0.206	0.447	0.207	0.447	0.204
0.448	0.287	0.448	0.230	0.448	0.210	0.448	0.209	0.448	0.206
0.449	0.282	0.449	0.232	0.449	0.221	0.449	0.209	0.449	0.204
0.450	0.282	0.450	0.235	0.450	0.218	0.450	0.212	0.450	0.204
0.451	0.285	0.451	0.232	0.451	0.222	0.451	0.207	0.451	0.201
0.452	0.282	0.452	0.232	0.452	0.213	0.452	0.206	0.452	0.201
0.453	0.281	0.453	0.236	0.453	0.219	0.453	0.209	0.453	0.201
0.454	0.281	0.454	0.230	0.454	0.216	0.454	0.210	0.454	0.207
0.455	0.282	0.455	0.230	0.455	0.215	0.455	0.207	0.455	0.201
0.456	0.282	0.456	0.226	0.456	0.215	0.456	0.204	0.456	0.198
0.457	0.276	0.457	0.233	0.457	0.207	0.457	0.210	0.457	0.203
0.458	0.279	0.458	0.229	0.458	0.216	0.458	0.209	0.458	0.203
0.459	0.275	0.459	0.226	0.459	0.212	0.459	0.204	0.459	0.201
0.460	0.278	0.460	0.227	0.460	0.207	0.460	0.203	0.460	0.201
0.461	0.275	0.461	0.226	0.461	0.215	0.461	0.206	0.461	0.196
0.462	0.273	0.462	0.224	0.462	0.210	0.462	0.203	0.462	0.199
0.463	0.273	0.463	0.230	0.463	0.207	0.463	0.201	0.463	0.201
0.464	0.272	0.464	0.226	0.464	0.210	0.464	0.199	0.464	0.201
0.465	0.270	0.465	0.226	0.465	0.210	0.465	0.203	0.465	0.201
0.466	0.272	0.466	0.222	0.466	0.206	0.466	0.204	0.466	0.195
0.467	0.270	0.467	0.227	0.467	0.206	0.467	0.206	0.467	0.198
0.468	0.270	0.468	0.227	0.468	0.207	0.468	0.206	0.468	0.206
0.469	0.268	0.469	0.230	0.469	0.209	0.469	0.201	0.469	0.190
0.470	0.270	0.470	0.224	0.470	0.213	0.470	0.203	0.470	0.195
0.471	0.276	0.471	0.229	0.471	0.210	0.471	0.206	0.471	0.196
0.472	0.265	0.472	0.224	0.472	0.209	0.472	0.203	0.472	0.196
0.473	0.264	0.473	0.226	0.473	0.209	0.473	0.203	0.473	0.204
0.474	0.267	0.474	0.229	0.474	0.210	0.474	0.206	0.474	0.199
0.475	0.267	0.475	0.227	0.475	0.207	0.475	0.201	0.475	0.198
0.476	0.267	0.476	0.224	0.476	0.207	0.476	0.201	0.476	0.201
0.477	0.268	0.477	0.227	0.477	0.206	0.477	0.203	0.477	0.199
0.478	0.267	0.478	0.224	0.478	0.212	0.478	0.203	0.478	0.199
0.479	0.261	0.479	0.226	0.479	0.207	0.479	0.201	0.479	0.187
0.480	0.262	0.480	0.226	0.480	0.210	0.480	0.207	0.480	0.199
0.481	0.262	0.481	0.227	0.481	0.207	0.481	0.206	0.481	0.199
0.482	0.267	0.482	0.226	0.482	0.207	0.482	0.207	0.482	0.199
0.483	0.267	0.483	0.229	0.483	0.210	0.483	0.204	0.483	0.196
0.484	0.270	0.484	0.224	0.484	0.210	0.484	0.203	0.484	0.203
0.485	0.267	0.485	0.226	0.485	0.207	0.485	0.201	0.485	0.203
0.486	0.265	0.486	0.222	0.486	0.206	0.486	0.201	0.486	0.199
0.487	0.270	0.487	0.224	0.487	0.210	0.487	0.203	0.487	0.203
0.488	0.267	0.488	0.226	0.488	0.209	0.488	0.201	0.488	0.195
0.489	0.268	0.489	0.226	0.489	0.213	0.489	0.207	0.489	0.204
0.490	0.264	0.490	0.227	0.490	0.216	0.490	0.207	0.490	0.199
0.491	0.270	0.491	0.224	0.491	0.213	0.491	0.204	0.491	0.207
0.492	0.262	0.492	0.230	0.492	0.213	0.492	0.206	0.492	0.201
0.493	0.268	0.493	0.229	0.493	0.212	0.493	0.206	0.493	0.199
0.494	0.264	0.494	0.227	0.494	0.213	0.494	0.207	0.494	0.201
0.495	0.267	0.495	0.230	0.495	0.213	0.495	0.209	0.495	0.206
0.496	0.259	0.496	0.227	0.496	0.212	0.496	0.207	0.496	0.207
0.497	0.268	0.497	0.229	0.497	0.213	0.497	0.210	0.497	0.207
0.498	0.262	0.498	0.224	0.498	0.213	0.498	0.209	0.498	0.207
0.499	0.265	0.499	0.233	0.499	0.212	0.499	0.212	0.499	0.210
0.500	0.212	0.500	0.180	0.500	0.160	0.500	0.157	0.500	0.150
0.499	0.152	0.499	0.127	0.499	0.106	0.499	0.098	0.499	0.098
0.498	0.117	0.498	0.080	0.498	0.072	0.498	0.061	0.498	0.054
0.497	0.084	0.497	0.049	0.497	0.043	0.497	0.032	0.497	0.032
0.496	0.069	0.496	0.042	0.496	0.019	0.496	0.017	0.496	0.008
0.495	0.054	0.495	0.025	0.495	0.003	0.495	0.003	0.495	-0.006
0.494	0.037	0.494	0.012	0.494	0.002	0.494	-0.006	0.494	-0.012
0.493	0.040	0.493	0.006	0.493	-0.011	0.493	-0.011	0.493	-0.018
0.492	0.029	0.492	-0.008	0.492	-0.017	0.492	-0.018	0.492	-0.024
0.491	0.031	0.491	-0.005	0.491	-0.011	0.491	-0.028	0.491	-0.034
0.490	0.014	0.490	-0.005	0.490	-0.018	0.490	-0.032	0.490	-0.034
0.489	0.012	0.489	-0.014	0.489	-0.020	0.489	-0.028	0.489	-0.031
0.488	0.017	0.488	-0.014	0.488	-0.026	0.488	-0.034	0.488	-0.035
0.487	0.014	0.487	-0.015	0.487	-0.017	0.487	-0.032	0.487	-0.037
0.486	0.017	0.486	-0.017	0.486	-0.029	0.486	-0.031	0.486	-0.038
0.485	0.008	0.485	-0.015	0.485	-0.035	0.485	-0.034	0.485	-0.040
0.484	0.002	0.484	-0.018	0.484	-0.034	0.484	-0.037	0.484	-0.040
0.483	0.005	0.483	-0.023	0.483	-0.035	0.483	-0.034	0.483	-0.043
0.482	0.000	0.482	-0.023	0.482	-0.031	0.482	-0.035	0.482	-0.046
0.481	0.000	0.481	-0.026	0.481	-0.034	0.481	-0.035	0.481	-0.041
0.480	-0.001	0.480	-0.024	0.480	-0.026	0.480	-0.041	0.480	-0.044
0.479	-0.003	0.479	-0.024	0.479	-0.041	0.479	-0.043	0.479	-0.049
0.478	-0.008	0.478	-0.028	0.478	-0.043	0.478	-0.040	0.478	-0.043
0.477	-0.008	0.477	-0.031	0.477	-0.035	0.477	-0.043	0.477	-0.049
0.476	-0.005	0.476	-0.023	0.476	-0.037	0.476	-0.046	0.476	-0.051
0.475	-0.012	0.475	-0.032	0.475	-0.034	0.475	-0.047	0.475	-0.046
0.474	-0.009	0.474	-0.031	0.474	-0.041	0.474	-0.044	0.474	-0.051
0.473	-0.014	0.473	-0.029	0.473	-0.041	0.473	-0.047	0.473	-0.052
0.472	-0.011	0.472	-0.043	0.472	-0.047	0.472	-0.046	0.472	-0.051
0.471	-0.012	0.471	-0.034	0.471	-0.043	0.471	-0.047	0.471	-0.054
0.470	-0.014	0.470	-0.040	0.470	-0.051	0.470	-0.052	0.470	-0.055
0.469	-0.020	0.469	-0.031	0.469	-0.047	0.469	-0.049	0.469	-0.058
0.468	-0.020	0.468	-0.040	0.468	-0.041	0.468	-0.052	0.468	-0.057
0.467	-0.015	0.467	-0.043	0.467	-0.047	0.467	-0.051	0.467	-0.057
0.466	-0.021	0.466	-0.038	0.466	-0.049	0.466	-0.060	0.466	-0.063
0.465	-0.020	0.465	-0.041	0.465	-0.051	0.465	-0.060	0.465	-0.063
0.464	-0.021	0.464	-0.044	0.464	-0.051	0.464	-0.063	0.464	-0.058
0.463	-0.023	0.463	-0.049	0.463	-0.054	0.463	-0.055	0.463	-0.055
0.462	-0.029	0.462	-0.049	0.462	-0.058	0.462	-0.060	0.462	-0.061
0.461	-0.023	0.461	-0.046	0.461	-0.051	0.461	-0.052	0.461	-0.061
0.460	-0.028	0.460	-0.047	0.460	-0.058	0.460	-0.058	0.460	-0.064
0.459	-0.028	0.459	-0.046	0.459	-0.058	0.459	-0.061	0.459	-0.063
0.458	-0.031	0.458	-0.055	0.458	-0.057	0.458	-0.057	0.458	-0.066
0.457	-0.024	0.457	-0.052	0.457	-0.060	0.457	-0.063	0.457	-0.061
0.456	-0.032	0.456	-0.049	0.456	-0.060	0.456	-0.060	0.456	-0.070
0.455	-0.038	0.455	-0.057	0.455	-0.063	0.455	-0.067	0.455	-0.067
0.454	-0.035	0.454	-0.061	0.454	-0.061	0.454	-0.066	0.454	-0.070
0.453	-0.034	0.453	-0.054	0.453	-0.063	0.453	-0.070	0.453	-0.072
0.452	-0.038	0.452	-0.060	0.452	-0.063	0.452	-0.074	0.452	-0.075
0.451	-0.040	0.451	-0.063	0.451	-0.066	0.451	-0.077	0.451	-0.078
0.450	-0.046	0.450	-0.060	0.450	-0.066	0.450	-0.075	0.450	-0.072
0.449	-0.041	0.449	-0.058	0.449	-0.072	0.449	-0.072	0.449	-0.074
0.448	-0.044	0.448	-0.061	0.448	-0.066	0.448	-0.070	0.448	-0.083
0.447	-0.040	0.447	-0.066	0.447	-0.066	0.447	-0.072	0.447	-0.075
0.446	-0.047	0.446	-0.064	0.446	-0.067	0.446	-0.072	0.446	-0.083
0.445	-0.051	0.445	-0.069	0.445	-0.072	0.445	-0.077	0.445	-0.084
0.444	-0.047	0.444	-0.069	0.444	-0.075	0.444	-0.081	0.444	-0.084
0.443	-0.044	0.443	-0.070	0.443	-0.080	0.443	-0.080	0.443	-0.083
0.442	-0.052	0.442	-0.069	0.442	-0.075	0.442	-0.080	0.442	-0.080
0.441	-0.052	0.441	-0.070	0.441	-0.077	0.441	-0.089	0.441	-0.089
0.440	-0.052	0.440	-0.075	0.440	-0.081	0.440	-0.086	0.440	-0.089
0.439	-0.057	0.439	-0.077	0.439	-0.083	0.439	-0.086	0.439	-0.089
0.438	-0.063	0.438	-0.066	0.438	-0.084	0.438	-0.089	0.438	-0.089
0.437	-0.060	0.437	-0.070	0.437	-0.089	0.437	-0.089	0.437	-0.089
0.436	-0.060	0.436	-0.078	0.436	-0.086	0.436	-0.090	0.436	-0.098
0.435	-0.063	0.435	-0.084	0.435	-0.087	0.435	-0.093	0.435	-0.093
0.434	-0.061	0.434	-0.080	0.434	-0.089	0.434	-0.092	0.434	-0.093
0.433	-0.063	0.433	-0.083	0.433	-0.090	0.433	-0.087	0.433	-0.093
0.432	-0.070	0.432	-0.080	0.432	-0.095	0.432	-0.097	0.432	-0.095
0.431	-0.069	0.431	-0.083	0.431	-0.090	0.431	-0.095	0.431	-0.097
0.430	-0.074	0.430	-0.084	0.430	-0.093	0.430	-0.097	0.430	-0.095
0.429	-0.066	0.429	-0.087	0.429	-0.093	0.429	-0.095	0.429	-0.100
0.428	-0.069	0.428	-0.089	0.428	-0.097	0.428	-0.098	0.428	-0.101
0.427	-0.075	0.427	-0.089	0.427	-0.092	0.427	-0.101	0.427	-0.107
0.426	-0.075	0.426	-0.089	0.426	-0.098	0.426	-0.098	0.426	-0.103
0.425	-0.078	0.425	-0.087	0.425	-0.098	0.425	-0.100	0.425	-0.100
0.424	-0.078	0.424	-0.090	0.424	-0.097	0.424	-0.100	0.424	-0.112
0.423	-0.080	0.423	-0.092	0.423	-0.098	0.423	-0.103	0.423	-0.112
0.422	-0.081	0.422	-0.092	0.422	-0.101	0.422	-0.106	0.422	-0.109
0.421	-0.086	0.421	-0.093	0.421	-0.104	0.421	-0.106	0.421	-0.113
0.420	-0.084	0.420	-0.095	0.420	-0.106	0.420	-0.107	0.420	-0.120
0.419	-0.075	0.419	-0.092	0.419	-0.104	0.419	-0.109	0.419	-0.115
0.418	-0.092	0.418	-0.093	0.418	-0.106	0.418	-0.113	0.418	-0.115
0.417	-0.086	0.417	-0.095	0.417	-0.107	0.417	-0.110	0.417	-0.121
0.416	-0.087	0.416	-0.097	0.416	-0.110	0.416	-0.115	0.416	-0.118
0.415	-0.092	0.415	-0.103	0.415	-0.110	0.415	-0.116	0.415	-0.116
0.414	-0.089	0.414	-0.101	0.414	-0.113	0.414	-0.118	0.414	-0.118
0.413	-0.092	0.413	-0.101	0.413	-0.113	0.413	-0.115	0.413	-0.123
0.412	-0.095	0.412	-0.109	0.412	-0.115	0.412	-0.118	0.412	-0.121
0.411	-0.093	0.411	-0.109	0.411	-0.113	0.411	-0.124	0.411	-0.123
0.410	-0.095	0.410	-0.106	0.410	-0.116	0.410	-0.126	0.410	-0.129
0.409	-0.092	0.409	-0.107	0.409	-0.116	0.409	-0.121	0.409	-0.126
0.408	-0.093	0.408	-0.109	0.408	-0.116	0.408	-0.123	0.408	-0.126
0.407	-0.101	0.407	-0.113	0.407	-0.126	0.407	-0.123	0.407	-0.127
0.406	-0.098	0.406	-0.112	0.406	-0.120	0.406	-0.121	0.406	-0.133
0.405	-0.103	0.405	-0.115	0.405	-0.126	0.405	-0.133	0.405	-0.126
0.404	-0.100	0.404	-0.115	0.404	-0.129	0.404	-0.130	0.404	-0.133
0.403	-0.101	0.403	-0.118	0.403	-0.129	0.403	-0.133	0.403	-0.135
0.402	-0.103	0.402	-0.116	0.402	-0.127	0.402	-0.132	0.402	-0.138
0.401	-0.104	0.401	-0.118	0.401	-0.123	0.401	-0.135	0.401	-0.139
0.400	-0.110	0.400	-0.124	0.400	-0.133	0.400	-0.139	0.400	-0.139
0.399	-0.107	0.399	-0.121	0.399	-0.136	0.399	-0.138	0.399	-0.146
0.398	-0.112	0.398	-0.127	0.398	-0.133	0.398	-0.136	0.398	-0.144
0.397	-0.107	0.397	-0.124	0.397	-0.138	0.397	-0.139	0.397	-0.138
0.396	-0.112	0.396	-0.124	0.396	-0.135	0.396	-0.136	0.396	-0.150
0.395	-0.110	0.395	-0.129	0.395	-0.143	0.395	-0.138	0.395	-0.150
0.394	-0.113	0.394	-0.132	0.394	-0.139	0.394	-0.138	0.394	-0.152
0.393	-0.113	0.393	-0.132	0.393	-0.143	0.393	-0.138	0.393	-0.153
0.392	-0.120	0.392	-0.136	0.392	-0.143	0.392	-0.144	0.392	-0.150
0.391	-0.109	0.391	-0.133	0.391	-0.147	0.391	-0.152	0.391	-0.149
0.390	-0.126	0.390	-0.138	0.390	-0.144	0.390	-0.156	0.390	-0.153
0.389	-0.120	0.389	-0.143	0.389	-0.147	0.389	-0.149	0.389	-0.156
0.388	-0.129	0.388	-0.147	0.388	-0.153	0.388	-0.149	0.388	-0.158
0.387	-0.130	0.387	-0.141	0.387	-0.153	0.387	-0.155	0.387	-0.156
0.386	-0.132	0.386	-0.146	0.386	-0.153	0.386	-0.155	0.386	-0.166
0.385	-0.135	0.385	-0.150	0.385	-0.158	0.385	-0.152	0.385	-0.166
0.384	-0.132	0.384	-0.147	0.384	-0.161	0.384	-0.158	0.384	-0.162
0.383	-0.138	0.383	-0.149	0.383	-0.161	0.383	-0.161	0.383	-0.167
0.382	-0.146	0.382	-0.155	0.382	-0.162	0.382	-0.159	0.382	-0.175
0.381	-0.141	0.381	-0.155	0.381	-0.164	0.381	-0.166	0.381	-0.172
0.380	-0.146	0.380	-0.156	0.380	-0.169	0.380	-0.173	0.380	-0.172
0.379	-0.156	0.379	-0.161	0.379	-0.170	0.379	-0.167	0.379	-0.178
0.378	-0.156	0.378	-0.161	0.378	-0.175	0.378	-0.178	0.378	-0.181
0.377	-0.150	0.377	-0.166	0.377	-0.172	0.377	-0.178	0.377	-0.187
0.376	-0.162	0.376	-0.173	0.376	-0.176	0.376	-0.179	0.376	-0.189
0.375	-0.159	0.375	-0.170	0.375	-0.176	0.375	-0.185	0.375	-0.190
0.374	-0.170	0.374	-0.176	0.374	-0.187	0.374	-0.189	0.374	-0.189
0.373	-0.167	0.373	-0.184	0.373	-0.189	0.373	-0.185	0.373	-0.190
0.372	-0.175	0.372	-0.184	0.372	-0.193	0.372	-0.193	0.372	-0.195
0.371	-0.175	0.371	-0.190	0.371	-0.192	0.371	-0.196	0.371	-0.201
0.370	-0.182	0.370	-0.192	0.370	-0.201	0.370	-0.205	0.370	-0.204
0.369	-0.181	0.369	-0.193	0.369	-0.202	0.369	-0.208	0.369	-0.208
0.368	-0.193	0.368	-0.202	0.368	-0.204	0.368	-0.208	0.368	-0.212
0.367	-0.192	0.367	-0.202	0.367	-0.212	0.367	-0.213	0.367	-0.215
0.366	-0.199	0.366	-0.212	0.366	-0.218	0.366	-0.213	0.366	-0.218
0.365	-0.204	0.365	-0.208	0.365	-0.212	0.365	-0.227	0.365	-0.225
0.364	-0.210	0.364	-0.228	0.364	-0.228	0.364	-0.225	0.364	-0.233
0.363	-0.218	0.363	-0.225	0.363	-0.235	0.363	-0.230	0.363	-0.236
0.362	-0.224	0.362	-0.231	0.362	-0.236	0.362	-0.241	0.362	-0.245
0.361	-0.231	0.361	-0.239	0.361	-0.244	0.361	-0.251	0.361	-0.251
0.360	-0.241	0.360	-0.248	0.360	-0.253	0.360	-0.254	0.360	-0.256
0.359	-0.245	0.359	-0.258	0.359	-0.262	0.359	-0.261	0.359	-0.261
0.358	-0.253	0.358	-0.256	0.358	-0.267	0.358	-0.265	0.358	-0.274
0.357	-0.264	0.357	-0.265	0.357	-0.279	0.357	-0.273	0.357	-0.282
0.356	-0.268	0.356	-0.276	0.356	-0.279	0.356	-0.281	0.356	-0.290
0.355	-0.278	0.355	-0.287	0.355	-0.291	0.355	-0.294	0.355	-0.296
0.354	-0.290	0.354	-0.296	0.354	-0.305	0.354	-0.299	0.354	-0.308
0.353	-0.296	0.353	-0.304	0.353	-0.316	0.353	-0.310	0.353	-0.314
0.352	-0.307	0.352	-0.317	0.352	-0.316	0.352	-0.319	0.352	-0.324
0.351	-0.319	0.351	-0.328	0.351	-0.333	0.351	-0.330	0.351	-0.336
0.350	-0.336	0.350	-0.334	0.350	-0.342	0.350	-0.347	0.350	-0.351
0.349	-0.343	0.349	-0.345	0.349	-0.356	0.349	-0.357	0.349	-0.362
0.348	-0.353	0.348	-0.356	0.348	-0.366	0.348	-0.374	0.348	-0.374
0.347	-0.370	0.347	-0.373	0.347	-0.379	0.347	-0.386	0.347	-0.391
0.346	-0.377	0.346	-0.393	0.346	-0.393	0.346	-0.394	0.346	-0.400
0.345	-0.391	0.345	-0.394	0.345	-0.402	0.345	-0.414	0.345	-0.412
0.344	-0.403	0.344	-0.409	0.344	-0.422	0.344	-0.426	0.344	-0.434
0.343	-0.423	0.343	-0.426	0.343	-0.440	0.343	-0.443	0.343	-0.440
0.342	-0.445	0.342	-0.448	0.342	-0.452	0.342	-0.460	0.342	-0.466
0.341	-0.458	0.341	-0.463	0.341	-0.465	0.341	-0.477	0.341	-0.486
0.340	-0.475	0.340	-0.485	0.340	-0.494	0.340	-0.497	0.340	-0.512
0.339	-0.489	0.339	-0.500	0.339	-0.506	0.339	-0.520	0.339	-0.529
0.338	-0.512	0.338	-0.517	0.338	-0.527	0.338	-0.538	0.338	-0.546
0.337	-0.538	0.337	-0.543	0.337	-0.550	0.337	-0.563	0.337	-0.574
0.336	-0.555	0.336	-0.558	0.336	-0.575	0.336	-0.587	0.336	-0.597
0.335	-0.578	0.335	-0.581	0.335	-0.595	0.335	-0.604	0.335	-0.623
0.334	-0.598	0.334	-0.604	0.334	-0.621	0.334	-0.635	0.334	-0.649
0.333	-0.627	0.333	-0.629	0.333	-0.647	0.333	-0.658	0.333	-0.675
0.332	-0.649	0.332	-0.656	0.332	-0.678	0.332	-0.693	0.332	-0.713
0.331	-0.676	0.331	-0.678	0.331	-0.707	0.331	-0.725	0.331	-0.741
0.330	-0.701	0.330	-0.715	0.330	-0.735	0.330	-0.751	0.330	-0.771
0.329	-0.719	0.329	-0.735	0.329	-0.764	0.329	-0.784	0.329	-0.799
0.328	-0.754	0.328	-0.768	0.328	-0.793	0.328	-0.805	0.328	-0.836
0.327	-0.784	0.327	-0.796	0.327	-0.822	0.327	-0.848	0.327	-0.870
0.326	-0.819	0.326	-0.827	0.326	-0.857	0.326	-0.882	0.326	-0.914
0.325	-0.833	0.325	-0.859	0.325	-0.883	0.325	-0.914	0.325	-0.946
0.324	-0.868	0.324	-0.889	0.324	-0.920	0.324	-0.951	0.324	-0.985
0.323	-0.903	0.323	-0.925	0.323	-0.962	0.323	-1.000	0.323	-1.026
0.322	-0.937	0.322	-0.954	0.322	-1.000	0.322	-1.035	0.322	-1.067
0.321	-0.969	0.321	-0.985	0.321	-1.037	0.321	-1.070	0.321	-1.116
0.320	-1.001	0.320	-1.023	0.320	-1.070	0.320	-1.113	0.320	-1.150
0.319	-1.032	0.319	-1.052	0.319	-1.112	0.319	-1.161	0.319	-1.198
0.318	-1.067	0.318	-1.098	0.318	-1.158	0.318	-1.202	0.318	-1.250
0.317	-1.100	0.317	-1.136	0.317	-1.193	0.317	-1.244	0.317	-1.288
0.316	-1.135	0.316	-1.172	0.316	-1.233	0.316	-1.290	0.316	-1.337
0.315	-1.170	0.315	-1.213	0.315	-1.268	0.315	-1.331	0.315	-1.386
0.314	-1.199	0.314	-1.247	0.314	-1.314	0.314	-1.373	0.314	-1.440
0.313	-1.238	0.313	-1.282	0.313	-1.360	0.313	-1.425	0.313	-1.486
0.312	-1.274	0.312	-1.323	0.312	-1.405	0.312	-1.466	0.312	-1.541
0.311	-1.307	0.311	-1.362	0.311	-1.448	0.311	-1.521	0.311	-1.590
0.310	-1.342	0.310	-1.400	0.310	-1.486	0.310	-1.570	0.310	-1.646
0.309	-1.377	0.309	-1.446	0.309	-1.535	0.309	-1.616	0.309	-1.692
0.308	-1.417	0.308	-1.488	0.308	-1.586	0.308	-1.667	0.308	-1.750
0.307	-1.451	0.307	-1.523	0.307	-1.630	0.307	-1.716	0.307	-1.807
0.306	-1.488	0.306	-1.566	0.306	-1.667	0.306	-1.762	0.306	-1.856
0.305	-1.521	0.305	-1.601	0.305	-1.707	0.305	-1.813	0.305	-1.906
0.304	-1.560	0.304	-1.650	0.304	-1.753	0.304	-1.857	0.304	-1.965
0.303	-1.586	0.303	-1.685	0.303	-1.804	0.303	-1.911	0.303	-2.023
0.302	-1.627	0.302	-1.716	0.302	-1.846	0.302	-1.961	0.302	-2.072
0.301	-1.661	0.301	-1.759	0.301	-1.894	0.301	-2.017	0.301	-2.123
0.300	-1.688	0.300	-1.797	0.300	-1.931	0.300	-2.064	0.300	-2.179
0.299	-1.727	0.299	-1.840	0.299	-1.977	0.299	-2.112	0.299	-2.231
0.298	-1.764	0.298	-1.877	0.298	-2.023	0.298	-2.165	0.298	-2.293
0.297	-1.793	0.297	-1.915	0.297	-2.067	0.297	-2.210	0.297	-2.343
0.296	-1.823	0.296	-1.957	0.296	-2.115	0.296	-2.264	0.296	-2.400
0.295	-1.845	0.295	-1.983	0.295	-2.158	0.295	-2.307	0.295	-2.438
0.294	-1.883	0.294	-2.029	0.294	-2.199	0.294	-2.354	0.294	-2.504
0.293	-1.915	0.293	-2.054	0.293	-2.238	0.293	-2.402	0.293	-2.550
0.292	-1.951	0.292	-2.093	0.292	-2.276	0.292	-2.445	0.292	-2.600
0.291	-1.972	0.291	-2.129	0.291	-2.320	0.291	-2.483	0.291	-2.653
0.290	-2.004	0.290	-2.159	0.290	-2.348	0.290	-2.532	0.290	-2.695
0.289	-2.023	0.289	-2.193	0.289	-2.389	0.289	-2.572	0.289	-2.733
0.288	-2.050	0.288	-2.228	0.288	-2.432	0.288	-2.609	0.288	-2.780
0.287	-2.077	0.287	-2.254	0.287	-2.465	0.287	-2.642	0.287	-2.823
0.286	-2.096	0.286	-2.290	0.286	-2.492	0.286	-2.687	0.286	-2.866
0.285	-2.124	0.285	-2.320	0.285	-2.529	0.285	-2.716	0.285	-2.896
0.284	-2.144	0.284	-2.348	0.284	-2.557	0.284	-2.754	0.284	-2.935
0.283	-2.162	0.283	-2.363	0.283	-2.587	0.283	-2.788	0.283	-2.963
0.282	-2.181	0.282	-2.385	0.282	-2.615	0.282	-2.816	0.282	-2.988
0.281	-2.198	0.281	-2.414	0.281	-2.635	0.281	-2.837	0.281	-3.009
0.280	-2.211	0.280	-2.432	0.280	-2.658	0.280	-2.862	0.280	-3.038
0.279	-2.222	0.279	-2.449	0.279	-2.685	0.279	-2.880	0.279	-3.044
0.278	-2.245	0.278	-2.469	0.278	-2.701	0.278	-2.892	0.278	-3.058
0.277	-2.254	0.277	-2.480	0.277	-2.711	0.277	-2.914	0.277	-3.052
0.276	-2.262	0.276	-2.495	0.276	-2.725	0.276	-2.911	0.276	-3.038
0.275	-2.265	0.275	-2.509	0.275	-2.736	0.275	-2.914	0.275	-3.018
0.274	-2.274	0.274	-2.512	0.274	-2.742	0.274	-2.912	0.274	-2.975
0.273	-2.277	0.273	-2.518	0.273	-2.738	0.273	-2.896	0.273	-2.920
0.272	-2.271	0.272	-2.518	0.272	-2.730	0.272	-2.869	0.272	-2.825
0.271	-2.277	0.271	-2.517	0.271	-2.725	0.271	-2.839	0.271	-2.716
0.270	-2.270	0.270	-2.512	0.270	-2.716	0.270	-2.785	0.270	-2.569
0.269	-2.262	0.269	-2.503	0.269	-2.687	0.269	-2.713	0.269	-2.405
0.268	-2.254	0.268	-2.494	0.268	-2.667	0.268	-2.619	0.268	-2.221
0.267	-2.241	0.267	-2.474	0.267	-2.619	0.267	-2.512	0.267	-2.034
0.266	-2.224	0.266	-2.460	0.266	-2.578	0.266	-2.368	0.266	-1.853
0.265	-2.210	0.265	-2.431	0.265	-2.514	0.265	-2.201	0.265	-1.681
0.264	-2.195	0.264	-2.406	0.264	-2.448	0.264	-2.038	0.264	-1.524
0.263	-2.175	0.263	-2.379	0.263	-2.351	0.263	-1.859	0.263	-1.368
0.262	-2.153	0.262	-2.345	0.262	-2.244	0.262	-1.698	0.262	-1.239
0.261	-2.136	0.261	-2.307	0.261	-2.112	0.261	-1.535	0.261	-1.115
0.260	-2.109	0.260	-2.261	0.260	-1.960	0.260	-1.385	0.260	-0.997
0.259	-2.093	0.259	-2.204	0.259	-1.813	0.259	-1.251	0.259	-0.902
0.258	-2.069	0.258	-2.142	0.258	-1.659	0.258	-1.127	0.258	-0.807
0.257	-2.041	0.257	-2.061	0.257	-1.506	0.257	-1.014	0.257	-0.716
0.256	-2.018	0.256	-1.971	0.256	-1.354	0.256	-0.903	0.256	-0.630
0.255	-1.984	0.255	-1.857	0.255	-1.221	0.255	-0.797	0.255	-0.570
0.254	-1.955	0.254	-1.731	0.254	-1.089	0.254	-0.705	0.254	-0.518
0.253	-1.917	0.253	-1.593	0.253	-0.969	0.253	-0.633	0.253	-0.486
0.252	-1.873	0.252	-1.449	0.252	-0.857	0.252	-0.569	0.252	-0.475
0.251	-1.819	0.251	-1.300	0.251	-0.759	0.251	-0.521	0.251	-0.460
0.250	-1.748	0.250	-1.158	0.250	-0.666	0.250	-0.494	0.250	-0.449
0.249	-1.665	0.249	-1.024	0.249	-0.606	0.249	-0.480	0.249	-0.440
0.248	-1.561	0.248	-0.893	0.248	-0.564	0.248	-0.466	0.248	-0.432
0.247	-1.434	0.247	-0.787	0.247	-0.526	0.247	-0.457	0.247	-0.432
0.246	-1.287	0.246	-0.696	0.246	-0.506	0.246	-0.446	0.246	-0.414
0.245	-1.141	0.245	-0.639	0.245	-0.491	0.245	-0.443	0.245	-0.408
0.244	-0.991	0.244	-0.593	0.244	-0.480	0.244	-0.429	0.244	-0.406
0.243	-0.873	0.243	-0.570	0.243	-0.469	0.243	-0.426	0.243	-0.403
0.242	-0.768	0.242	-0.544	0.242	-0.457	0.242	-0.414	0.242	-0.394
0.241	-0.704	0.241	-0.518	0.241	-0.445	0.241	-0.406	0.241	-0.388
0.240	-0.650	0.240	-0.508	0.240	-0.445	0.240	-0.396	0.240	-0.380
0.239	-0.609	0.239	-0.489	0.239	-0.429	0.239	-0.393	0.239	-0.379
0.238	-0.578	0.238	-0.477	0.238	-0.420	0.238	-0.385	0.238	-0.374
0.237	-0.546	0.237	-0.465	0.237	-0.414	0.237	-0.376	0.237	-0.363
0.236	-0.527	0.236	-0.457	0.236	-0.402	0.236	-0.368	0.236	-0.356
0.235	-0.515	0.235	-0.440	0.235	-0.397	0.235	-0.371	0.235	-0.348
0.234	-0.492	0.234	-0.434	0.234	-0.393	0.234	-0.362	0.234	-0.345
0.233	-0.485	0.233	-0.423	0.233	-0.385	0.233	-0.360	0.233	-0.347
0.232	-0.472	0.232	-0.411	0.232	-0.380	0.232	-0.356	0.232	-0.339
0.231	-0.458	0.231	-0.408	0.231	-0.374	0.231	-0.357	0.231	-0.340
0.230	-0.448	0.230	-0.397	0.230	-0.366	0.230	-0.354	0.230	-0.340
0.229	-0.439	0.229	-0.394	0.229	-0.373	0.229	-0.351	0.229	-0.333
0.228	-0.435	0.228	-0.389	0.228	-0.360	0.228	-0.345	0.228	-0.331
0.227	-0.425	0.227	-0.389	0.227	-0.365	0.227	-0.337	0.227	-0.331
0.226	-0.425	0.226	-0.385	0.226	-0.366	0.226	-0.340	0.226	-0.328
0.225	-0.412	0.225	-0.380	0.225	-0.357	0.225	-0.345	0.225	-0.336
0.224	-0.414	0.224	-0.383	0.224	-0.360	0.224	-0.342	0.224	-0.322
0.223	-0.419	0.223	-0.377	0.223	-0.357	0.223	-0.343	0.223	-0.327
0.222	-0.416	0.222	-0.386	0.222	-0.362	0.222	-0.340	0.222	-0.333
0.221	-0.411	0.221	-0.383	0.221	-0.362	0.221	-0.343	0.221	-0.333
0.220	-0.409	0.220	-0.377	0.220	-0.368	0.220	-0.340	0.220	-0.336
0.219	-0.419	0.219	-0.388	0.219	-0.365	0.219	-0.347	0.219	-0.340
0.218	-0.417	0.218	-0.389	0.218	-0.370	0.218	-0.350	0.218	-0.342
0.217	-0.419	0.217	-0.394	0.217	-0.371	0.217	-0.357	0.217	-0.339
0.216	-0.428	0.216	-0.391	0.216	-0.374	0.216	-0.357	0.216	-0.347
0.215	-0.432	0.215	-0.400	0.215	-0.377	0.215	-0.359	0.215	-0.348
0.214	-0.439	0.214	-0.405	0.214	-0.385	0.214	-0.362	0.214	-0.354
0.213	-0.443	0.213	-0.409	0.213	-0.385	0.213	-0.368	0.213	-0.353
0.212	-0.445	0.212	-0.412	0.212	-0.393	0.212	-0.370	0.212	-0.359
0.211	-0.451	0.211	-0.420	0.211	-0.402	0.211	-0.376	0.211	-0.363
0.210	-0.460	0.210	-0.425	0.210	-0.403	0.210	-0.380	0.210	-0.371
0.209	-0.471	0.209	-0.429	0.209	-0.403	0.209	-0.385	0.209	-0.366
0.208	-0.475	0.208	-0.437	0.208	-0.414	0.208	-0.389	0.208	-0.374
0.207	-0.480	0.207	-0.443	0.207	-0.420	0.207	-0.394	0.207	-0.379
0.206	-0.489	0.206	-0.449	0.206	-0.425	0.206	-0.393	0.206	-0.382
0.205	-0.495	0.205	-0.458	0.205	-0.426	0.205	-0.402	0.205	-0.382
0.204	-0.495	0.204	-0.462	0.204	-0.432	0.204	-0.409	0.204	-0.389
0.203	-0.515	0.203	-0.477	0.203	-0.443	0.203	-0.423	0.203	-0.388
0.202	-0.521	0.202	-0.491	0.202	-0.452	0.202	-0.414	0.202	-0.394
0.201	-0.527	0.201	-0.489	0.201	-0.454	0.201	-0.425	0.201	-0.406
0.200	-0.538	0.200	-0.492	0.200	-0.463	0.200	-0.428	0.200	-0.416
0.199	-0.549	0.199	-0.494	0.199	-0.468	0.199	-0.434	0.199	-0.417
0.198	-0.557	0.198	-0.511	0.198	-0.478	0.198	-0.443	0.198	-0.425
0.197	-0.563	0.197	-0.504	0.197	-0.475	0.197	-0.449	0.197	-0.428
0.196	-0.567	0.196	-0.515	0.196	-0.483	0.196	-0.455	0.196	-0.431
0.195	-0.583	0.195	-0.531	0.195	-0.498	0.195	-0.466	0.195	-0.449
0.194	-0.586	0.194	-0.538	0.194	-0.509	0.194	-0.468	0.194	-0.448
0.193	-0.590	0.193	-0.546	0.193	-0.508	0.193	-0.478	0.193	-0.445
0.192	-0.598	0.192	-0.549	0.192	-0.515	0.192	-0.483	0.192	-0.452
0.191	-0.606	0.191	-0.557	0.191	-0.524	0.191	-0.488	0.191	-0.465
0.190	-0.616	0.190	-0.561	0.190	-0.526	0.190	-0.494	0.190	-0.469
0.189	-0.620	0.189	-0.570	0.189	-0.535	0.189	-0.503	0.189	-0.469
0.188	-0.626	0.188	-0.572	0.188	-0.540	0.188	-0.509	0.188	-0.475
0.187	-0.638	0.187	-0.589	0.187	-0.557	0.187	-0.515	0.187	-0.488
0.186	-0.643	0.186	-0.592	0.186	-0.555	0.186	-0.514	0.186	-0.489
0.185	-0.652	0.185	-0.601	0.185	-0.563	0.185	-0.521	0.185	-0.498
0.184	-0.661	0.184	-0.606	0.184	-0.570	0.184	-0.537	0.184	-0.506
0.183	-0.664	0.183	-0.613	0.183	-0.572	0.183	-0.546	0.183	-0.517
0.182	-0.673	0.182	-0.623	0.182	-0.583	0.182	-0.543	0.182	-0.517
0.181	-0.676	0.181	-0.624	0.181	-0.589	0.181	-0.552	0.181	-0.518
0.180	-0.685	0.180	-0.635	0.180	-0.601	0.180	-0.561	0.180	-0.529
0.179	-0.701	0.179	-0.647	0.179	-0.610	0.179	-0.564	0.179	-0.554
0.178	-0.704	0.178	-0.652	0.178	-0.615	0.178	-0.578	0.178	-0.552
0.177	-0.712	0.177	-0.656	0.177	-0.618	0.177	-0.587	0.177	-0.563
0.176	-0.721	0.176	-0.664	0.176	-0.627	0.176	-0.589	0.176	-0.569
0.175	-0.728	0.175	-0.673	0.175	-0.641	0.175	-0.601	0.175	-0.581
0.174	-0.730	0.174	-0.682	0.174	-0.641	0.174	-0.598	0.174	-0.575
0.173	-0.742	0.173	-0.693	0.173	-0.655	0.173	-0.618	0.173	-0.600
0.172	-0.742	0.172	-0.699	0.172	-0.659	0.172	-0.626	0.172	-0.601
0.171	-0.759	0.171	-0.707	0.171	-0.664	0.171	-0.633	0.171	-0.606
0.170	-0.761	0.170	-0.710	0.170	-0.672	0.170	-0.638	0.170	-0.615
0.169	-0.770	0.169	-0.718	0.169	-0.678	0.169	-0.639	0.169	-0.620
0.168	-0.774	0.168	-0.721	0.168	-0.695	0.168	-0.653	0.168	-0.627
0.167	-0.779	0.167	-0.733	0.167	-0.705	0.167	-0.669	0.167	-0.644
0.166	-0.788	0.166	-0.745	0.166	-0.705	0.166	-0.673	0.166	-0.653
0.165	-0.800	0.165	-0.744	0.165	-0.715	0.165	-0.682	0.165	-0.664
0.164	-0.805	0.164	-0.759	0.164	-0.724	0.164	-0.689	0.164	-0.672
0.163	-0.807	0.163	-0.768	0.163	-0.736	0.163	-0.707	0.163	-0.689
0.162	-0.810	0.162	-0.770	0.162	-0.736	0.162	-0.716	0.162	-0.690
0.161	-0.817	0.161	-0.776	0.161	-0.744	0.161	-0.713	0.161	-0.695
0.160	-0.819	0.160	-0.787	0.160	-0.750	0.160	-0.725	0.160	-0.707
0.159	-0.831	0.159	-0.793	0.159	-0.765	0.159	-0.738	0.159	-0.718
0.158	-0.836	0.158	-0.794	0.158	-0.770	0.158	-0.748	0.158	-0.724
0.157	-0.836	0.157	-0.807	0.157	-0.782	0.157	-0.750	0.157	-0.735
0.156	-0.845	0.156	-0.805	0.156	-0.784	0.156	-0.764	0.156	-0.739
0.155	-0.856	0.155	-0.822	0.155	-0.802	0.155	-0.774	0.155	-0.751
0.154	-0.863	0.154	-0.831	0.154	-0.811	0.154	-0.777	0.154	-0.771
0.153	-0.868	0.153	-0.834	0.153	-0.816	0.153	-0.790	0.153	-0.773
0.152	-0.874	0.152	-0.843	0.152	-0.822	0.152	-0.797	0.152	-0.782
0.151	-0.885	0.151	-0.856	0.151	-0.837	0.151	-0.811	0.151	-0.793
0.150	-0.893	0.150	-0.862	0.150	-0.840	0.150	-0.823	0.150	-0.800
0.149	-0.900	0.149	-0.874	0.149	-0.851	0.149	-0.827	0.149	-0.813
0.148	-0.899	0.148	-0.877	0.148	-0.860	0.148	-0.836	0.148	-0.816
0.147	-0.919	0.147	-0.897	0.147	-0.879	0.147	-0.853	0.147	-0.839
0.146	-0.923	0.146	-0.899	0.146	-0.871	0.146	-0.863	0.146	-0.843
0.145	-0.931	0.145	-0.909	0.145	-0.896	0.145	-0.866	0.145	-0.851
0.144	-0.937	0.144	-0.922	0.144	-0.889	0.144	-0.877	0.144	-0.860
0.143	-0.949	0.143	-0.929	0.143	-0.911	0.143	-0.888	0.143	-0.870
0.142	-0.952	0.142	-0.928	0.142	-0.919	0.142	-0.897	0.142	-0.880
0.141	-0.966	0.141	-0.948	0.141	-0.931	0.141	-0.906	0.141	-0.886
0.140	-0.986	0.140	-0.955	0.140	-0.934	0.140	-0.919	0.140	-0.893
0.139	-0.994	0.139	-0.969	0.139	-0.966	0.139	-0.931	0.139	-0.917
0.138	-0.997	0.138	-0.977	0.138	-0.962	0.138	-0.939	0.138	-0.922
0.137	-1.003	0.137	-0.986	0.137	-0.971	0.137	-0.951	0.137	-0.928
0.136	-1.018	0.136	-0.995	0.136	-0.978	0.136	-0.958	0.136	-0.940
0.135	-1.027	0.135	-1.009	0.135	-0.998	0.135	-0.969	0.135	-0.951
0.134	-1.035	0.134	-1.017	0.134	-1.004	0.134	-0.980	0.134	-0.963
0.133	-1.055	0.133	-1.031	0.133	-1.015	0.133	-0.997	0.133	-0.974
0.132	-1.060	0.132	-1.044	0.132	-1.023	0.132	-0.998	0.132	-0.981
0.131	-1.083	0.131	-1.064	0.131	-1.052	0.131	-1.026	0.131	-1.011
0.130	-1.087	0.130	-1.077	0.130	-1.047	0.130	-1.021	0.130	-1.003
0.129	-1.104	0.129	-1.084	0.129	-1.061	0.129	-1.034	0.129	-1.018
0.128	-1.109	0.128	-1.089	0.128	-1.069	0.128	-1.046	0.128	-1.023
0.127	-1.124	0.127	-1.103	0.127	-1.083	0.127	-1.057	0.127	-1.037
0.126	-1.136	0.126	-1.106	0.126	-1.089	0.126	-1.064	0.126	-1.043
0.125	-1.138	0.125	-1.120	0.125	-1.103	0.125	-1.077	0.125	-1.060
0.124	-1.155	0.124	-1.135	0.124	-1.112	0.124	-1.089	0.124	-1.069
0.123	-1.172	0.123	-1.147	0.123	-1.120	0.123	-1.101	0.123	-1.084
0.122	-1.167	0.122	-1.156	0.122	-1.129	0.122	-1.104	0.122	-1.087
0.121	-1.192	0.121	-1.162	0.121	-1.146	0.121	-1.121	0.121	-1.106
0.120	-1.198	0.120	-1.175	0.120	-1.155	0.120	-1.132	0.120	-1.110
0.119	-1.212	0.119	-1.184	0.119	-1.166	0.119	-1.144	0.119	-1.126
0.118	-1.225	0.118	-1.196	0.118	-1.172	0.118	-1.150	0.118	-1.133
0.117	-1.235	0.117	-1.202	0.117	-1.187	0.117	-1.167	0.117	-1.147
0.116	-1.250	0.116	-1.228	0.116	-1.193	0.116	-1.169	0.116	-1.153
0.115	-1.265	0.115	-1.235	0.115	-1.213	0.115	-1.196	0.115	-1.176
0.114	-1.270	0.114	-1.247	0.114	-1.219	0.114	-1.190	0.114	-1.181
0.113	-1.277	0.113	-1.254	0.113	-1.228	0.113	-1.201	0.113	-1.190
0.112	-1.284	0.112	-1.256	0.112	-1.231	0.112	-1.213	0.112	-1.198
0.111	-1.302	0.111	-1.274	0.111	-1.251	0.111	-1.221	0.111	-1.215
0.110	-1.302	0.110	-1.271	0.110	-1.259	0.110	-1.233	0.110	-1.219
0.109	-1.314	0.109	-1.290	0.109	-1.262	0.109	-1.242	0.109	-1.236
0.108	-1.328	0.108	-1.299	0.108	-1.276	0.108	-1.254	0.108	-1.242
0.107	-1.342	0.107	-1.317	0.107	-1.296	0.107	-1.273	0.107	-1.267
0.106	-1.354	0.106	-1.317	0.106	-1.300	0.106	-1.284	0.106	-1.265
0.105	-1.359	0.105	-1.333	0.105	-1.310	0.105	-1.293	0.105	-1.273
0.104	-1.359	0.104	-1.339	0.104	-1.313	0.104	-1.296	0.104	-1.291
0.103	-1.379	0.103	-1.348	0.103	-1.334	0.103	-1.316	0.103	-1.300
0.102	-1.386	0.102	-1.354	0.102	-1.342	0.102	-1.320	0.102	-1.307
0.101	-1.402	0.101	-1.371	0.101	-1.351	0.101	-1.336	0.101	-1.328
