E /V	I /uA	E /V	I /uA
0.100	-0.182	0.100	-1.081
0.099	-0.411	0.099	-1.100
0.098	-0.589	0.098	-1.093
0.097	-0.733	0.097	-1.103
0.096	-0.828	0.096	-1.110
0.095	-0.897	0.095	-1.121
0.094	-0.946	0.094	-1.121
0.093	-0.983	0.093	-1.139
0.092	-1.017	0.092	-1.152
0.091	-1.041	0.091	-1.170
0.090	-1.063	0.090	-1.166
0.089	-1.077	0.089	-1.172
0.088	-1.081	0.088	-1.184
0.087	-1.101	0.087	-1.199
0.086	-1.109	0.086	-1.196
0.085	-1.123	0.085	-1.210
0.084	-1.133	0.084	-1.219
0.083	-1.155	0.083	-1.238
0.082	-1.159	0.082	-1.231
0.081	-1.164	0.081	-1.241
0.080	-1.164	0.080	-1.244
0.079	-1.181	0.079	-1.250
0.078	-1.181	0.078	-1.265
0.077	-1.198	0.077	-1.279
0.076	-1.196	0.076	-1.284
0.075	-1.222	0.075	-1.288
0.074	-1.225	0.074	-1.299
0.073	-1.230	0.073	-1.305
0.072	-1.238	0.072	-1.305
0.071	-1.248	0.071	-1.322
0.070	-1.253	0.070	-1.323
0.069	-1.267	0.069	-1.336
0.068	-1.270	0.068	-1.337
0.067	-1.299	0.067	-1.371
0.066	-1.288	0.066	-1.354
0.065	-1.291	0.065	-1.356
0.064	-1.302	0.064	-1.365
0.063	-1.310	0.063	-1.377
0.062	-1.314	0.062	-1.374
0.061	-1.322	0.061	-1.382
0.060	-1.327	0.060	-1.392
0.059	-1.346	0.059	-1.402
0.058	-1.343	0.058	-1.402
0.057	-1.350	0.057	-1.403
0.056	-1.356	0.056	-1.414
0.055	-1.357	0.055	-1.428
0.054	-1.374	0.054	-1.428
0.053	-1.385	0.053	-1.434
0.052	-1.385	0.052	-1.439
0.051	-1.400	0.051	-1.458
0.050	-1.399	0.050	-1.448
0.049	-1.402	0.049	-1.449
0.048	-1.406	0.048	-1.466
0.047	-1.417	0.047	-1.475
0.046	-1.422	0.046	-1.466
0.045	-1.431	0.045	-1.480
0.044	-1.440	0.044	-1.477
0.043	-1.448	0.043	-1.492
0.042	-1.440	0.042	-1.489
0.041	-1.452	0.041	-1.504
0.040	-1.454	0.040	-1.511
0.039	-1.474	0.039	-1.520
0.038	-1.468	0.038	-1.512
0.037	-1.480	0.037	-1.527
0.036	-1.488	0.036	-1.526
0.035	-1.506	0.035	-1.547
0.034	-1.491	0.034	-1.531
0.033	-1.498	0.033	-1.544
0.032	-1.504	0.032	-1.549
0.031	-1.514	0.031	-1.560
0.030	-1.515	0.030	-1.557
0.029	-1.521	0.029	-1.557
0.028	-1.523	0.028	-1.563
0.027	-1.546	0.027	-1.589
0.026	-1.537	0.026	-1.578
0.025	-1.549	0.025	-1.577
0.024	-1.550	0.024	-1.598
0.023	-1.564	0.023	-1.603
0.022	-1.566	0.022	-1.596
0.021	-1.573	0.021	-1.603
0.020	-1.573	0.020	-1.610
0.019	-1.601	0.019	-1.635
0.018	-1.590	0.018	-1.632
0.017	-1.601	0.017	-1.632
0.016	-1.610	0.016	-1.636
0.015	-1.613	0.015	-1.646
0.014	-1.619	0.014	-1.646
0.013	-1.621	0.013	-1.653
0.012	-1.627	0.012	-1.656
0.011	-1.650	0.011	-1.676
0.010	-1.650	0.010	-1.672
0.009	-1.650	0.009	-1.684
0.008	-1.658	0.008	-1.688
0.007	-1.673	0.007	-1.698
0.006	-1.670	0.006	-1.688
0.005	-1.670	0.005	-1.704
0.004	-1.696	0.004	-1.721
0.003	-1.728	0.003	-1.759
0.002	-1.702	0.002	-1.739
0.001	-1.708	0.001	-1.738
0.000	-1.708	0.000	-1.730
-0.001	-1.725	-0.001	-1.754
-0.002	-1.733	-0.002	-1.756
-0.003	-1.738	-0.003	-1.761
-0.004	-1.747	-0.004	-1.779
-0.005	-1.762	-0.005	-1.788
-0.006	-1.764	-0.006	-1.800
-0.007	-1.777	-0.007	-1.811
-0.008	-1.788	-0.008	-1.817
-0.009	-1.800	-0.009	-1.830
-0.010	-1.497	-0.010	-1.520
-0.009	-0.823	-0.009	-0.846
-0.008	-0.271	-0.008	-0.296
-0.007	0.144	-0.007	0.106
-0.006	0.430	-0.006	0.396
-0.005	0.657	-0.005	0.621
-0.004	0.798	-0.004	0.770
-0.003	0.911	-0.003	0.880
-0.002	0.983	-0.002	0.956
-0.001	1.058	-0.001	1.022
0.000	1.095	0.000	1.066
0.001	1.135	0.001	1.104
0.002	1.161	0.002	1.133
0.003	1.215	0.003	1.190
0.004	1.206	0.004	1.183
0.005	1.229	0.005	1.209
0.006	1.235	0.006	1.207
0.007	1.258	0.007	1.236
0.008	1.268	0.008	1.241
0.009	1.279	0.009	1.262
0.010	1.284	0.010	1.267
0.011	1.302	0.011	1.293
0.012	1.307	0.012	1.284
0.013	1.316	0.013	1.307
0.014	1.321	0.014	1.302
0.015	1.339	0.015	1.321
0.016	1.330	0.016	1.314
0.017	1.344	0.017	1.322
0.018	1.348	0.018	1.334
0.019	1.370	0.019	1.357
0.020	1.354	0.020	1.341
0.021	1.367	0.021	1.347
0.022	1.365	0.022	1.350
0.023	1.373	0.023	1.360
0.024	1.368	0.024	1.356
0.025	1.382	0.025	1.362
0.026	1.373	0.026	1.354
0.027	1.390	0.027	1.373
0.028	1.383	0.028	1.365
0.029	1.382	0.029	1.370
0.030	1.382	0.030	1.362
0.031	1.388	0.031	1.374
0.032	1.379	0.032	1.365
0.033	1.385	0.033	1.367
0.034	1.379	0.034	1.364
0.035	1.400	0.035	1.388
0.036	1.379	0.036	1.368
0.037	1.382	0.037	1.377
0.038	1.382	0.038	1.364
0.039	1.387	0.039	1.373
0.040	1.370	0.040	1.362
0.041	1.377	0.041	1.368
0.042	1.374	0.042	1.356
0.043	1.387	0.043	1.367
0.044	1.377	0.044	1.356
0.045	1.370	0.045	1.354
0.046	1.367	0.046	1.350
0.047	1.371	0.047	1.359
0.048	1.364	0.048	1.353
0.049	1.370	0.049	1.350
0.050	1.360	0.050	1.345
0.051	1.371	0.051	1.360
0.052	1.356	0.052	1.341
0.053	1.359	0.053	1.339
0.054	1.344	0.054	1.330
0.055	1.351	0.055	1.345
0.056	1.334	0.056	1.325
0.057	1.333	0.057	1.324
0.058	1.325	0.058	1.314
0.059	1.339	0.059	1.321
0.060	1.325	0.060	1.307
0.061	1.325	0.061	1.313
0.062	1.316	0.062	1.287
0.063	1.310	0.063	1.299
0.064	1.308	0.064	1.291
0.065	1.302	0.065	1.288
0.066	1.296	0.066	1.290
0.067	1.321	0.067	1.302
0.068	1.288	0.068	1.273
0.069	1.285	0.069	1.272
0.070	1.276	0.070	1.262
0.071	1.275	0.071	1.256
0.072	1.262	0.072	1.245
0.073	1.261	0.073	1.249
0.074	1.255	0.074	1.233
0.075	1.258	0.075	1.235
0.076	1.229	0.076	1.226
0.077	1.239	0.077	1.222
0.078	1.224	0.078	1.207
0.079	1.226	0.079	1.210
0.080	1.212	0.080	1.196
0.081	1.209	0.081	1.196
0.082	1.195	0.082	1.181
0.083	1.209	0.083	1.199
0.084	1.192	0.084	1.175
0.085	1.181		
0.086	1.170		
0.087	1.173		
0.088	1.160		
0.089	1.161		
0.090	1.144		
0.091	1.141		
0.092	1.129		
0.093	1.126		
0.094	1.112		
0.095	1.107		
0.096	1.098		
0.097	1.091		
0.098	1.084		
0.099	1.086		
0.100	1.069		
0.101	1.057		
0.102	1.043		
0.103	1.041		
0.104	1.028		
0.105	1.025		
0.106	1.008		
0.107	1.011		
0.108	0.999		
0.109	0.989		
0.110	0.983		
0.111	0.974		
0.112	0.962		
0.113	0.953		
0.114	0.939		
0.115	0.948		
0.116	0.933		
0.117	0.926		
0.118	0.908		
0.119	0.913		
0.120	0.893		
0.121	0.893		
0.122	0.877		
0.123	0.870		
0.124	0.860		
0.125	0.854		
0.126	0.834		
0.127	0.839		
0.128	0.824		
0.129	0.827		
0.130	0.805		
0.131	0.808		
0.132	0.791		
0.133	0.793		
0.134	0.779		
0.135	0.778		
0.136	0.767		
0.137	0.758		
0.138	0.744		
0.139	0.747		
0.140	0.739		
0.141	0.727		
0.142	0.715		
0.143	0.718		
0.144	0.706		
0.145	0.701		
0.146	0.696		
0.147	0.699		
0.148	0.681		
0.149	0.684		
0.150	0.672		
0.151	0.666		
0.152	0.655		
0.153	0.650		
0.154	0.641		
0.155	0.646		
0.156	0.640		
0.157	0.632		
0.158	0.629		
0.159	0.624		
0.160	0.618		
0.161	0.620		
0.162	0.607		
0.163	0.618		
0.164	0.603		
0.165	0.598		
0.166	0.595		
0.167	0.604		
0.168	0.591		
0.169	0.591		
0.170	0.581		
0.171	0.595		
0.172	0.587		
0.173	0.586		
0.174	0.584		
0.175	0.589		
0.176	0.578		
0.177	0.583		
0.178	0.589		
0.179	0.592		
0.180	0.583		
0.181	0.587		
0.182	0.586		
0.183	0.592		
0.184	0.589		
0.185	0.594		
0.186	0.597		
0.187	0.607		
0.188	0.597		
0.189	0.601		
0.190	0.604		
0.191	0.606		
0.192	0.601		
0.193	0.604		
0.194	0.604		
0.195	0.618		
0.196	0.614		
0.197	0.614		
0.198	0.611		
0.199	0.615		
0.200	0.614		
0.201	0.611		
0.202	0.614		
0.203	0.609		
0.204	0.604		
0.205	0.603		
0.206	0.603		
0.207	0.607		
0.208	0.601		
0.209	0.598		
0.210	0.587		
0.211	0.594		
0.212	0.591		
0.213	0.580		
0.214	0.581		
0.215	0.578		
0.216	0.572		
0.217	0.560		
0.218	0.560		
0.219	0.555		
0.220	0.543		
0.221	0.537		
0.222	0.529		
0.223	0.528		
0.224	0.520		
0.225	0.509		
0.226	0.502		
0.227	0.486		
0.228	0.472		
0.229	0.477		
0.230	0.466		
0.231	0.457		
0.232	0.445		
0.233	0.439		
0.234	0.423		
0.235	0.422		
0.236	0.419		
0.237	0.413		
0.238	0.399		
0.239	0.399		
0.240	0.391		
0.241	0.380		
0.242	0.376		
0.243	0.377		
0.244	0.370		
0.245	0.373		
0.246	0.365		
0.247	0.359		
0.248	0.356		
0.249	0.351		
0.250	0.348		
0.251	0.348		
0.252	0.345		
0.253	0.353		
0.254	0.345		
0.255	0.350		
0.256	0.344		
0.257	0.342		
0.258	0.341		
0.259	0.356		
0.260	0.347		
0.261	0.344		
0.262	0.347		
0.263	0.350		
0.264	0.348		
0.265	0.342		
0.266	0.350		
0.267	0.345		
0.268	0.347		
0.269	0.345		
0.270	0.344		
0.271	0.350		
0.272	0.347		
0.273	0.350		
0.274	0.348		
0.275	0.351		
0.276	0.347		
0.277	0.351		
0.278	0.356		
0.279	0.353		
0.280	0.353		
0.281	0.356		
0.282	0.357		
0.283	0.362		
0.284	0.359		
0.285	0.365		
0.286	0.364		
0.287	0.361		
0.288	0.368		
0.289	0.364		
0.290	0.364		
0.291	0.373		
0.292	0.370		
0.293	0.373		
0.294	0.373		
0.295	0.371		
0.296	0.382		
0.297	0.379		
0.298	0.382		
0.299	0.379		
0.300	0.385		
0.301	0.387		
0.302	0.396		
0.303	0.388		
0.304	0.397		
0.305	0.397		
0.306	0.399		
0.307	0.410		
0.308	0.408		
0.309	0.408		
0.310	0.410		
0.311	0.410		
0.312	0.422		
0.313	0.422		
0.314	0.422		
0.315	0.433		
0.316	0.433		
0.317	0.434		
0.318	0.437		
0.319	0.442		
0.320	0.445		
0.321	0.442		
0.322	0.439		
0.323	0.449		
0.324	0.448		
0.325	0.453		
0.326	0.442		
0.327	0.440		
0.328	0.433		
0.329	0.430		
0.330	0.428		
0.331	0.428		
0.332	0.419		
0.333	0.419		
0.334	0.396		
0.335	0.396		
0.336	0.385		
0.337	0.382		
0.338	0.371		
0.339	0.361		
0.340	0.350		
0.341	0.342		
0.342	0.328		
0.343	0.321		
0.344	0.310		
0.345	0.307		
0.346	0.290		
0.347	0.281		
0.348	0.276		
0.349	0.267		
0.350	0.264		
0.351	0.261		
0.352	0.258		
0.353	0.249		
0.354	0.239		
0.355	0.238		
0.356	0.233		
0.357	0.232		
0.358	0.222		
0.359	0.222		
0.360	0.212		
0.361	0.213		
0.362	0.212		
0.363	0.210		
0.364	0.207		
0.365	0.204		
0.366	0.204		
0.367	0.204		
0.368	0.195		
0.369	0.193		
0.370	0.190		
0.371	0.198		
0.372	0.189		
0.373	0.187		
0.374	0.186		
0.375	0.190		
0.376	0.189		
0.377	0.186		
0.378	0.183		
0.379	0.187		
0.380	0.180		
0.381	0.173		
0.382	0.175		
0.383	0.180		
0.384	0.176		
0.385	0.172		
0.386	0.173		
0.387	0.175		
0.388	0.176		
0.389	0.178		
0.390	0.172		
0.391	0.183		
0.392	0.172		
0.393	0.172		
0.394	0.180		
0.395	0.172		
0.396	0.172		
0.397	0.173		
0.398	0.178		
0.399	0.173		
0.400	0.170		
0.401	0.169		
0.402	0.178		
0.403	0.176		
0.404	0.170		
0.405	0.178		
0.406	0.187		
0.407	0.175		
0.408	0.176		
0.409	0.175		
0.410	0.173		
0.411	0.183		
0.412	0.180		
0.413	0.181		
0.414	0.178		
0.415	0.178		
0.416	0.181		
0.417	0.178		
0.418	0.183		
0.419	0.181		
0.420	0.178		
0.421	0.175		
0.422	0.180		
0.423	0.178		
0.424	0.183		
0.425	0.183		
0.426	0.180		
0.427	0.178		
0.428	0.175		
0.429	0.186		
0.430	0.173		
0.431	0.181		
0.432	0.180		
0.433	0.176		
0.434	0.175		
0.435	0.183		
0.436	0.180		
0.437	0.170		
0.438	0.180		
0.439	0.176		
0.440	0.181		
0.441	0.173		
0.442	0.178		
0.443	0.187		
0.444	0.176		
0.445	0.184		
0.446	0.181		
0.447	0.176		
0.448	0.186		
0.449	0.183		
0.450	0.175		
0.451	0.176		
0.452	0.181		
0.453	0.176		
0.454	0.176		
0.455	0.184		
0.456	0.184		
0.457	0.181		
0.458	0.178		
0.459	0.183		
0.460	0.181		
0.461	0.189		
0.462	0.183		
0.463	0.184		
0.464	0.184		
0.465	0.195		
0.466	0.184		
0.467	0.181		
0.468	0.192		
0.469	0.193		
0.470	0.189		
0.471	0.183		
0.472	0.190		
0.473	0.187		
0.474	0.189		
0.475	0.196		
0.476	0.198		
0.477	0.199		
0.478	0.201		
0.479	0.204		
0.480	0.206		
0.481	0.204		
0.482	0.206		
0.483	0.207		
0.484	0.206		
0.485	0.206		
0.486	0.203		
0.487	0.216		
0.488	0.215		
0.489	0.216		
0.490	0.219		
0.491	0.222		
0.492	0.229		
0.493	0.235		
0.494	0.226		
0.495	0.239		
0.496	0.239		
0.497	0.245		
0.498	0.239		
0.499	0.264		
0.500	0.249		
0.501	0.247		
0.502	0.256		
0.503	0.262		
0.504	0.264		
0.505	0.267		
0.506	0.270		
0.507	0.273		
0.508	0.275		
0.509	0.275		
0.510	0.288		
0.511	0.293		
0.512	0.291		
0.513	0.298		
0.514	0.307		
0.515	0.310		
0.516	0.321		
0.517	0.316		
0.518	0.328		
0.519	0.324		
0.520	0.333		
0.521	0.342		
0.522	0.356		
0.523	0.359		
0.524	0.364		
0.525	0.365		
0.526	0.374		
0.527	0.380		
0.528	0.387		
0.529	0.394		
0.530	0.400		
0.531	0.407		
0.532	0.407		
0.533	0.411		
0.534	0.420		
0.535	0.431		
0.536	0.445		
0.537	0.439		
0.538	0.446		
0.539	0.454		
0.540	0.463		
0.541	0.469		
0.542	0.476		
0.543	0.474		
0.544	0.492		
0.545	0.492		
0.546	0.502		
0.547	0.514		
0.548	0.517		
0.549	0.525		
0.550	0.523		
0.551	0.531		
0.552	0.540		
0.553	0.545		
0.554	0.551		
0.555	0.560		
0.556	0.564		
0.557	0.568		
0.558	0.571		
0.559	0.584		
0.560	0.589		
0.561	0.589		
0.562	0.595		
0.563	0.598		
0.564	0.607		
0.565	0.612		
0.566	0.618		
0.567	0.623		
0.568	0.626		
0.569	0.630		
0.570	0.635		
0.571	0.644		
0.572	0.647		
0.573	0.650		
0.574	0.653		
0.575	0.667		
0.576	0.666		
0.577	0.664		
0.578	0.672		
0.579	0.680		
0.580	0.687		
0.581	0.690		
0.582	0.689		
0.583	0.699		
0.584	0.703		
0.585	0.703		
0.586	0.707		
0.587	0.722		
0.588	0.722		
0.589	0.732		
0.590	0.741		
0.591	0.742		
0.592	0.753		
0.593	0.752		
0.594	0.758		
0.595	0.775		
0.596	0.776		
0.597	0.782		
0.598	0.788		
0.599	0.798		
0.600	0.801		
0.601	0.810		
0.602	0.831		
0.603	0.830		
0.604	0.839		
0.605	0.850		
0.606	0.857		
0.607	0.865		
0.608	0.880		
0.609	0.887		
0.610	0.900		
0.611	0.910		
0.612	0.928		
0.613	0.931		
0.614	0.937		
0.615	0.956		
0.616	0.962		
0.617	0.989		
0.618	0.995		
0.619	1.012		
0.620	1.018		
0.621	1.045		
0.622	1.060		
0.623	1.078		
0.624	1.083		
0.625	1.118		
0.626	1.130		
0.627	1.160		
0.628	1.167		
0.629	1.193		
0.630	1.221		
0.631	1.244		
0.632	1.258		
0.633	1.290		
0.634	1.311		
0.635	1.348		
0.636	1.356		
0.637	1.382		
0.638	1.400		
0.639	1.426		
0.640	1.437		
0.641	1.474		
0.642	1.486		
0.643	1.526		
0.644	1.529		
0.645	1.529		
0.646	1.534		
0.647	1.548		
0.648	1.548		
0.649	1.552		
0.650	1.548		
0.651	1.555		
0.652	1.546		
0.653	1.552		
0.654	1.554		
0.655	1.560		
0.656	1.554		
0.657	1.563		
0.658	1.558		
0.659	1.574		
0.660	1.566		
0.661	1.569		
0.662	1.569		
0.663	1.583		
0.664	1.583		
0.665	1.586		
0.666	1.589		
0.667	1.612		
0.668	1.614		
0.669	1.633		
0.670	1.635		
0.671	1.664		
0.672	1.672		
0.673	1.679		
0.674	1.690		
0.675	1.738		
0.676	1.729		
0.677	1.749		
0.678	1.759		
0.679	1.787		
0.680	1.807		
0.681	1.831		
0.682	1.837		
0.683	1.874		
0.684	1.893		
0.685	1.922		
0.686	1.943		
0.687	1.975		
0.688	2.000		
0.689	2.028		
0.690	2.057		
0.691	2.107		
0.692	2.124		
0.693	2.153		
0.694	2.176		
0.695	2.221		
0.696	2.253		
0.697	2.282		
0.698	2.314		
0.699	2.376		
0.700	1.985		
0.699	1.107		
0.698	0.356		
0.697	-0.216		
0.696	-0.636		
0.695	-0.942		
0.694	-1.136		
0.693	-1.279		
0.692	-1.374		
0.691	-1.448		
0.690	-1.468		
0.689	-1.501		
0.688	-1.500		
0.687	-1.506		
0.686	-1.504		
0.685	-1.500		
0.684	-1.488		
0.683	-1.491		
0.682	-1.469		
0.681	-1.458		
0.680	-1.443		
0.679	-1.435		
0.678	-1.414		
0.677	-1.397		
0.676	-1.389		
0.675	-1.376		
0.674	-1.366		
0.673	-1.345		
0.672	-1.337		
0.671	-1.330		
0.670	-1.314		
0.669	-1.305		
0.668	-1.284		
0.667	-1.290		
0.666	-1.274		
0.665	-1.267		
0.664	-1.264		
0.663	-1.261		
0.662	-1.258		
0.661	-1.245		
0.660	-1.236		
0.659	-1.241		
0.658	-1.230		
0.657	-1.236		
0.656	-1.233		
0.655	-1.225		
0.654	-1.225		
0.653	-1.222		
0.652	-1.228		
0.651	-1.238		
0.650	-1.222		
0.649	-1.231		
0.648	-1.238		
0.647	-1.238		
0.646	-1.231		
0.645	-1.244		
0.644	-1.248		
0.643	-1.276		
0.642	-1.256		
0.641	-1.267		
0.640	-1.261		
0.639	-1.265		
0.638	-1.261		
0.637	-1.262		
0.636	-1.250		
0.635	-1.245		
0.634	-1.241		
0.633	-1.219		
0.632	-1.222		
0.631	-1.207		
0.630	-1.192		
0.629	-1.176		
0.628	-1.162		
0.627	-1.152		
0.626	-1.138		
0.625	-1.104		
0.624	-1.101		
0.623	-1.077		
0.622	-1.057		
0.621	-1.037		
0.620	-1.023		
0.619	-1.012		
0.618	-0.992		
0.617	-0.971		
0.616	-0.955		
0.615	-0.948		
0.614	-0.929		
0.613	-0.912		
0.612	-0.897		
0.611	-0.886		
0.610	-0.870		
0.609	-0.853		
0.608	-0.842		
0.607	-0.839		
0.606	-0.820		
0.605	-0.807		
0.604	-0.796		
0.603	-0.788		
0.602	-0.779		
0.601	-0.761		
0.600	-0.753		
0.599	-0.748		
0.598	-0.735		
0.597	-0.718		
0.596	-0.713		
0.595	-0.710		
0.594	-0.702		
0.593	-0.676		
0.592	-0.676		
0.591	-0.666		
0.590	-0.661		
0.589	-0.652		
0.588	-0.644		
0.587	-0.638		
0.586	-0.630		
0.585	-0.615		
0.584	-0.613		
0.583	-0.609		
0.582	-0.609		
0.581	-0.593		
0.580	-0.590		
0.579	-0.587		
0.578	-0.566		
0.577	-0.572		
0.576	-0.566		
0.575	-0.555		
0.574	-0.552		
0.573	-0.541		
0.572	-0.543		
0.571	-0.537		
0.570	-0.534		
0.569	-0.526		
0.568	-0.527		
0.567	-0.520		
0.566	-0.517		
0.565	-0.508		
0.564	-0.509		
0.563	-0.497		
0.562	-0.501		
0.561	-0.488		
0.560	-0.488		
0.559	-0.481		
0.558	-0.485		
0.557	-0.475		
0.556	-0.474		
0.555	-0.471		
0.554	-0.471		
0.553	-0.462		
0.552	-0.462		
0.551	-0.462		
0.550	-0.458		
0.549	-0.452		
0.548	-0.449		
0.547	-0.442		
0.546	-0.445		
0.545	-0.442		
0.544	-0.437		
0.543	-0.434		
0.542	-0.434		
0.541	-0.435		
0.540	-0.428		
0.539	-0.420		
0.538	-0.422		
0.537	-0.419		
0.536	-0.412		
0.535	-0.412		
0.534	-0.417		
0.533	-0.411		
0.532	-0.417		
0.531	-0.414		
0.530	-0.411		
0.529	-0.408		
0.528	-0.406		
0.527	-0.403		
0.526	-0.399		
0.525	-0.402		
0.524	-0.397		
0.523	-0.391		
0.522	-0.405		
0.521	-0.396		
0.520	-0.399		
0.519	-0.400		
0.518	-0.396		
0.517	-0.391		
0.516	-0.399		
0.515	-0.402		
0.514	-0.396		
0.513	-0.400		
0.512	-0.400		
0.511	-0.396		
0.510	-0.399		
0.509	-0.399		
0.508	-0.397		
0.507	-0.403		
0.506	-0.406		
0.505	-0.399		
0.504	-0.399		
0.503	-0.402		
0.502	-0.406		
0.501	-0.408		
0.500	-0.406		
0.499	-0.411		
0.498	-0.417		
0.497	-0.416		
0.496	-0.419		
0.495	-0.420		
0.494	-0.422		
0.493	-0.425		
0.492	-0.422		
0.491	-0.431		
0.490	-0.426		
0.489	-0.431		
0.488	-0.428		
0.487	-0.435		
0.486	-0.437		
0.485	-0.443		
0.484	-0.437		
0.483	-0.443		
0.482	-0.446		
0.481	-0.443		
0.480	-0.442		
0.479	-0.443		
0.478	-0.442		
0.477	-0.445		
0.476	-0.435		
0.475	-0.443		
0.474	-0.435		
0.473	-0.435		
0.472	-0.431		
0.471	-0.426		
0.470	-0.423		
0.469	-0.417		
0.468	-0.408		
0.467	-0.408		
0.466	-0.402		
0.465	-0.393		
0.464	-0.393		
0.463	-0.382		
0.462	-0.374		
0.461	-0.371		
0.460	-0.357		
0.459	-0.353		
0.458	-0.348		
0.457	-0.339		
0.456	-0.328		
0.455	-0.320		
0.454	-0.319		
0.453	-0.310		
0.452	-0.305		
0.451	-0.299		
0.450	-0.294		
0.449	-0.290		
0.448	-0.281		
0.447	-0.273		
0.446	-0.268		
0.445	-0.253		
0.444	-0.253		
0.443	-0.251		
0.442	-0.256		
0.441	-0.242		
0.440	-0.233		
0.439	-0.241		
0.438	-0.236		
0.437	-0.230		
0.436	-0.227		
0.435	-0.224		
0.434	-0.222		
0.433	-0.219		
0.432	-0.215		
0.431	-0.215		
0.430	-0.215		
0.429	-0.210		
0.428	-0.199		
0.427	-0.205		
0.426	-0.207		
0.425	-0.207		
0.424	-0.205		
0.423	-0.201		
0.422	-0.212		
0.421	-0.198		
0.420	-0.192		
0.419	-0.196		
0.418	-0.196		
0.417	-0.201		
0.416	-0.195		
0.415	-0.195		
0.414	-0.190		
0.413	-0.190		
0.412	-0.199		
0.411	-0.193		
0.410	-0.192		
0.409	-0.190		
0.408	-0.189		
0.407	-0.182		
0.406	-0.189		
0.405	-0.190		
0.404	-0.190		
0.403	-0.192		
0.402	-0.192		
0.401	-0.190		
0.400	-0.187		
0.399	-0.187		
0.398	-0.192		
0.397	-0.184		
0.396	-0.189		
0.395	-0.184		
0.394	-0.192		
0.393	-0.187		
0.392	-0.190		
0.391	-0.192		
0.390	-0.184		
0.389	-0.185		
0.388	-0.190		
0.387	-0.189		
0.386	-0.187		
0.385	-0.179		
0.384	-0.187		
0.383	-0.190		
0.382	-0.189		
0.381	-0.187		
0.380	-0.189		
0.379	-0.190		
0.378	-0.192		
0.377	-0.196		
0.376	-0.195		
0.375	-0.193		
0.374	-0.193		
0.373	-0.189		
0.372	-0.195		
0.371	-0.193		
0.370	-0.192		
0.369	-0.193		
0.368	-0.196		
0.367	-0.202		
0.366	-0.198		
0.365	-0.202		
0.364	-0.202		
0.363	-0.202		
0.362	-0.205		
0.361	-0.205		
0.360	-0.199		
0.359	-0.210		
0.358	-0.216		
0.357	-0.212		
0.356	-0.210		
0.355	-0.219		
0.354	-0.221		
0.353	-0.215		
0.352	-0.224		
0.351	-0.225		
0.350	-0.225		
0.349	-0.227		
0.348	-0.236		
0.347	-0.241		
0.346	-0.236		
0.345	-0.244		
0.344	-0.245		
0.343	-0.248		
0.342	-0.253		
0.341	-0.251		
0.340	-0.264		
0.339	-0.261		
0.338	-0.268		
0.337	-0.274		
0.336	-0.279		
0.335	-0.284		
0.334	-0.287		
0.333	-0.297		
0.332	-0.296		
0.331	-0.308		
0.330	-0.311		
0.329	-0.322		
0.328	-0.324		
0.327	-0.324		
0.326	-0.337		
0.325	-0.340		
0.324	-0.353		
0.323	-0.351		
0.322	-0.362		
0.321	-0.374		
0.320	-0.376		
0.319	-0.377		
0.318	-0.386		
0.317	-0.396		
0.316	-0.396		
0.315	-0.400		
0.314	-0.411		
0.313	-0.412		
0.312	-0.414		
0.311	-0.417		
0.310	-0.420		
0.309	-0.426		
0.308	-0.425		
0.307	-0.429		
0.306	-0.428		
0.305	-0.431		
0.304	-0.431		
0.303	-0.429		
0.302	-0.425		
0.301	-0.420		
0.300	-0.416		
0.299	-0.411		
0.298	-0.409		
0.297	-0.408		
0.296	-0.406		
0.295	-0.402		
0.294	-0.394		
0.293	-0.393		
0.292	-0.400		
0.291	-0.399		
0.290	-0.394		
0.289	-0.386		
0.288	-0.388		
0.287	-0.389		
0.286	-0.385		
0.285	-0.383		
0.284	-0.379		
0.283	-0.382		
0.282	-0.385		
0.281	-0.382		
0.280	-0.377		
0.279	-0.383		
0.278	-0.376		
0.277	-0.379		
0.276	-0.377		
0.275	-0.380		
0.274	-0.380		
0.273	-0.380		
0.272	-0.379		
0.271	-0.383		
0.270	-0.376		
0.269	-0.379		
0.268	-0.376		
0.267	-0.373		
0.266	-0.376		
0.265	-0.379		
0.264	-0.373		
0.263	-0.374		
0.262	-0.374		
0.261	-0.371		
0.260	-0.376		
0.259	-0.376		
0.258	-0.371		
0.257	-0.363		
0.256	-0.371		
0.255	-0.371		
0.254	-0.371		
0.253	-0.368		
0.252	-0.370		
0.251	-0.370		
0.250	-0.363		
0.249	-0.370		
0.248	-0.362		
0.247	-0.373		
0.246	-0.370		
0.245	-0.373		
0.244	-0.370		
0.243	-0.382		
0.242	-0.366		
0.241	-0.373		
0.240	-0.374		
0.239	-0.377		
0.238	-0.376		
0.237	-0.380		
0.236	-0.382		
0.235	-0.386		
0.234	-0.386		
0.233	-0.385		
0.232	-0.391		
0.231	-0.403		
0.230	-0.397		
0.229	-0.399		
0.228	-0.399		
0.227	-0.414		
0.226	-0.422		
0.225	-0.420		
0.224	-0.417		
0.223	-0.431		
0.222	-0.432		
0.221	-0.442		
0.220	-0.451		
0.219	-0.458		
0.218	-0.460		
0.217	-0.471		
0.216	-0.474		
0.215	-0.483		
0.214	-0.485		
0.213	-0.497		
0.212	-0.503		
0.211	-0.506		
0.210	-0.514		
0.209	-0.515		
0.208	-0.524		
0.207	-0.534		
0.206	-0.538		
0.205	-0.538		
0.204	-0.546		
0.203	-0.554		
0.202	-0.564		
0.201	-0.561		
0.200	-0.566		
0.199	-0.569		
0.198	-0.581		
0.197	-0.578		
0.196	-0.581		
0.195	-0.592		
0.194	-0.592		
0.193	-0.592		
0.192	-0.592		
0.191	-0.597		
0.190	-0.597		
0.189	-0.600		
0.188	-0.603		
0.187	-0.606		
0.186	-0.606		
0.185	-0.604		
0.184	-0.606		
0.183	-0.607		
0.182	-0.610		
0.181	-0.612		
0.180	-0.610		
0.179	-0.615		
0.178	-0.613		
0.177	-0.610		
0.176	-0.609		
0.175	-0.613		
0.174	-0.613		
0.173	-0.618		
0.172	-0.615		
0.171	-0.627		
0.170	-0.620		
0.169	-0.620		
0.168	-0.618		
0.167	-0.624		
0.166	-0.627		
0.165	-0.626		
0.164	-0.627		
0.163	-0.629		
0.162	-0.632		
0.161	-0.630		
0.160	-0.639		
0.159	-0.623		
0.158	-0.639		
0.157	-0.641		
0.156	-0.641		
0.155	-0.724		
0.154	-0.595		
0.153	-0.613		
0.152	-0.685		
0.151	-0.719		
0.150	-0.650		
0.149	-0.647		
0.148	-0.673		
0.147	-0.687		
0.146	-0.695		
0.145	-0.696		
0.144	-0.676		
0.143	-0.710		
0.142	-0.744		
0.141	-0.728		
0.140	-0.693		
0.139	-0.712		
0.138	-0.762		
0.137	-0.770		
0.136	-0.756		
0.135	-0.747		
0.134	-0.768		
0.133	-0.788		
0.132	-0.788		
0.131	-0.797		
0.130	-0.787		
0.129	-0.814		
0.128	-0.837		
0.127	-0.830		
0.126	-0.811		
0.125	-0.823		
0.124	-0.863		
0.123	-0.870		
0.122	-0.863		
0.121	-0.876		
0.120	-0.894		
0.119	-0.905		
0.118	-0.900		
0.117	-0.903		
0.116	-0.919		
0.115	-0.945		
0.114	-0.962		
0.113	-0.946		
0.112	-0.952		
0.111	-0.968		
0.110	-0.981		
0.109	-0.985		
0.108	-0.989		
0.107	-1.008		
0.106	-1.023		
0.105	-1.034		
0.104	-1.032		
0.103	-1.029		
0.102	-1.043		
0.101	-1.066		
