E /V	I /uA	E /V	I /uA	E /V	I /uA	E /V	I /uA	E /V	I /uA
0.100	-0.120	0.100	-0.975	0.100	-0.935	0.100	-0.919	0.100	-0.903
0.099	-0.342	0.099	-0.997	0.099	-0.960	0.099	-0.939	0.099	-0.925
0.098	-0.527	0.098	-0.991	0.098	-0.957	0.098	-0.935	0.098	-0.914
0.097	-0.667	0.097	-1.006	0.097	-0.962	0.097	-0.943	0.097	-0.929
0.096	-0.776	0.096	-1.008	0.096	-0.966	0.096	-0.946	0.096	-0.940
0.095	-0.848	0.095	-1.021	0.095	-0.975	0.095	-0.966	0.095	-0.954
0.094	-0.896	0.094	-1.027	0.094	-0.991	0.094	-0.971	0.094	-0.957
0.093	-0.934	0.093	-1.038	0.093	-1.000	0.093	-0.980	0.093	-0.966
0.092	-0.962	0.092	-1.044	0.092	-1.004	0.092	-0.992	0.092	-0.969
0.091	-0.994	0.091	-1.067	0.091	-1.021	0.091	-1.004	0.091	-0.986
0.090	-0.998	0.090	-1.064	0.090	-1.023	0.090	-1.000	0.090	-0.988
0.089	-1.020	0.089	-1.067	0.089	-1.034	0.089	-1.014	0.089	-0.998
0.088	-1.032	0.088	-1.077	0.088	-1.035	0.088	-1.021	0.088	-1.011
0.087	-1.055	0.087	-1.092	0.087	-1.047	0.087	-1.031	0.087	-1.018
0.086	-1.060	0.086	-1.093	0.086	-1.058	0.086	-1.037	0.086	-1.027
0.085	-1.069	0.085	-1.107	0.085	-1.070	0.085	-1.049	0.085	-1.027
0.084	-1.080	0.084	-1.110	0.084	-1.069	0.084	-1.050	0.084	-1.044
0.083	-1.103	0.083	-1.135	0.083	-1.086	0.083	-1.075	0.083	-1.067
0.082	-1.096	0.082	-1.135	0.082	-1.090	0.082	-1.073	0.082	-1.058
0.081	-1.112	0.081	-1.138	0.081	-1.104	0.081	-1.077	0.081	-1.063
0.080	-1.116	0.080	-1.141	0.080	-1.100	0.080	-1.084	0.080	-1.067
0.079	-1.129	0.079	-1.158	0.079	-1.113	0.079	-1.100	0.079	-1.083
0.078	-1.132	0.078	-1.156	0.078	-1.116	0.078	-1.092	0.078	-1.081
0.077	-1.143	0.077	-1.166	0.077	-1.126	0.077	-1.110	0.077	-1.089
0.076	-1.149	0.076	-1.173	0.076	-1.133	0.076	-1.112	0.076	-1.101
0.075	-1.166	0.075	-1.182	0.075	-1.147	0.075	-1.132	0.075	-1.109
0.074	-1.164	0.074	-1.192	0.074	-1.147	0.074	-1.130	0.074	-1.110
0.073	-1.173	0.073	-1.189	0.073	-1.152	0.073	-1.143	0.073	-1.120
0.072	-1.176	0.072	-1.204	0.072	-1.158	0.072	-1.139	0.072	-1.127
0.071	-1.198	0.071	-1.213	0.071	-1.173	0.071	-1.150	0.071	-1.139
0.070	-1.196	0.070	-1.215	0.070	-1.172	0.070	-1.156	0.070	-1.143
0.069	-1.202	0.069	-1.219	0.069	-1.176	0.069	-1.167	0.069	-1.147
0.068	-1.213	0.068	-1.224	0.068	-1.185	0.068	-1.166	0.068	-1.150
0.067	-1.239	0.067	-1.256	0.067	-1.208	0.067	-1.195	0.067	-1.181
0.066	-1.230	0.066	-1.244	0.066	-1.195	0.066	-1.181	0.066	-1.170
0.065	-1.236	0.065	-1.242	0.065	-1.204	0.065	-1.178	0.065	-1.170
0.064	-1.236	0.064	-1.251	0.064	-1.208	0.064	-1.198	0.064	-1.178
0.063	-1.250	0.063	-1.256	0.063	-1.216	0.063	-1.196	0.063	-1.184
0.062	-1.244	0.062	-1.259	0.062	-1.213	0.062	-1.199	0.062	-1.182
0.061	-1.256	0.061	-1.267	0.061	-1.216	0.061	-1.207	0.061	-1.196
0.060	-1.256	0.060	-1.271	0.060	-1.228	0.060	-1.213	0.060	-1.189
0.059	-1.277	0.059	-1.281	0.059	-1.245	0.059	-1.225	0.059	-1.208
0.058	-1.268	0.058	-1.284	0.058	-1.236	0.058	-1.218	0.058	-1.207
0.057	-1.277	0.057	-1.291	0.057	-1.242	0.057	-1.235	0.057	-1.202
0.056	-1.285	0.056	-1.291	0.056	-1.248	0.056	-1.230	0.056	-1.208
0.055	-1.282	0.055	-1.307	0.055	-1.254	0.055	-1.239	0.055	-1.224
0.054	-1.296	0.054	-1.300	0.054	-1.256	0.054	-1.238	0.054	-1.228
0.053	-1.305	0.053	-1.297	0.053	-1.262	0.053	-1.245	0.053	-1.233
0.052	-1.308	0.052	-1.316	0.052	-1.270	0.052	-1.253	0.052	-1.239
0.051	-1.327	0.051	-1.331	0.051	-1.291	0.051	-1.270	0.051	-1.254
0.050	-1.325	0.050	-1.319	0.050	-1.279	0.050	-1.259	0.050	-1.251
0.049	-1.330	0.049	-1.330	0.049	-1.287	0.049	-1.261	0.049	-1.253
0.048	-1.331	0.048	-1.325	0.048	-1.281	0.048	-1.265	0.048	-1.261
0.047	-1.339	0.047	-1.339	0.047	-1.293	0.047	-1.276	0.047	-1.265
0.046	-1.345	0.046	-1.337	0.046	-1.290	0.046	-1.271	0.046	-1.261
0.045	-1.340	0.045	-1.340	0.045	-1.287	0.045	-1.279	0.045	-1.264
0.044	-1.351	0.044	-1.340	0.044	-1.305	0.044	-1.279	0.044	-1.264
0.043	-1.362	0.043	-1.356	0.043	-1.314	0.043	-1.296	0.043	-1.282
0.042	-1.357	0.042	-1.351	0.042	-1.305	0.042	-1.287	0.042	-1.276
0.041	-1.363	0.041	-1.356	0.041	-1.304	0.041	-1.288	0.041	-1.276
0.040	-1.366	0.040	-1.359	0.040	-1.307	0.040	-1.291	0.040	-1.281
0.039	-1.377	0.039	-1.369	0.039	-1.322	0.039	-1.302	0.039	-1.287
0.038	-1.369	0.038	-1.360	0.038	-1.314	0.038	-1.300	0.038	-1.287
0.037	-1.377	0.037	-1.366	0.037	-1.328	0.037	-1.308	0.037	-1.288
0.036	-1.383	0.036	-1.369	0.036	-1.327	0.036	-1.310	0.036	-1.293
0.035	-1.399	0.035	-1.391	0.035	-1.350	0.035	-1.328	0.035	-1.305
0.034	-1.397	0.034	-1.365	0.034	-1.327	0.034	-1.308	0.034	-1.300
0.033	-1.392	0.033	-1.374	0.033	-1.328	0.033	-1.311	0.033	-1.304
0.032	-1.388	0.032	-1.374	0.032	-1.328	0.032	-1.313	0.032	-1.300
0.031	-1.402	0.031	-1.376	0.031	-1.334	0.031	-1.322	0.031	-1.308
0.030	-1.405	0.030	-1.379	0.030	-1.333	0.030	-1.317	0.030	-1.308
0.029	-1.408	0.029	-1.386	0.029	-1.336	0.029	-1.331	0.029	-1.307
0.028	-1.409	0.028	-1.383	0.028	-1.340	0.028	-1.327	0.028	-1.313
0.027	-1.417	0.027	-1.397	0.027	-1.354	0.027	-1.334	0.027	-1.325
0.026	-1.416	0.026	-1.394	0.026	-1.348	0.026	-1.337	0.026	-1.313
0.025	-1.417	0.025	-1.379	0.025	-1.345	0.025	-1.333	0.025	-1.327
0.024	-1.423	0.024	-1.396	0.024	-1.350	0.024	-1.333	0.024	-1.317
0.023	-1.426	0.023	-1.400	0.023	-1.360	0.023	-1.342	0.023	-1.331
0.022	-1.426	0.022	-1.400	0.022	-1.360	0.022	-1.339	0.022	-1.331
0.021	-1.434	0.021	-1.402	0.021	-1.360	0.021	-1.345	0.021	-1.331
0.020	-1.437	0.020	-1.399	0.020	-1.354	0.020	-1.340	0.020	-1.337
0.019	-1.462	0.019	-1.428	0.019	-1.379	0.019	-1.366	0.019	-1.351
0.018	-1.443	0.018	-1.409	0.018	-1.360	0.018	-1.353	0.018	-1.348
0.017	-1.448	0.017	-1.406	0.017	-1.365	0.017	-1.343	0.017	-1.346
0.016	-1.439	0.016	-1.409	0.016	-1.366	0.016	-1.354	0.016	-1.343
0.015	-1.451	0.015	-1.412	0.015	-1.371	0.015	-1.354	0.015	-1.348
0.014	-1.446	0.014	-1.406	0.014	-1.371	0.014	-1.359	0.014	-1.348
0.013	-1.455	0.013	-1.411	0.013	-1.371	0.013	-1.357	0.013	-1.348
0.012	-1.458	0.012	-1.414	0.012	-1.374	0.012	-1.363	0.012	-1.345
0.011	-1.471	0.011	-1.428	0.011	-1.380	0.011	-1.371	0.011	-1.362
0.010	-1.463	0.010	-1.422	0.010	-1.377	0.010	-1.357	0.010	-1.354
0.009	-1.463	0.009	-1.416	0.009	-1.383	0.009	-1.365	0.009	-1.356
0.008	-1.471	0.008	-1.423	0.008	-1.373	0.008	-1.366	0.008	-1.354
0.007	-1.478	0.007	-1.431	0.007	-1.386	0.007	-1.376	0.007	-1.365
0.006	-1.472	0.006	-1.423	0.006	-1.379	0.006	-1.369	0.006	-1.362
0.005	-1.462	0.005	-1.423	0.005	-1.386	0.005	-1.371	0.005	-1.366
0.004	-1.474	0.004	-1.426	0.004	-1.385	0.004	-1.371	0.004	-1.362
0.003	-1.512	0.003	-1.462	0.003	-1.422	0.003	-1.405	0.003	-1.391
0.002	-1.481	0.002	-1.431	0.002	-1.385	0.002	-1.382	0.002	-1.371
0.001	-1.480	0.001	-1.429	0.001	-1.389	0.001	-1.376	0.001	-1.369
0.000	-1.483	0.000	-1.432	0.000	-1.385	0.000	-1.373	0.000	-1.368
-0.001	-1.494	-0.001	-1.435	-0.001	-1.397	-0.001	-1.380	-0.001	-1.376
-0.002	-1.485	-0.002	-1.440	-0.002	-1.389	-0.002	-1.380	-0.002	-1.371
-0.003	-1.495	-0.003	-1.442	-0.003	-1.397	-0.003	-1.385	-0.003	-1.374
-0.004	-1.498	-0.004	-1.440	-0.004	-1.403	-0.004	-1.383	-0.004	-1.374
-0.005	-1.512	-0.005	-1.451	-0.005	-1.405	-0.005	-1.400	-0.005	-1.389
-0.006	-1.501	-0.006	-1.443	-0.006	-1.403	-0.006	-1.391	-0.006	-1.382
-0.007	-1.501	-0.007	-1.449	-0.007	-1.400	-0.007	-1.394	-0.007	-1.385
-0.008	-1.501	-0.008	-1.452	-0.008	-1.409	-0.008	-1.392	-0.008	-1.385
-0.009	-1.520	-0.009	-1.457	-0.009	-1.417	-0.009	-1.405	-0.009	-1.399
-0.010	-1.250	-0.010	-1.193	-0.010	-1.150	-0.010	-1.141	-0.010	-1.127
-0.009	-0.664	-0.009	-0.601	-0.009	-0.570	-0.009	-0.555	-0.009	-0.550
-0.008	-0.175	-0.008	-0.116	-0.008	-0.083	-0.008	-0.078	-0.008	-0.077
-0.007	0.187	-0.007	0.242	-0.007	0.278	-0.007	0.276	-0.007	0.276
-0.006	0.446	-0.006	0.491	-0.006	0.525	-0.006	0.522	-0.006	0.511
-0.005	0.632	-0.005	0.686	-0.005	0.713	-0.005	0.712	-0.005	0.713
-0.004	0.747	-0.004	0.798	-0.004	0.824	-0.004	0.819	-0.004	0.821
-0.003	0.839	-0.003	0.880	-0.003	0.914	-0.003	0.913	-0.003	0.911
-0.002	0.900	-0.002	0.940	-0.002	0.966	-0.002	0.965	-0.002	0.966
-0.001	0.957	-0.001	0.995	-0.001	1.015	-0.001	1.017	-0.001	1.022
0.000	0.980	0.000	1.023	0.000	1.045	0.000	1.046	0.000	1.041
0.001	1.023	0.001	1.061	0.001	1.075	0.001	1.074	0.001	1.071
0.002	1.046	0.002	1.078	0.002	1.087	0.002	1.091	0.002	1.087
0.003	1.087	0.003	1.129	0.003	1.133	0.003	1.132	0.003	1.132
0.004	1.081	0.004	1.112	0.004	1.123	0.004	1.126	0.004	1.118
0.005	1.094	0.005	1.135	0.005	1.141	0.005	1.138	0.005	1.126
0.006	1.097	0.006	1.129	0.006	1.143	0.006	1.133	0.006	1.126
0.007	1.120	0.007	1.153	0.007	1.166	0.007	1.155	0.007	1.149
0.008	1.121	0.008	1.153	0.008	1.161	0.008	1.157	0.008	1.149
0.009	1.133	0.009	1.166	0.009	1.169	0.009	1.164	0.009	1.160
0.010	1.138	0.010	1.173	0.010	1.167	0.010	1.167	0.010	1.158
0.011	1.166	0.011	1.190	0.011	1.192	0.011	1.187	0.011	1.180
0.012	1.155	0.012	1.187	0.012	1.186	0.012	1.183	0.012	1.181
0.013	1.172	0.013	1.203	0.013	1.195	0.013	1.184	0.013	1.175
0.014	1.173	0.014	1.190	0.014	1.187	0.014	1.183	0.014	1.175
0.015	1.180	0.015	1.213	0.015	1.203	0.015	1.199	0.015	1.198
0.016	1.187	0.016	1.212	0.016	1.204	0.016	1.189	0.016	1.189
0.017	1.193	0.017	1.219	0.017	1.212	0.017	1.204	0.017	1.196
0.018	1.192	0.018	1.216	0.018	1.210	0.018	1.195	0.018	1.190
0.019	1.219	0.019	1.238	0.019	1.238	0.019	1.224	0.019	1.213
0.020	1.207	0.020	1.229	0.020	1.219	0.020	1.216	0.020	1.210
0.021	1.215	0.021	1.233	0.021	1.227	0.021	1.216	0.021	1.212
0.022	1.209	0.022	1.227	0.022	1.210	0.022	1.212	0.022	1.199
0.023	1.222	0.023	1.241	0.023	1.238	0.023	1.222	0.023	1.216
0.024	1.219	0.024	1.232	0.024	1.230	0.024	1.219	0.024	1.213
0.025	1.235	0.025	1.242	0.025	1.235	0.025	1.218	0.025	1.216
0.026	1.226	0.026	1.250	0.026	1.235	0.026	1.210	0.026	1.213
0.027	1.247	0.027	1.252	0.027	1.249	0.027	1.238	0.027	1.229
0.028	1.233	0.028	1.245	0.028	1.238	0.028	1.224	0.028	1.219
0.029	1.239	0.029	1.249	0.029	1.233	0.029	1.230	0.029	1.229
0.030	1.239	0.030	1.250	0.030	1.235	0.030	1.227	0.030	1.222
0.031	1.253	0.031	1.255	0.031	1.244	0.031	1.236	0.031	1.222
0.032	1.249	0.032	1.253	0.032	1.239	0.032	1.230	0.032	1.221
0.033	1.247	0.033	1.253	0.033	1.247	0.033	1.230	0.033	1.219
0.034	1.245	0.034	1.252	0.034	1.239	0.034	1.229	0.034	1.222
0.035	1.272	0.035	1.267	0.035	1.270	0.035	1.250	0.035	1.233
0.036	1.253	0.036	1.253	0.036	1.239	0.036	1.236	0.036	1.226
0.037	1.259	0.037	1.258	0.037	1.249	0.037	1.229	0.037	1.219
0.038	1.252	0.038	1.250	0.038	1.238	0.038	1.229	0.038	1.222
0.039	1.256	0.039	1.262	0.039	1.255	0.039	1.235	0.039	1.219
0.040	1.258	0.040	1.253	0.040	1.247	0.040	1.227	0.040	1.215
0.041	1.265	0.041	1.258	0.041	1.249	0.041	1.232	0.041	1.218
0.042	1.256	0.042	1.247	0.042	1.236	0.042	1.224	0.042	1.210
0.043	1.270	0.043	1.267	0.043	1.249	0.043	1.239	0.043	1.216
0.044	1.262	0.044	1.252	0.044	1.241	0.044	1.232	0.044	1.216
0.045	1.262	0.045	1.256	0.045	1.244	0.045	1.227	0.045	1.226
0.046	1.265	0.046	1.253	0.046	1.236	0.046	1.219	0.046	1.212
0.047	1.262	0.047	1.256	0.047	1.244	0.047	1.227	0.047	1.224
0.048	1.262	0.048	1.256	0.048	1.227	0.048	1.215	0.048	1.209
0.049	1.261	0.049	1.249	0.049	1.238	0.049	1.218	0.049	1.212
0.050	1.249	0.050	1.249	0.050	1.232	0.050	1.216	0.050	1.199
0.051	1.275	0.051	1.258	0.051	1.247	0.051	1.230	0.051	1.224
0.052	1.261	0.052	1.242	0.052	1.232	0.052	1.216	0.052	1.209
0.053	1.259	0.053	1.244	0.053	1.232	0.053	1.213	0.053	1.201
0.054	1.252	0.054	1.236	0.054	1.222	0.054	1.204	0.054	1.193
0.055	1.261	0.055	1.252	0.055	1.221	0.055	1.210	0.055	1.198
0.056	1.244	0.056	1.232	0.056	1.216	0.056	1.198	0.056	1.189
0.057	1.245	0.057	1.235	0.057	1.221	0.057	1.193	0.057	1.184
0.058	1.239	0.058	1.222	0.058	1.218	0.058	1.192	0.058	1.175
0.059	1.247	0.059	1.236	0.059	1.218	0.059	1.203	0.059	1.190
0.060	1.247	0.060	1.226	0.060	1.209	0.060	1.184	0.060	1.180
0.061	1.241	0.061	1.224	0.061	1.207	0.061	1.186	0.061	1.175
0.062	1.232	0.062	1.216	0.062	1.193	0.062	1.180	0.062	1.167
0.063	1.235	0.063	1.219	0.063	1.201	0.063	1.186	0.063	1.172
0.064	1.230	0.064	1.207	0.064	1.189	0.064	1.173	0.064	1.167
0.065	1.227	0.065	1.212	0.065	1.190	0.065	1.178	0.065	1.163
0.066	1.219	0.066	1.199	0.066	1.178	0.066	1.161	0.066	1.150
0.067	1.247	0.067	1.218	0.067	1.201	0.067	1.181	0.067	1.178
0.068	1.224	0.068	1.196	0.068	1.181	0.068	1.164	0.068	1.155
0.069	1.221	0.069	1.196	0.069	1.183	0.069	1.161	0.069	1.144
0.070	1.199	0.070	1.189	0.070	1.169	0.070	1.147	0.070	1.132
0.071	1.209	0.071	1.187	0.071	1.169	0.071	1.150	0.071	1.138
0.072	1.199	0.072	1.173	0.072	1.155	0.072	1.137	0.072	1.123
0.073	1.201	0.073	1.169	0.073	1.152	0.073	1.133	0.073	1.130
0.074	1.187	0.074	1.166	0.074	1.141	0.074	1.120	0.074	1.112
0.075	1.201	0.075	1.167	0.075	1.150	0.075	1.130	0.075	1.117
0.076	1.180	0.076	1.152	0.076	1.135	0.076	1.115	0.076	1.101
0.077	1.178	0.077	1.146	0.077	1.137	0.077	1.109	0.077	1.097
0.078	1.161	0.078	1.137	0.078	1.126	0.078	1.101	0.078	1.087
0.079	1.175	0.079	1.141	0.079	1.121	0.079	1.101	0.079	1.089
0.080	1.160	0.080	1.129	0.080	1.112	0.080	1.092	0.080	1.074
0.081	1.155	0.081	1.127	0.081	1.112	0.081	1.086	0.081	1.081
0.082	1.147	0.082	1.123	0.082	1.097	0.082	1.075	0.082	1.068
0.083	1.155	0.083	1.123	0.083	1.103	0.083	1.091	0.083	1.074
0.084	1.141	0.084	1.109	0.084	1.094	0.084	1.072	0.084	1.055
0.085	1.137	0.085	1.098	0.085	1.086	0.085	1.061	0.085	1.046
0.086	1.121	0.086	1.091	0.086	1.066	0.086	1.049	0.086	1.038
0.087	1.120	0.087	1.089	0.087	1.069	0.087	1.054	0.087	1.037
0.088	1.106	0.088	1.077	0.088	1.057	0.088	1.034	0.088	1.020
0.089	1.107	0.089	1.071	0.089	1.048	0.089	1.028	0.089	1.015
0.090	1.094	0.090	1.063	0.090	1.041	0.090	1.017	0.090	1.006
0.091	1.095	0.091	1.069	0.091	1.046	0.091	1.026	0.091	1.014
0.092	1.091	0.092	1.048	0.092	1.031	0.092	1.005	0.092	0.994
0.093	1.072	0.093	1.043	0.093	1.026	0.093	1.005	0.093	0.985
0.094	1.069	0.094	1.022	0.094	1.011	0.094	0.988	0.094	0.979
0.095	1.064	0.095	1.028	0.095	1.009	0.095	0.986	0.095	0.980
0.096	1.052	0.096	1.018	0.096	0.994	0.096	0.969	0.096	0.957
0.097	1.043	0.097	1.006	0.097	0.989	0.097	0.969	0.097	0.953
0.098	1.032	0.098	0.991	0.098	0.979	0.098	0.960	0.098	0.943
0.099	1.038	0.099	1.002	0.099	0.983	0.099	0.969	0.099	0.949
0.100	1.015	0.100	0.985	0.100	0.963	0.100	0.949	0.100	0.931
0.101	1.018	0.101	0.977	0.101	0.956	0.101	0.936	0.101	0.920
0.102	1.000	0.102	0.965	0.102	0.942	0.102	0.930	0.102	0.911
0.103	1.002	0.103	0.962	0.103	0.945	0.103	0.926	0.103	0.903
0.104	0.986	0.104	0.940	0.104	0.923	0.104	0.917	0.104	0.897
0.105	0.979	0.105	0.946	0.105	0.919	0.105	0.899	0.105	0.887
0.106	0.971	0.106	0.926	0.106	0.913	0.106	0.888	0.106	0.874
0.107	0.966	0.107	0.925	0.107	0.903	0.107	0.883	0.107	0.871
0.108	0.956	0.108	0.914	0.108	0.897	0.108	0.874	0.108	0.859
0.109	0.946	0.109	0.905	0.109	0.891	0.109	0.865	0.109	0.856
0.110	0.931	0.110	0.891	0.110	0.873	0.110	0.856	0.110	0.844
0.111	0.930	0.111	0.893	0.111	0.868	0.111	0.850	0.111	0.841
0.112	0.919	0.112	0.873	0.112	0.845	0.112	0.839	0.112	0.824
0.113	0.923	0.113	0.871	0.113	0.847	0.113	0.828	0.113	0.816
0.114	0.894	0.114	0.853	0.114	0.836	0.114	0.818	0.114	0.798
0.115	0.905	0.115	0.854	0.115	0.837	0.115	0.821	0.115	0.805
0.116	0.887	0.116	0.842	0.116	0.819	0.116	0.798	0.116	0.788
0.117	0.877	0.117	0.830	0.117	0.813	0.117	0.795	0.117	0.779
0.118	0.857	0.118	0.819	0.118	0.798	0.118	0.788	0.118	0.765
0.119	0.859	0.119	0.816	0.119	0.790	0.119	0.776	0.119	0.762
0.120	0.847	0.120	0.796	0.120	0.784	0.120	0.758	0.120	0.744
0.121	0.836	0.121	0.790	0.121	0.776	0.121	0.745	0.121	0.742
0.122	0.827	0.122	0.781	0.122	0.762	0.122	0.738	0.122	0.732
0.123	0.824	0.123	0.779	0.123	0.759	0.123	0.738	0.123	0.724
0.124	0.802	0.124	0.762	0.124	0.742	0.124	0.721	0.124	0.715
0.125	0.802	0.125	0.756	0.125	0.736	0.125	0.716	0.125	0.706
0.126	0.787	0.126	0.745	0.126	0.722	0.126	0.706	0.126	0.684
0.127	0.784	0.127	0.738	0.127	0.716	0.127	0.690	0.127	0.686
0.128	0.773	0.128	0.718	0.128	0.699	0.128	0.681	0.128	0.670
0.129	0.764	0.129	0.713	0.129	0.704	0.129	0.676	0.129	0.670
0.130	0.750	0.130	0.701	0.130	0.683	0.130	0.666	0.130	0.655
0.131	0.756	0.131	0.709	0.131	0.690	0.131	0.667	0.131	0.652
0.132	0.738	0.132	0.689	0.132	0.672	0.132	0.647	0.132	0.637
0.133	0.732	0.133	0.683	0.133	0.663	0.133	0.640	0.133	0.627
0.134	0.715	0.134	0.667	0.134	0.643	0.134	0.627	0.134	0.617
0.135	0.707	0.135	0.664	0.135	0.647	0.135	0.627	0.135	0.609
0.136	0.695	0.136	0.652	0.136	0.623	0.136	0.611	0.136	0.598
0.137	0.690	0.137	0.643	0.137	0.621	0.137	0.600	0.137	0.594
0.138	0.684	0.138	0.627	0.138	0.611	0.138	0.598	0.138	0.580
0.139	0.678	0.139	0.627	0.139	0.607	0.139	0.592	0.139	0.569
0.140	0.666	0.140	0.614	0.140	0.591	0.140	0.575	0.140	0.564
0.141	0.655	0.141	0.606	0.141	0.586	0.141	0.572	0.141	0.560
0.142	0.646	0.142	0.589	0.142	0.578	0.142	0.558	0.142	0.545
0.143	0.638	0.143	0.591	0.143	0.571	0.143	0.554	0.143	0.540
0.144	0.626	0.144	0.578	0.144	0.554	0.144	0.541	0.144	0.529
0.145	0.620	0.145	0.572	0.145	0.564	0.145	0.535	0.145	0.523
0.146	0.609	0.146	0.561	0.146	0.541	0.146	0.523	0.146	0.509
0.147	0.612	0.147	0.566	0.147	0.541	0.147	0.525	0.147	0.512
0.148	0.592	0.148	0.546	0.148	0.523	0.148	0.511	0.148	0.495
0.149	0.586	0.149	0.540	0.149	0.520	0.149	0.502	0.149	0.495
0.150	0.581	0.150	0.529	0.150	0.509	0.150	0.492	0.150	0.482
0.151	0.569	0.151	0.523	0.151	0.508	0.151	0.486	0.151	0.479
0.152	0.564	0.152	0.508	0.152	0.492	0.152	0.477	0.152	0.463
0.153	0.557	0.153	0.508	0.153	0.488	0.153	0.471	0.153	0.454
0.154	0.549	0.154	0.499	0.154	0.479	0.154	0.463	0.154	0.449
0.155	0.546	0.155	0.492	0.155	0.474	0.155	0.460	0.155	0.443
0.156	0.538	0.156	0.476	0.156	0.465	0.156	0.448	0.156	0.433
0.157	0.528	0.157	0.477	0.157	0.457	0.157	0.439	0.157	0.433
0.158	0.518	0.158	0.468	0.158	0.445	0.158	0.433	0.158	0.420
0.159	0.515	0.159	0.463	0.159	0.442	0.159	0.426	0.159	0.414
0.160	0.505	0.160	0.456	0.160	0.434	0.160	0.417	0.160	0.413
0.161	0.497	0.161	0.446	0.161	0.431	0.161	0.416	0.161	0.403
0.162	0.489	0.162	0.442	0.162	0.422	0.162	0.410	0.162	0.397
0.163	0.492	0.163	0.440	0.163	0.422	0.163	0.407	0.163	0.397
0.164	0.477	0.164	0.425	0.164	0.411	0.164	0.394	0.164	0.390
0.165	0.472	0.165	0.428	0.165	0.402	0.165	0.391	0.165	0.373
0.166	0.466	0.166	0.419	0.166	0.390	0.166	0.380	0.166	0.371
0.167	0.457	0.167	0.410	0.167	0.393	0.167	0.374	0.167	0.367
0.168	0.453	0.168	0.405	0.168	0.388	0.168	0.373	0.168	0.359
0.169	0.448	0.169	0.403	0.169	0.385	0.169	0.370	0.169	0.362
0.170	0.446	0.170	0.393	0.170	0.377	0.170	0.361	0.170	0.351
0.171	0.445	0.171	0.399	0.171	0.370	0.171	0.356	0.171	0.350
0.172	0.436	0.172	0.379	0.172	0.371	0.172	0.347	0.172	0.342
0.173	0.431	0.173	0.377	0.173	0.364	0.173	0.344	0.173	0.336
0.174	0.422	0.174	0.376	0.174	0.356	0.174	0.341	0.174	0.331
0.175	0.419	0.175	0.371	0.175	0.357	0.175	0.334	0.175	0.331
0.176	0.410	0.176	0.365	0.176	0.348	0.176	0.333	0.176	0.324
0.177	0.410	0.177	0.356	0.177	0.345	0.177	0.333	0.177	0.319
0.178	0.400	0.178	0.361	0.178	0.341	0.178	0.327	0.178	0.311
0.179	0.403	0.179	0.357	0.179	0.338	0.179	0.322	0.179	0.310
0.180	0.400	0.180	0.345	0.180	0.328	0.180	0.319	0.180	0.302
0.181	0.394	0.181	0.344	0.181	0.328	0.181	0.316	0.181	0.301
0.182	0.385	0.182	0.342	0.182	0.325	0.182	0.302	0.182	0.301
0.183	0.385	0.183	0.331	0.183	0.319	0.183	0.302	0.183	0.290
0.184	0.376	0.184	0.331	0.184	0.316	0.184	0.299	0.184	0.288
0.185	0.380	0.185	0.333	0.185	0.315	0.185	0.298	0.185	0.287
0.186	0.377	0.186	0.322	0.186	0.305	0.186	0.285	0.186	0.284
0.187	0.374	0.187	0.324	0.187	0.305	0.187	0.287	0.187	0.279
0.188	0.370	0.188	0.315	0.188	0.299	0.188	0.287	0.188	0.276
0.189	0.364	0.189	0.311	0.189	0.299	0.189	0.288	0.189	0.276
0.190	0.357	0.190	0.308	0.190	0.290	0.190	0.278	0.190	0.273
0.191	0.361	0.191	0.307	0.191	0.290	0.191	0.279	0.191	0.268
0.192	0.351	0.192	0.298	0.192	0.285	0.192	0.284	0.192	0.264
0.193	0.351	0.193	0.304	0.193	0.293	0.193	0.268	0.193	0.268
0.194	0.350	0.194	0.301	0.194	0.285	0.194	0.267	0.194	0.261
0.195	0.348	0.195	0.304	0.195	0.279	0.195	0.272	0.195	0.264
0.196	0.347	0.196	0.291	0.196	0.279	0.196	0.262	0.196	0.261
0.197	0.347	0.197	0.288	0.197	0.278	0.197	0.265	0.197	0.253
0.198	0.344	0.198	0.290	0.198	0.278	0.198	0.265	0.198	0.250
0.199	0.338	0.199	0.290	0.199	0.272	0.199	0.259	0.199	0.253
0.200	0.336	0.200	0.287	0.200	0.275	0.200	0.261	0.200	0.245
0.201	0.338	0.201	0.282	0.201	0.273	0.201	0.259	0.201	0.244
0.202	0.331	0.202	0.282	0.202	0.267	0.202	0.255	0.202	0.242
0.203	0.331	0.203	0.285	0.203	0.267	0.203	0.258	0.203	0.242
0.204	0.324	0.204	0.278	0.204	0.262	0.204	0.252	0.204	0.241
0.205	0.330	0.205	0.282	0.205	0.264	0.205	0.238	0.205	0.244
0.206	0.325	0.206	0.272	0.206	0.261	0.206	0.244	0.206	0.238
0.207	0.325	0.207	0.276	0.207	0.262	0.207	0.250	0.207	0.239
0.208	0.319	0.208	0.275	0.208	0.256	0.208	0.244	0.208	0.226
0.209	0.321	0.209	0.267	0.209	0.252	0.209	0.244	0.209	0.241
0.210	0.318	0.210	0.270	0.210	0.258	0.210	0.247	0.210	0.230
0.211	0.321	0.211	0.273	0.211	0.261	0.211	0.247	0.211	0.235
0.212	0.321	0.212	0.265	0.212	0.253	0.212	0.245	0.212	0.230
0.213	0.319	0.213	0.265	0.213	0.253	0.213	0.239	0.213	0.227
0.214	0.310	0.214	0.273	0.214	0.253	0.214	0.233	0.214	0.226
0.215	0.315	0.215	0.267	0.215	0.255	0.215	0.236	0.215	0.224
0.216	0.311	0.216	0.267	0.216	0.250	0.216	0.236	0.216	0.226
0.217	0.316	0.217	0.264	0.217	0.259	0.217	0.233	0.217	0.224
0.218	0.310	0.218	0.258	0.218	0.249	0.218	0.235	0.218	0.226
0.219	0.307	0.219	0.267	0.219	0.247	0.219	0.235	0.219	0.219
0.220	0.308	0.220	0.265	0.220	0.250	0.220	0.221	0.220	0.222
0.221	0.308	0.221	0.267	0.221	0.245	0.221	0.232	0.221	0.216
0.222	0.304	0.222	0.262	0.222	0.253	0.222	0.232	0.222	0.218
0.223	0.305	0.223	0.259	0.223	0.247	0.223	0.232	0.223	0.215
0.224	0.307	0.224	0.259	0.224	0.245	0.224	0.230	0.224	0.215
0.225	0.307	0.225	0.258	0.225	0.250	0.225	0.229	0.225	0.221
0.226	0.304	0.226	0.258	0.226	0.249	0.226	0.226	0.226	0.213
0.227	0.308	0.227	0.258	0.227	0.242	0.227	0.226	0.227	0.219
0.228	0.304	0.228	0.258	0.228	0.244	0.228	0.232	0.228	0.222
0.229	0.304	0.229	0.259	0.229	0.236	0.229	0.230	0.229	0.221
0.230	0.301	0.230	0.256	0.230	0.239	0.230	0.232	0.230	0.215
0.231	0.302	0.231	0.261	0.231	0.245	0.231	0.226	0.231	0.212
0.232	0.302	0.232	0.255	0.232	0.239	0.232	0.226	0.232	0.215
0.233	0.304	0.233	0.255	0.233	0.245	0.233	0.224	0.233	0.215
0.234	0.302	0.234	0.258	0.234	0.244	0.234	0.222	0.234	0.209
0.235	0.307	0.235	0.258	0.235	0.238	0.235	0.221	0.235	0.215
0.236	0.301	0.236	0.258	0.236	0.241	0.236	0.226	0.236	0.215
0.237	0.310	0.237	0.259	0.237	0.238	0.237	0.221	0.237	0.212
0.238	0.301	0.238	0.256	0.238	0.242	0.238	0.224	0.238	0.209
0.239	0.307	0.239	0.252	0.239	0.244	0.239	0.219	0.239	0.209
0.240	0.304	0.240	0.256	0.240	0.242	0.240	0.224	0.240	0.206
0.241	0.308	0.241	0.258	0.241	0.242	0.241	0.219	0.241	0.213
0.242	0.304	0.242	0.255	0.242	0.236	0.242	0.219	0.242	0.206
0.243	0.307	0.243	0.259	0.243	0.236	0.243	0.224	0.243	0.209
0.244	0.307	0.244	0.255	0.244	0.241	0.244	0.224	0.244	0.215
0.245	0.308	0.245	0.261	0.245	0.242	0.245	0.221	0.245	0.212
0.246	0.308	0.246	0.258	0.246	0.241	0.246	0.222	0.246	0.209
0.247	0.302	0.247	0.261	0.247	0.241	0.247	0.224	0.247	0.213
0.248	0.310	0.248	0.255	0.248	0.236	0.248	0.222	0.248	0.210
0.249	0.307	0.249	0.261	0.249	0.241	0.249	0.222	0.249	0.216
0.250	0.302	0.250	0.255	0.250	0.241	0.250	0.219	0.250	0.209
0.251	0.301	0.251	0.259	0.251	0.238	0.251	0.219	0.251	0.216
0.252	0.308	0.252	0.255	0.252	0.241	0.252	0.222	0.252	0.216
0.253	0.305	0.253	0.256	0.253	0.233	0.253	0.221	0.253	0.219
0.254	0.310	0.254	0.258	0.254	0.238	0.254	0.222	0.254	0.213
0.255	0.310	0.255	0.255	0.255	0.235	0.255	0.227	0.255	0.212
0.256	0.308	0.256	0.261	0.256	0.238	0.256	0.226	0.256	0.221
0.257	0.311	0.257	0.259	0.257	0.245	0.257	0.226	0.257	0.215
0.258	0.307	0.258	0.253	0.258	0.235	0.258	0.229	0.258	0.216
0.259	0.310	0.259	0.264	0.259	0.245	0.259	0.224	0.259	0.221
0.260	0.304	0.260	0.259	0.260	0.241	0.260	0.232	0.260	0.221
0.261	0.311	0.261	0.262	0.261	0.244	0.261	0.232	0.261	0.224
0.262	0.304	0.262	0.256	0.262	0.241	0.262	0.227	0.262	0.219
0.263	0.299	0.263	0.262	0.263	0.242	0.263	0.232	0.263	0.218
0.264	0.304	0.264	0.256	0.264	0.244	0.264	0.233	0.264	0.216
0.265	0.308	0.265	0.264	0.265	0.244	0.265	0.230	0.265	0.229
0.266	0.313	0.266	0.261	0.266	0.245	0.266	0.232	0.266	0.224
0.267	0.307	0.267	0.259	0.267	0.241	0.267	0.229	0.267	0.227
0.268	0.308	0.268	0.264	0.268	0.245	0.268	0.230	0.268	0.226
0.269	0.310	0.269	0.264	0.269	0.242	0.269	0.232	0.269	0.227
0.270	0.308	0.270	0.262	0.270	0.247	0.270	0.232	0.270	0.221
0.271	0.310	0.271	0.262	0.271	0.249	0.271	0.235	0.271	0.230
0.272	0.305	0.272	0.259	0.272	0.249	0.272	0.233	0.272	0.226
0.273	0.307	0.273	0.262	0.273	0.249	0.273	0.238	0.273	0.227
0.274	0.307	0.274	0.267	0.274	0.252	0.274	0.242	0.274	0.221
0.275	0.307	0.275	0.276	0.275	0.252	0.275	0.244	0.275	0.232
0.276	0.307	0.276	0.262	0.276	0.235	0.276	0.239	0.276	0.232
0.277	0.313	0.277	0.278	0.277	0.252	0.277	0.244	0.277	0.233
0.278	0.310	0.278	0.267	0.278	0.250	0.278	0.239	0.278	0.232
0.279	0.305	0.279	0.273	0.279	0.253	0.279	0.239	0.279	0.229
0.280	0.308	0.280	0.272	0.280	0.252	0.280	0.239	0.280	0.230
0.281	0.308	0.281	0.270	0.281	0.253	0.281	0.241	0.281	0.232
0.282	0.315	0.282	0.270	0.282	0.256	0.282	0.236	0.282	0.232
0.283	0.318	0.283	0.272	0.283	0.256	0.283	0.244	0.283	0.233
0.284	0.315	0.284	0.272	0.284	0.258	0.284	0.241	0.284	0.232
0.285	0.313	0.285	0.276	0.285	0.252	0.285	0.253	0.285	0.230
0.286	0.311	0.286	0.270	0.286	0.256	0.286	0.249	0.286	0.230
0.287	0.321	0.287	0.275	0.287	0.259	0.287	0.245	0.287	0.230
0.288	0.311	0.288	0.272	0.288	0.259	0.288	0.244	0.288	0.236
0.289	0.315	0.289	0.279	0.289	0.262	0.289	0.245	0.289	0.235
0.290	0.316	0.290	0.279	0.290	0.262	0.290	0.245	0.290	0.233
0.291	0.318	0.291	0.278	0.291	0.262	0.291	0.244	0.291	0.236
0.292	0.319	0.292	0.279	0.292	0.259	0.292	0.245	0.292	0.233
0.293	0.316	0.293	0.275	0.293	0.265	0.293	0.250	0.293	0.236
0.294	0.324	0.294	0.282	0.294	0.264	0.294	0.249	0.294	0.233
0.295	0.324	0.295	0.282	0.295	0.265	0.295	0.247	0.295	0.236
0.296	0.321	0.296	0.282	0.296	0.259	0.296	0.249	0.296	0.241
0.297	0.321	0.297	0.284	0.297	0.262	0.297	0.249	0.297	0.242
0.298	0.333	0.298	0.281	0.298	0.267	0.298	0.253	0.298	0.236
0.299	0.324	0.299	0.278	0.299	0.268	0.299	0.250	0.299	0.241
0.300	0.319	0.300	0.290	0.300	0.272	0.300	0.250	0.300	0.239
0.301	0.321	0.301	0.285	0.301	0.265	0.301	0.253	0.301	0.238
0.302	0.324	0.302	0.284	0.302	0.264	0.302	0.250	0.302	0.239
0.303	0.333	0.303	0.287	0.303	0.267	0.303	0.261	0.303	0.236
0.304	0.327	0.304	0.288	0.304	0.268	0.304	0.253	0.304	0.239
0.305	0.328	0.305	0.293	0.305	0.268	0.305	0.255	0.305	0.238
0.306	0.322	0.306	0.295	0.306	0.272	0.306	0.255	0.306	0.241
0.307	0.331	0.307	0.295	0.307	0.273	0.307	0.258	0.307	0.245
0.308	0.331	0.308	0.293	0.308	0.268	0.308	0.255	0.308	0.242
0.309	0.331	0.309	0.295	0.309	0.276	0.309	0.259	0.309	0.241
0.310	0.331	0.310	0.296	0.310	0.272	0.310	0.258	0.310	0.241
0.311	0.330	0.311	0.298	0.311	0.273	0.311	0.259	0.311	0.244
0.312	0.334	0.312	0.296	0.312	0.275	0.312	0.261	0.312	0.242
0.313	0.331	0.313	0.299	0.313	0.273	0.313	0.264	0.313	0.244
0.314	0.333	0.314	0.299	0.314	0.276	0.314	0.259	0.314	0.249
0.315	0.341	0.315	0.296	0.315	0.276	0.315	0.261	0.315	0.241
0.316	0.333	0.316	0.296	0.316	0.278	0.316	0.258	0.316	0.239
0.317	0.334	0.317	0.304	0.317	0.281	0.317	0.267	0.317	0.245
0.318	0.331	0.318	0.304	0.318	0.279	0.318	0.265	0.318	0.244
0.319	0.331	0.319	0.301	0.319	0.281	0.319	0.261	0.319	0.247
0.320	0.339	0.320	0.301	0.320	0.282	0.320	0.256	0.320	0.252
0.321	0.334	0.321	0.302	0.321	0.276	0.321	0.259	0.321	0.245
0.322	0.330	0.322	0.298	0.322	0.278	0.322	0.262	0.322	0.245
0.323	0.333	0.323	0.302	0.323	0.282	0.323	0.262	0.323	0.245
0.324	0.330	0.324	0.304	0.324	0.284	0.324	0.268	0.324	0.242
0.325	0.328	0.325	0.296	0.325	0.278	0.325	0.264	0.325	0.239
0.326	0.328	0.326	0.295	0.326	0.275	0.326	0.252	0.326	0.241
0.327	0.325	0.327	0.304	0.327	0.273	0.327	0.262	0.327	0.238
0.328	0.330	0.328	0.291	0.328	0.275	0.328	0.256	0.328	0.238
0.329	0.321	0.329	0.287	0.329	0.270	0.329	0.256	0.329	0.238
0.330	0.319	0.330	0.287	0.330	0.264	0.330	0.252	0.330	0.232
0.331	0.315	0.331	0.288	0.331	0.261	0.331	0.253	0.331	0.221
0.332	0.310	0.332	0.282	0.332	0.262	0.332	0.244	0.332	0.226
0.333	0.307	0.333	0.279	0.333	0.258	0.333	0.242	0.333	0.230
0.334	0.310	0.334	0.273	0.334	0.245	0.334	0.236	0.334	0.218
0.335	0.299	0.335	0.265	0.335	0.245	0.335	0.233	0.335	0.216
0.336	0.290	0.336	0.264	0.336	0.242	0.336	0.229	0.336	0.209
0.337	0.282	0.337	0.264	0.337	0.242	0.337	0.227	0.337	0.212
0.338	0.278	0.338	0.255	0.338	0.236	0.338	0.224	0.338	0.212
0.339	0.273	0.339	0.249	0.339	0.230	0.339	0.216	0.339	0.204
0.340	0.268	0.340	0.247	0.340	0.236	0.340	0.213	0.340	0.199
0.341	0.262	0.341	0.236	0.341	0.224	0.341	0.206	0.341	0.193
0.342	0.261	0.342	0.235	0.342	0.207	0.342	0.199	0.342	0.192
0.343	0.249	0.343	0.230	0.343	0.209	0.343	0.201	0.343	0.190
0.344	0.250	0.344	0.221	0.344	0.204	0.344	0.195	0.344	0.189
0.345	0.241	0.345	0.221	0.345	0.201	0.345	0.198	0.345	0.178
0.346	0.238	0.346	0.212	0.346	0.201	0.346	0.192	0.346	0.176
0.347	0.233	0.347	0.209	0.347	0.198	0.347	0.184	0.347	0.173
0.348	0.230	0.348	0.203	0.348	0.193	0.348	0.186	0.348	0.170
0.349	0.227	0.349	0.201	0.349	0.192	0.349	0.178	0.349	0.169
0.350	0.216	0.350	0.199	0.350	0.183	0.350	0.173	0.350	0.166
0.351	0.215	0.351	0.196	0.351	0.184	0.351	0.170	0.351	0.160
0.352	0.219	0.352	0.189	0.352	0.181	0.352	0.175	0.352	0.164
0.353	0.213	0.353	0.193	0.353	0.176	0.353	0.169	0.353	0.161
0.354	0.210	0.354	0.184	0.354	0.173	0.354	0.167	0.354	0.157
0.355	0.204	0.355	0.189	0.355	0.170	0.355	0.163	0.355	0.153
0.356	0.201	0.356	0.183	0.356	0.170	0.356	0.153	0.356	0.149
0.357	0.198	0.357	0.173	0.357	0.166	0.357	0.157	0.357	0.150
0.358	0.203	0.358	0.175	0.358	0.164	0.358	0.155	0.358	0.146
0.359	0.195	0.359	0.169	0.359	0.161	0.359	0.155	0.359	0.146
0.360	0.187	0.360	0.167	0.360	0.163	0.360	0.146	0.360	0.140
0.361	0.193	0.361	0.169	0.361	0.158	0.361	0.149	0.361	0.143
0.362	0.187	0.362	0.170	0.362	0.155	0.362	0.144	0.362	0.135
0.363	0.184	0.363	0.160	0.363	0.147	0.363	0.141	0.363	0.137
0.364	0.180	0.364	0.160	0.364	0.152	0.364	0.137	0.364	0.135
0.365	0.183	0.365	0.155	0.365	0.146	0.365	0.144	0.365	0.137
0.366	0.181	0.366	0.157	0.366	0.147	0.366	0.135	0.366	0.135
0.367	0.183	0.367	0.158	0.367	0.143	0.367	0.140	0.367	0.132
0.368	0.178	0.368	0.158	0.368	0.143	0.368	0.138	0.368	0.134
0.369	0.178	0.369	0.160	0.369	0.143	0.369	0.137	0.369	0.135
0.370	0.176	0.370	0.157	0.370	0.144	0.370	0.137	0.370	0.129
0.371	0.173	0.371	0.153	0.371	0.149	0.371	0.130	0.371	0.129
0.372	0.169	0.372	0.150	0.372	0.140	0.372	0.138	0.372	0.132
0.373	0.164	0.373	0.149	0.373	0.143	0.373	0.132	0.373	0.123
0.374	0.169	0.374	0.150	0.374	0.137	0.374	0.135	0.374	0.124
0.375	0.166	0.375	0.155	0.375	0.138	0.375	0.130	0.375	0.123
0.376	0.166	0.376	0.150	0.376	0.138	0.376	0.129	0.376	0.118
0.377	0.170	0.377	0.144	0.377	0.138	0.377	0.132	0.377	0.127
0.378	0.169	0.378	0.150	0.378	0.137	0.378	0.129	0.378	0.126
0.379	0.163	0.379	0.147	0.379	0.138	0.379	0.130	0.379	0.124
0.380	0.163	0.380	0.146	0.380	0.134	0.380	0.130	0.380	0.121
0.381	0.163	0.381	0.146	0.381	0.132	0.381	0.132	0.381	0.121
0.382	0.170	0.382	0.150	0.382	0.130	0.382	0.127	0.382	0.121
0.383	0.164	0.383	0.144	0.383	0.134	0.383	0.130	0.383	0.120
0.384	0.164	0.384	0.147	0.384	0.134	0.384	0.130	0.384	0.120
0.385	0.166	0.385	0.137	0.385	0.129	0.385	0.129	0.385	0.123
0.386	0.166	0.386	0.144	0.386	0.138	0.386	0.132	0.386	0.120
0.387	0.166	0.387	0.150	0.387	0.129	0.387	0.132	0.387	0.123
0.388	0.166	0.388	0.149	0.388	0.134	0.388	0.130	0.388	0.130
0.389	0.163	0.389	0.143	0.389	0.134	0.389	0.127	0.389	0.123
0.390	0.163	0.390	0.152	0.390	0.140	0.390	0.127	0.390	0.118
0.391	0.164	0.391	0.149	0.391	0.134	0.391	0.134	0.391	0.121
0.392	0.160	0.392	0.146	0.392	0.130	0.392	0.123	0.392	0.118
0.393	0.164	0.393	0.146	0.393	0.141	0.393	0.126	0.393	0.121
0.394	0.169	0.394	0.143	0.394	0.137	0.394	0.129	0.394	0.126
0.395	0.164	0.395	0.147	0.395	0.132	0.395	0.134	0.395	0.123
0.396	0.163	0.396	0.149	0.396	0.141	0.396	0.126	0.396	0.117
0.397	0.163	0.397	0.146	0.397	0.135	0.397	0.129	0.397	0.127
0.398	0.163	0.398	0.146	0.398	0.138	0.398	0.127	0.398	0.126
0.399	0.170	0.399	0.147	0.399	0.137	0.399	0.134	0.399	0.123
0.400	0.167	0.400	0.146	0.400	0.137	0.400	0.134	0.400	0.123
0.401	0.167	0.401	0.146	0.401	0.140	0.401	0.135	0.401	0.126
0.402	0.167	0.402	0.149	0.402	0.135	0.402	0.130	0.402	0.120
0.403	0.170	0.403	0.150	0.403	0.140	0.403	0.134	0.403	0.123
0.404	0.169	0.404	0.147	0.404	0.141	0.404	0.138	0.404	0.121
0.405	0.166	0.405	0.155	0.405	0.137	0.405	0.135	0.405	0.126
0.406	0.169	0.406	0.147	0.406	0.140	0.406	0.135	0.406	0.121
0.407	0.169	0.407	0.149	0.407	0.140	0.407	0.130	0.407	0.127
0.408	0.172	0.408	0.152	0.408	0.141	0.408	0.135	0.408	0.129
0.409	0.167	0.409	0.163	0.409	0.140	0.409	0.130	0.409	0.129
0.410	0.163	0.410	0.150	0.410	0.138	0.410	0.137	0.410	0.127
0.411	0.170	0.411	0.147	0.411	0.143	0.411	0.138	0.411	0.130
0.412	0.167	0.412	0.152	0.412	0.143	0.412	0.138	0.412	0.127
0.413	0.170	0.413	0.152	0.413	0.144	0.413	0.134	0.413	0.135
0.414	0.173	0.414	0.155	0.414	0.141	0.414	0.138	0.414	0.132
0.415	0.166	0.415	0.157	0.415	0.144	0.415	0.137	0.415	0.130
0.416	0.169	0.416	0.157	0.416	0.143	0.416	0.140	0.416	0.135
0.417	0.175	0.417	0.160	0.417	0.138	0.417	0.135	0.417	0.130
0.418	0.175	0.418	0.152	0.418	0.149	0.418	0.140	0.418	0.129
0.419	0.173	0.419	0.155	0.419	0.147	0.419	0.144	0.419	0.129
0.420	0.166	0.420	0.155	0.420	0.144	0.420	0.141	0.420	0.132
0.421	0.166	0.421	0.157	0.421	0.149	0.421	0.141	0.421	0.129
0.422	0.178	0.422	0.157	0.422	0.147	0.422	0.138	0.422	0.134
0.423	0.167	0.423	0.157	0.423	0.141	0.423	0.140	0.423	0.129
0.424	0.178	0.424	0.160	0.424	0.144	0.424	0.140	0.424	0.132
0.425	0.170	0.425	0.155	0.425	0.143	0.425	0.135	0.425	0.138
0.426	0.167	0.426	0.152	0.426	0.146	0.426	0.140	0.426	0.138
0.427	0.172	0.427	0.153	0.427	0.147	0.427	0.144	0.427	0.134
0.428	0.176	0.428	0.158	0.428	0.146	0.428	0.143	0.428	0.137
0.429	0.172	0.429	0.158	0.429	0.144	0.429	0.141	0.429	0.138
0.430	0.173	0.430	0.155	0.430	0.146	0.430	0.141	0.430	0.132
0.431	0.175	0.431	0.155	0.431	0.147	0.431	0.141	0.431	0.137
0.432	0.173	0.432	0.153	0.432	0.147	0.432	0.141	0.432	0.135
0.433	0.175	0.433	0.161	0.433	0.150	0.433	0.141	0.433	0.137
0.434	0.173	0.434	0.158	0.434	0.146	0.434	0.144	0.434	0.140
0.435	0.176	0.435	0.163	0.435	0.150	0.435	0.140	0.435	0.134
0.436	0.167	0.436	0.157	0.436	0.150	0.436	0.144	0.436	0.137
0.437	0.173	0.437	0.163	0.437	0.150	0.437	0.144	0.437	0.138
0.438	0.173	0.438	0.158	0.438	0.146	0.438	0.144	0.438	0.141
0.439	0.173	0.439	0.161	0.439	0.143	0.439	0.146	0.439	0.135
0.440	0.173	0.440	0.152	0.440	0.150	0.440	0.144	0.440	0.137
0.441	0.180	0.441	0.161	0.441	0.147	0.441	0.147	0.441	0.144
0.442	0.180	0.442	0.157	0.442	0.149	0.442	0.144	0.442	0.138
0.443	0.176	0.443	0.160	0.443	0.147	0.443	0.143	0.443	0.138
0.444	0.173	0.444	0.160	0.444	0.149	0.444	0.146	0.444	0.135
0.445	0.175	0.445	0.164	0.445	0.152	0.445	0.143	0.445	0.135
0.446	0.173	0.446	0.158	0.446	0.152	0.446	0.146	0.446	0.135
0.447	0.173	0.447	0.147	0.447	0.146	0.447	0.143	0.447	0.140
0.448	0.172	0.448	0.163	0.448	0.147	0.448	0.149	0.448	0.137
0.449	0.172	0.449	0.164	0.449	0.152	0.449	0.146	0.449	0.141
0.450	0.172	0.450	0.157	0.450	0.149	0.450	0.147	0.450	0.140
0.451	0.173	0.451	0.164	0.451	0.155	0.451	0.146	0.451	0.143
0.452	0.175	0.452	0.160	0.452	0.150	0.452	0.149	0.452	0.138
0.453	0.175	0.453	0.161	0.453	0.155	0.453	0.147	0.453	0.140
0.454	0.180	0.454	0.163	0.454	0.153	0.454	0.149	0.454	0.138
0.455	0.183	0.455	0.164	0.455	0.153	0.455	0.146	0.455	0.141
0.456	0.180	0.456	0.160	0.456	0.150	0.456	0.143	0.456	0.138
0.457	0.167	0.457	0.157	0.457	0.153	0.457	0.143	0.457	0.141
0.458	0.173	0.458	0.161	0.458	0.150	0.458	0.146	0.458	0.143
0.459	0.181	0.459	0.164	0.459	0.152	0.459	0.152	0.459	0.138
0.460	0.176	0.460	0.163	0.460	0.152	0.460	0.149	0.460	0.141
0.461	0.180	0.461	0.158	0.461	0.152	0.461	0.150	0.461	0.140
0.462	0.178	0.462	0.163	0.462	0.153	0.462	0.147	0.462	0.138
0.463	0.178	0.463	0.172	0.463	0.153	0.463	0.150	0.463	0.140
0.464	0.176	0.464	0.163	0.464	0.147	0.464	0.150	0.464	0.143
0.465	0.184	0.465	0.166	0.465	0.155	0.465	0.149	0.465	0.141
0.466	0.176	0.466	0.173	0.466	0.152	0.466	0.152	0.466	0.141
0.467	0.186	0.467	0.170	0.467	0.160	0.467	0.153	0.467	0.150
0.468	0.183	0.468	0.169	0.468	0.161	0.468	0.152	0.468	0.147
0.469	0.187	0.469	0.170	0.469	0.150	0.469	0.149	0.469	0.146
0.470	0.184	0.470	0.170	0.470	0.157	0.470	0.149	0.470	0.146
0.471	0.184	0.471	0.166	0.471	0.155	0.471	0.160	0.471	0.149
0.472	0.183	0.472	0.170	0.472	0.157	0.472	0.157	0.472	0.149
0.473	0.186	0.473	0.173	0.473	0.157	0.473	0.153	0.473	0.144
0.474	0.187	0.474	0.172	0.474	0.166	0.474	0.155	0.474	0.152
0.475	0.186	0.475	0.172	0.475	0.164	0.475	0.163	0.475	0.152
0.476	0.187	0.476	0.178	0.476	0.164	0.476	0.152	0.476	0.153
0.477	0.193	0.477	0.178	0.477	0.167	0.477	0.157	0.477	0.155
0.478	0.193	0.478	0.178	0.478	0.173	0.478	0.167	0.478	0.153
0.479	0.190	0.479	0.184	0.479	0.166	0.479	0.164	0.479	0.157
0.480	0.192	0.480	0.176	0.480	0.170	0.480	0.164	0.480	0.152
0.481	0.193	0.481	0.178	0.481	0.164	0.481	0.172	0.481	0.157
0.482	0.198	0.482	0.180	0.482	0.172	0.482	0.169	0.482	0.158
0.483	0.199	0.483	0.178	0.483	0.169	0.483	0.169	0.483	0.160
0.484	0.192	0.484	0.183	0.484	0.172	0.484	0.167	0.484	0.160
0.485	0.196	0.485	0.189	0.485	0.173	0.485	0.169	0.485	0.160
0.486	0.201	0.486	0.186	0.486	0.172	0.486	0.173	0.486	0.166
0.487	0.206	0.487	0.189	0.487	0.175	0.487	0.170	0.487	0.161
0.488	0.206	0.488	0.187	0.488	0.176	0.488	0.175	0.488	0.169
0.489	0.207	0.489	0.189	0.489	0.181	0.489	0.175	0.489	0.167
0.490	0.210	0.490	0.193	0.490	0.186	0.490	0.173	0.490	0.175
0.491	0.207	0.491	0.199	0.491	0.189	0.491	0.180	0.491	0.172
0.492	0.210	0.492	0.199	0.492	0.186	0.492	0.172	0.492	0.175
0.493	0.212	0.493	0.193	0.493	0.187	0.493	0.183	0.493	0.175
0.494	0.221	0.494	0.204	0.494	0.190	0.494	0.186	0.494	0.173
0.495	0.216	0.495	0.201	0.495	0.193	0.495	0.195	0.495	0.186
0.496	0.224	0.496	0.204	0.496	0.198	0.496	0.190	0.496	0.178
0.497	0.221	0.497	0.212	0.497	0.196	0.497	0.195	0.497	0.184
0.498	0.227	0.498	0.212	0.498	0.201	0.498	0.195	0.498	0.183
0.499	0.221	0.499	0.213	0.499	0.203	0.499	0.195	0.499	0.189
0.500	0.152	0.500	0.141	0.500	0.134	0.500	0.123	0.500	0.124
0.499	0.074	0.499	0.063	0.499	0.051	0.499	0.048	0.499	0.040
0.498	0.012	0.498	0.006	0.498	-0.005	0.498	-0.005	0.498	-0.009
0.497	-0.024	0.497	-0.034	0.497	-0.040	0.497	-0.041	0.497	-0.047
0.496	-0.052	0.496	-0.057	0.496	-0.072	0.496	-0.069	0.496	-0.078
0.495	-0.072	0.495	-0.078	0.495	-0.083	0.495	-0.083	0.495	-0.090
0.494	-0.083	0.494	-0.087	0.494	-0.093	0.494	-0.097	0.494	-0.098
0.493	-0.095	0.493	-0.092	0.493	-0.101	0.493	-0.104	0.493	-0.100
0.492	-0.097	0.492	-0.098	0.492	-0.104	0.492	-0.107	0.492	-0.113
0.491	-0.103	0.491	-0.100	0.491	-0.106	0.491	-0.118	0.491	-0.115
0.490	-0.103	0.490	-0.107	0.490	-0.112	0.490	-0.107	0.490	-0.112
0.489	-0.103	0.489	-0.107	0.489	-0.112	0.489	-0.113	0.489	-0.113
0.488	-0.106	0.488	-0.109	0.488	-0.101	0.488	-0.115	0.488	-0.115
0.487	-0.106	0.487	-0.103	0.487	-0.118	0.487	-0.116	0.487	-0.116
0.486	-0.103	0.486	-0.107	0.486	-0.118	0.486	-0.123	0.486	-0.113
0.485	-0.112	0.485	-0.106	0.485	-0.113	0.485	-0.118	0.485	-0.113
0.484	-0.113	0.484	-0.109	0.484	-0.115	0.484	-0.118	0.484	-0.113
0.483	-0.107	0.483	-0.107	0.483	-0.115	0.483	-0.116	0.483	-0.120
0.482	-0.109	0.482	-0.106	0.482	-0.112	0.482	-0.109	0.482	-0.116
0.481	-0.115	0.481	-0.109	0.481	-0.110	0.481	-0.110	0.481	-0.110
0.480	-0.109	0.480	-0.107	0.480	-0.113	0.480	-0.113	0.480	-0.121
0.479	-0.103	0.479	-0.106	0.479	-0.109	0.479	-0.112	0.479	-0.113
0.478	-0.109	0.478	-0.106	0.478	-0.109	0.478	-0.104	0.478	-0.107
0.477	-0.106	0.477	-0.113	0.477	-0.112	0.477	-0.110	0.477	-0.115
0.476	-0.110	0.476	-0.104	0.476	-0.112	0.476	-0.112	0.476	-0.110
0.475	-0.103	0.475	-0.110	0.475	-0.109	0.475	-0.113	0.475	-0.113
0.474	-0.101	0.474	-0.103	0.474	-0.110	0.474	-0.109	0.474	-0.112
0.473	-0.104	0.473	-0.106	0.473	-0.109	0.473	-0.115	0.473	-0.113
0.472	-0.109	0.472	-0.103	0.472	-0.109	0.472	-0.110	0.472	-0.112
0.471	-0.103	0.471	-0.103	0.471	-0.112	0.471	-0.109	0.471	-0.113
0.470	-0.109	0.470	-0.106	0.470	-0.110	0.470	-0.109	0.470	-0.112
0.469	-0.109	0.469	-0.103	0.469	-0.107	0.469	-0.112	0.469	-0.115
0.468	-0.100	0.468	-0.101	0.468	-0.104	0.468	-0.110	0.468	-0.110
0.467	-0.110	0.467	-0.098	0.467	-0.109	0.467	-0.107	0.467	-0.112
0.466	-0.109	0.466	-0.110	0.466	-0.107	0.466	-0.109	0.466	-0.113
0.465	-0.107	0.465	-0.107	0.465	-0.110	0.465	-0.115	0.465	-0.106
0.464	-0.107	0.464	-0.098	0.464	-0.109	0.464	-0.110	0.464	-0.103
0.463	-0.107	0.463	-0.101	0.463	-0.109	0.463	-0.106	0.463	-0.109
0.462	-0.103	0.462	-0.100	0.462	-0.106	0.462	-0.107	0.462	-0.110
0.461	-0.109	0.461	-0.103	0.461	-0.107	0.461	-0.104	0.461	-0.112
0.460	-0.104	0.460	-0.103	0.460	-0.103	0.460	-0.107	0.460	-0.113
0.459	-0.110	0.459	-0.101	0.459	-0.107	0.459	-0.106	0.459	-0.110
0.458	-0.106	0.458	-0.098	0.458	-0.107	0.458	-0.103	0.458	-0.109
0.457	-0.110	0.457	-0.101	0.457	-0.107	0.457	-0.110	0.457	-0.106
0.456	-0.107	0.456	-0.103	0.456	-0.109	0.456	-0.104	0.456	-0.109
0.455	-0.109	0.455	-0.100	0.455	-0.107	0.455	-0.106	0.455	-0.103
0.454	-0.106	0.454	-0.101	0.454	-0.109	0.454	-0.107	0.454	-0.110
0.453	-0.106	0.453	-0.101	0.453	-0.107	0.453	-0.100	0.453	-0.103
0.452	-0.104	0.452	-0.104	0.452	-0.109	0.452	-0.107	0.452	-0.110
0.451	-0.109	0.451	-0.103	0.451	-0.103	0.451	-0.106	0.451	-0.109
0.450	-0.107	0.450	-0.101	0.450	-0.110	0.450	-0.110	0.450	-0.123
0.449	-0.109	0.449	-0.098	0.449	-0.109	0.449	-0.100	0.449	-0.112
0.448	-0.106	0.448	-0.106	0.448	-0.112	0.448	-0.103	0.448	-0.109
0.447	-0.107	0.447	-0.103	0.447	-0.109	0.447	-0.107	0.447	-0.104
0.446	-0.106	0.446	-0.103	0.446	-0.106	0.446	-0.106	0.446	-0.109
0.445	-0.110	0.445	-0.104	0.445	-0.104	0.445	-0.106	0.445	-0.107
0.444	-0.107	0.444	-0.104	0.444	-0.112	0.444	-0.109	0.444	-0.106
0.443	-0.106	0.443	-0.101	0.443	-0.106	0.443	-0.107	0.443	-0.109
0.442	-0.107	0.442	-0.104	0.442	-0.104	0.442	-0.106	0.442	-0.110
0.441	-0.107	0.441	-0.101	0.441	-0.110	0.441	-0.109	0.441	-0.107
0.440	-0.110	0.440	-0.103	0.440	-0.110	0.440	-0.107	0.440	-0.109
0.439	-0.107	0.439	-0.098	0.439	-0.107	0.439	-0.112	0.439	-0.110
0.438	-0.107	0.438	-0.106	0.438	-0.109	0.438	-0.106	0.438	-0.110
0.437	-0.112	0.437	-0.104	0.437	-0.112	0.437	-0.107	0.437	-0.110
0.436	-0.115	0.436	-0.106	0.436	-0.109	0.436	-0.113	0.436	-0.113
0.435	-0.113	0.435	-0.110	0.435	-0.106	0.435	-0.109	0.435	-0.109
0.434	-0.110	0.434	-0.106	0.434	-0.112	0.434	-0.115	0.434	-0.113
0.433	-0.116	0.433	-0.104	0.433	-0.112	0.433	-0.109	0.433	-0.116
0.432	-0.113	0.432	-0.106	0.432	-0.113	0.432	-0.107	0.432	-0.112
0.431	-0.115	0.431	-0.104	0.431	-0.109	0.431	-0.112	0.431	-0.112
0.430	-0.106	0.430	-0.107	0.430	-0.116	0.430	-0.109	0.430	-0.113
0.429	-0.118	0.429	-0.103	0.429	-0.113	0.429	-0.112	0.429	-0.109
0.428	-0.116	0.428	-0.107	0.428	-0.112	0.428	-0.110	0.428	-0.113
0.427	-0.118	0.427	-0.106	0.427	-0.113	0.427	-0.103	0.427	-0.112
0.426	-0.116	0.426	-0.107	0.426	-0.110	0.426	-0.112	0.426	-0.116
0.425	-0.121	0.425	-0.112	0.425	-0.113	0.425	-0.110	0.425	-0.116
0.424	-0.116	0.424	-0.110	0.424	-0.110	0.424	-0.104	0.424	-0.110
0.423	-0.121	0.423	-0.110	0.423	-0.115	0.423	-0.115	0.423	-0.116
0.422	-0.123	0.422	-0.106	0.422	-0.112	0.422	-0.113	0.422	-0.121
0.421	-0.120	0.421	-0.112	0.421	-0.115	0.421	-0.107	0.421	-0.112
0.420	-0.115	0.420	-0.110	0.420	-0.112	0.420	-0.109	0.420	-0.112
0.419	-0.120	0.419	-0.106	0.419	-0.115	0.419	-0.109	0.419	-0.113
0.418	-0.121	0.418	-0.103	0.418	-0.118	0.418	-0.106	0.418	-0.109
0.417	-0.126	0.417	-0.110	0.417	-0.112	0.417	-0.118	0.417	-0.110
0.416	-0.118	0.416	-0.113	0.416	-0.112	0.416	-0.110	0.416	-0.115
0.415	-0.121	0.415	-0.107	0.415	-0.110	0.415	-0.112	0.415	-0.112
0.414	-0.115	0.414	-0.106	0.414	-0.115	0.414	-0.107	0.414	-0.109
0.413	-0.116	0.413	-0.104	0.413	-0.118	0.413	-0.112	0.413	-0.110
0.412	-0.115	0.412	-0.112	0.412	-0.109	0.412	-0.110	0.412	-0.112
0.411	-0.118	0.411	-0.109	0.411	-0.113	0.411	-0.113	0.411	-0.113
0.410	-0.116	0.410	-0.107	0.410	-0.115	0.410	-0.109	0.410	-0.110
0.409	-0.118	0.409	-0.112	0.409	-0.113	0.409	-0.112	0.409	-0.106
0.408	-0.120	0.408	-0.112	0.408	-0.112	0.408	-0.112	0.408	-0.116
0.407	-0.115	0.407	-0.112	0.407	-0.113	0.407	-0.110	0.407	-0.110
0.406	-0.115	0.406	-0.109	0.406	-0.116	0.406	-0.109	0.406	-0.112
0.405	-0.124	0.405	-0.112	0.405	-0.113	0.405	-0.109	0.405	-0.107
0.404	-0.121	0.404	-0.107	0.404	-0.116	0.404	-0.112	0.404	-0.110
0.403	-0.118	0.403	-0.107	0.403	-0.113	0.403	-0.104	0.403	-0.109
0.402	-0.115	0.402	-0.106	0.402	-0.120	0.402	-0.107	0.402	-0.110
0.401	-0.121	0.401	-0.106	0.401	-0.115	0.401	-0.110	0.401	-0.110
0.400	-0.118	0.400	-0.107	0.400	-0.112	0.400	-0.106	0.400	-0.112
0.399	-0.116	0.399	-0.107	0.399	-0.113	0.399	-0.101	0.399	-0.112
0.398	-0.116	0.398	-0.112	0.398	-0.115	0.398	-0.106	0.398	-0.113
0.397	-0.115	0.397	-0.107	0.397	-0.107	0.397	-0.104	0.397	-0.109
0.396	-0.118	0.396	-0.113	0.396	-0.116	0.396	-0.109	0.396	-0.112
0.395	-0.110	0.395	-0.109	0.395	-0.112	0.395	-0.101	0.395	-0.109
0.394	-0.121	0.394	-0.104	0.394	-0.110	0.394	-0.104	0.394	-0.106
0.393	-0.116	0.393	-0.107	0.393	-0.106	0.393	-0.109	0.393	-0.107
0.392	-0.118	0.392	-0.112	0.392	-0.107	0.392	-0.107	0.392	-0.104
0.391	-0.113	0.391	-0.109	0.391	-0.104	0.391	-0.104	0.391	-0.110
0.390	-0.118	0.390	-0.107	0.390	-0.109	0.390	-0.107	0.390	-0.110
0.389	-0.113	0.389	-0.104	0.389	-0.112	0.389	-0.106	0.389	-0.106
0.388	-0.116	0.388	-0.109	0.388	-0.115	0.388	-0.104	0.388	-0.106
0.387	-0.115	0.387	-0.104	0.387	-0.113	0.387	-0.104	0.387	-0.107
0.386	-0.121	0.386	-0.104	0.386	-0.106	0.386	-0.104	0.386	-0.107
0.385	-0.113	0.385	-0.107	0.385	-0.109	0.385	-0.109	0.385	-0.103
0.384	-0.118	0.384	-0.110	0.384	-0.113	0.384	-0.109	0.384	-0.106
0.383	-0.120	0.383	-0.104	0.383	-0.106	0.383	-0.106	0.383	-0.107
0.382	-0.116	0.382	-0.109	0.382	-0.113	0.382	-0.103	0.382	-0.104
0.381	-0.116	0.381	-0.110	0.381	-0.104	0.381	-0.103	0.381	-0.104
0.380	-0.116	0.380	-0.107	0.380	-0.118	0.380	-0.106	0.380	-0.106
0.379	-0.118	0.379	-0.109	0.379	-0.113	0.379	-0.104	0.379	-0.109
0.378	-0.116	0.378	-0.104	0.378	-0.113	0.378	-0.106	0.378	-0.104
0.377	-0.107	0.377	-0.106	0.377	-0.110	0.377	-0.104	0.377	-0.109
0.376	-0.116	0.376	-0.112	0.376	-0.115	0.376	-0.109	0.376	-0.106
0.375	-0.123	0.375	-0.107	0.375	-0.109	0.375	-0.107	0.375	-0.107
0.374	-0.116	0.374	-0.112	0.374	-0.110	0.374	-0.110	0.374	-0.110
0.373	-0.112	0.373	-0.113	0.373	-0.116	0.373	-0.113	0.373	-0.110
0.372	-0.110	0.372	-0.112	0.372	-0.113	0.372	-0.106	0.372	-0.107
0.371	-0.120	0.371	-0.116	0.371	-0.112	0.371	-0.112	0.371	-0.112
0.370	-0.121	0.370	-0.112	0.370	-0.113	0.370	-0.109	0.370	-0.109
0.369	-0.115	0.369	-0.113	0.369	-0.113	0.369	-0.106	0.369	-0.116
0.368	-0.118	0.368	-0.110	0.368	-0.113	0.368	-0.109	0.368	-0.110
0.367	-0.123	0.367	-0.113	0.367	-0.116	0.367	-0.112	0.367	-0.109
0.366	-0.127	0.366	-0.112	0.366	-0.115	0.366	-0.112	0.366	-0.118
0.365	-0.130	0.365	-0.113	0.365	-0.124	0.365	-0.109	0.365	-0.110
0.364	-0.130	0.364	-0.116	0.364	-0.115	0.364	-0.109	0.364	-0.113
0.363	-0.124	0.363	-0.115	0.363	-0.121	0.363	-0.113	0.363	-0.112
0.362	-0.129	0.362	-0.121	0.362	-0.116	0.362	-0.104	0.362	-0.118
0.361	-0.124	0.361	-0.120	0.361	-0.123	0.361	-0.110	0.361	-0.116
0.360	-0.130	0.360	-0.124	0.360	-0.121	0.360	-0.116	0.360	-0.118
0.359	-0.124	0.359	-0.115	0.359	-0.123	0.359	-0.118	0.359	-0.118
0.358	-0.129	0.358	-0.120	0.358	-0.118	0.358	-0.116	0.358	-0.115
0.357	-0.133	0.357	-0.120	0.357	-0.121	0.357	-0.113	0.357	-0.123
0.356	-0.139	0.356	-0.120	0.356	-0.124	0.356	-0.118	0.356	-0.116
0.355	-0.135	0.355	-0.123	0.355	-0.129	0.355	-0.121	0.355	-0.120
0.354	-0.132	0.354	-0.124	0.354	-0.132	0.354	-0.124	0.354	-0.120
0.353	-0.136	0.353	-0.121	0.353	-0.136	0.353	-0.121	0.353	-0.123
0.352	-0.135	0.352	-0.130	0.352	-0.135	0.352	-0.129	0.352	-0.123
0.351	-0.133	0.351	-0.129	0.351	-0.135	0.351	-0.129	0.351	-0.124
0.350	-0.129	0.350	-0.132	0.350	-0.130	0.350	-0.129	0.350	-0.130
0.349	-0.136	0.349	-0.132	0.349	-0.132	0.349	-0.124	0.349	-0.127
0.348	-0.143	0.348	-0.130	0.348	-0.135	0.348	-0.135	0.348	-0.123
0.347	-0.141	0.347	-0.135	0.347	-0.133	0.347	-0.132	0.347	-0.129
0.346	-0.138	0.346	-0.133	0.346	-0.141	0.346	-0.139	0.346	-0.130
0.345	-0.143	0.345	-0.139	0.345	-0.146	0.345	-0.133	0.345	-0.139
0.344	-0.149	0.344	-0.136	0.344	-0.141	0.344	-0.138	0.344	-0.132
0.343	-0.152	0.343	-0.138	0.343	-0.143	0.343	-0.136	0.343	-0.132
0.342	-0.153	0.342	-0.147	0.342	-0.147	0.342	-0.136	0.342	-0.136
0.341	-0.149	0.341	-0.146	0.341	-0.152	0.341	-0.144	0.341	-0.139
0.340	-0.158	0.340	-0.144	0.340	-0.152	0.340	-0.144	0.340	-0.143
0.339	-0.166	0.339	-0.152	0.339	-0.155	0.339	-0.146	0.339	-0.146
0.338	-0.162	0.338	-0.158	0.338	-0.156	0.338	-0.149	0.338	-0.144
0.337	-0.167	0.337	-0.153	0.337	-0.155	0.337	-0.153	0.337	-0.144
0.336	-0.172	0.336	-0.159	0.336	-0.156	0.336	-0.152	0.336	-0.144
0.335	-0.170	0.335	-0.166	0.335	-0.161	0.335	-0.156	0.335	-0.153
0.334	-0.170	0.334	-0.166	0.334	-0.166	0.334	-0.153	0.334	-0.150
0.333	-0.176	0.333	-0.166	0.333	-0.162	0.333	-0.158	0.333	-0.158
0.332	-0.175	0.332	-0.170	0.332	-0.162	0.332	-0.162	0.332	-0.161
0.331	-0.181	0.331	-0.170	0.331	-0.172	0.331	-0.167	0.331	-0.159
0.330	-0.182	0.330	-0.175	0.330	-0.176	0.330	-0.166	0.330	-0.162
0.329	-0.184	0.329	-0.176	0.329	-0.178	0.329	-0.169	0.329	-0.167
0.328	-0.185	0.328	-0.179	0.328	-0.179	0.328	-0.170	0.328	-0.173
0.327	-0.189	0.327	-0.184	0.327	-0.181	0.327	-0.173	0.327	-0.170
0.326	-0.192	0.326	-0.184	0.326	-0.187	0.326	-0.178	0.326	-0.173
0.325	-0.195	0.325	-0.190	0.325	-0.189	0.325	-0.178	0.325	-0.176
0.324	-0.201	0.324	-0.195	0.324	-0.192	0.324	-0.192	0.324	-0.176
0.323	-0.199	0.323	-0.196	0.323	-0.199	0.323	-0.190	0.323	-0.184
0.322	-0.196	0.322	-0.199	0.322	-0.201	0.322	-0.189	0.322	-0.187
0.321	-0.208	0.321	-0.196	0.321	-0.198	0.321	-0.189	0.321	-0.181
0.320	-0.208	0.320	-0.201	0.320	-0.204	0.320	-0.196	0.320	-0.193
0.319	-0.208	0.319	-0.207	0.319	-0.208	0.319	-0.199	0.319	-0.187
0.318	-0.212	0.318	-0.212	0.318	-0.210	0.318	-0.204	0.318	-0.195
0.317	-0.219	0.317	-0.210	0.317	-0.212	0.317	-0.199	0.317	-0.196
0.316	-0.219	0.316	-0.208	0.316	-0.212	0.316	-0.202	0.316	-0.198
0.315	-0.222	0.315	-0.219	0.315	-0.221	0.315	-0.204	0.315	-0.202
0.314	-0.228	0.314	-0.219	0.314	-0.221	0.314	-0.210	0.314	-0.202
0.313	-0.225	0.313	-0.221	0.313	-0.221	0.313	-0.212	0.313	-0.207
0.312	-0.230	0.312	-0.222	0.312	-0.213	0.312	-0.213	0.312	-0.208
0.311	-0.227	0.311	-0.225	0.311	-0.227	0.311	-0.215	0.311	-0.202
0.310	-0.231	0.310	-0.227	0.310	-0.227	0.310	-0.218	0.310	-0.210
0.309	-0.235	0.309	-0.227	0.309	-0.227	0.309	-0.215	0.309	-0.212
0.308	-0.236	0.308	-0.233	0.308	-0.225	0.308	-0.222	0.308	-0.215
0.307	-0.238	0.307	-0.233	0.307	-0.235	0.307	-0.221	0.307	-0.213
0.306	-0.236	0.306	-0.236	0.306	-0.233	0.306	-0.227	0.306	-0.212
0.305	-0.238	0.305	-0.230	0.305	-0.227	0.305	-0.222	0.305	-0.216
0.304	-0.242	0.304	-0.235	0.304	-0.235	0.304	-0.221	0.304	-0.219
0.303	-0.244	0.303	-0.233	0.303	-0.238	0.303	-0.219	0.303	-0.213
0.302	-0.242	0.302	-0.233	0.302	-0.235	0.302	-0.224	0.302	-0.218
0.301	-0.248	0.301	-0.236	0.301	-0.239	0.301	-0.227	0.301	-0.219
0.300	-0.247	0.300	-0.235	0.300	-0.233	0.300	-0.222	0.300	-0.221
0.299	-0.254	0.299	-0.239	0.299	-0.236	0.299	-0.230	0.299	-0.219
0.298	-0.248	0.298	-0.238	0.298	-0.231	0.298	-0.227	0.298	-0.219
0.297	-0.251	0.297	-0.236	0.297	-0.236	0.297	-0.236	0.297	-0.216
0.296	-0.248	0.296	-0.238	0.296	-0.236	0.296	-0.225	0.296	-0.222
0.295	-0.253	0.295	-0.245	0.295	-0.241	0.295	-0.227	0.295	-0.213
0.294	-0.253	0.294	-0.244	0.294	-0.239	0.294	-0.227	0.294	-0.219
0.293	-0.253	0.293	-0.244	0.293	-0.235	0.293	-0.227	0.293	-0.222
0.292	-0.259	0.292	-0.244	0.292	-0.231	0.292	-0.228	0.292	-0.224
0.291	-0.254	0.291	-0.242	0.291	-0.238	0.291	-0.230	0.291	-0.222
0.290	-0.259	0.290	-0.245	0.290	-0.241	0.290	-0.230	0.290	-0.227
0.289	-0.258	0.289	-0.244	0.289	-0.239	0.289	-0.227	0.289	-0.222
0.288	-0.265	0.288	-0.245	0.288	-0.242	0.288	-0.231	0.288	-0.222
0.287	-0.264	0.287	-0.247	0.287	-0.239	0.287	-0.228	0.287	-0.221
0.286	-0.256	0.286	-0.251	0.286	-0.233	0.286	-0.225	0.286	-0.225
0.285	-0.267	0.285	-0.248	0.285	-0.238	0.285	-0.233	0.285	-0.225
0.284	-0.268	0.284	-0.248	0.284	-0.239	0.284	-0.227	0.284	-0.227
0.283	-0.268	0.283	-0.248	0.283	-0.245	0.283	-0.230	0.283	-0.222
0.282	-0.268	0.282	-0.247	0.282	-0.238	0.282	-0.225	0.282	-0.225
0.281	-0.268	0.281	-0.247	0.281	-0.242	0.281	-0.228	0.281	-0.224
0.280	-0.264	0.280	-0.253	0.280	-0.244	0.280	-0.228	0.280	-0.222
0.279	-0.273	0.279	-0.247	0.279	-0.242	0.279	-0.227	0.279	-0.224
0.278	-0.268	0.278	-0.245	0.278	-0.241	0.278	-0.236	0.278	-0.222
0.277	-0.271	0.277	-0.247	0.277	-0.231	0.277	-0.225	0.277	-0.227
0.276	-0.271	0.276	-0.245	0.276	-0.242	0.276	-0.228	0.276	-0.227
0.275	-0.273	0.275	-0.251	0.275	-0.245	0.275	-0.228	0.275	-0.228
0.274	-0.271	0.274	-0.253	0.274	-0.242	0.274	-0.231	0.274	-0.225
0.273	-0.274	0.273	-0.254	0.273	-0.239	0.273	-0.231	0.273	-0.225
0.272	-0.273	0.272	-0.247	0.272	-0.241	0.272	-0.227	0.272	-0.225
0.271	-0.271	0.271	-0.248	0.271	-0.242	0.271	-0.230	0.271	-0.222
0.270	-0.274	0.270	-0.247	0.270	-0.239	0.270	-0.230	0.270	-0.224
0.269	-0.273	0.269	-0.247	0.269	-0.238	0.269	-0.230	0.269	-0.225
0.268	-0.270	0.268	-0.250	0.268	-0.238	0.268	-0.228	0.268	-0.222
0.267	-0.267	0.267	-0.247	0.267	-0.244	0.267	-0.228	0.267	-0.225
0.266	-0.268	0.266	-0.250	0.266	-0.235	0.266	-0.224	0.266	-0.224
0.265	-0.271	0.265	-0.245	0.265	-0.244	0.265	-0.225	0.265	-0.225
0.264	-0.267	0.264	-0.244	0.264	-0.239	0.264	-0.224	0.264	-0.221
0.263	-0.264	0.263	-0.244	0.263	-0.235	0.263	-0.228	0.263	-0.225
0.262	-0.268	0.262	-0.241	0.262	-0.236	0.262	-0.224	0.262	-0.218
0.261	-0.262	0.261	-0.244	0.261	-0.231	0.261	-0.225	0.261	-0.216
0.260	-0.254	0.260	-0.244	0.260	-0.231	0.260	-0.225	0.260	-0.216
0.259	-0.268	0.259	-0.242	0.259	-0.238	0.259	-0.221	0.259	-0.221
0.258	-0.264	0.258	-0.244	0.258	-0.235	0.258	-0.222	0.258	-0.218
0.257	-0.261	0.257	-0.242	0.257	-0.228	0.257	-0.213	0.257	-0.215
0.256	-0.259	0.256	-0.236	0.256	-0.224	0.256	-0.207	0.256	-0.207
0.255	-0.259	0.255	-0.236	0.255	-0.228	0.255	-0.213	0.255	-0.215
0.254	-0.259	0.254	-0.236	0.254	-0.228	0.254	-0.219	0.254	-0.210
0.253	-0.253	0.253	-0.228	0.253	-0.227	0.253	-0.216	0.253	-0.218
0.252	-0.262	0.252	-0.231	0.252	-0.225	0.252	-0.215	0.252	-0.210
0.251	-0.251	0.251	-0.230	0.251	-0.225	0.251	-0.215	0.251	-0.210
0.250	-0.254	0.250	-0.222	0.250	-0.219	0.250	-0.213	0.250	-0.208
0.249	-0.251	0.249	-0.231	0.249	-0.221	0.249	-0.213	0.249	-0.207
0.248	-0.250	0.248	-0.227	0.248	-0.221	0.248	-0.212	0.248	-0.208
0.247	-0.247	0.247	-0.224	0.247	-0.215	0.247	-0.210	0.247	-0.207
0.246	-0.244	0.246	-0.227	0.246	-0.219	0.246	-0.208	0.246	-0.204
0.245	-0.250	0.245	-0.227	0.245	-0.219	0.245	-0.204	0.245	-0.204
0.244	-0.247	0.244	-0.219	0.244	-0.216	0.244	-0.207	0.244	-0.212
0.243	-0.244	0.243	-0.221	0.243	-0.221	0.243	-0.208	0.243	-0.204
0.242	-0.242	0.242	-0.221	0.242	-0.216	0.242	-0.208	0.242	-0.201
0.241	-0.241	0.241	-0.222	0.241	-0.215	0.241	-0.210	0.241	-0.199
0.240	-0.241	0.240	-0.219	0.240	-0.218	0.240	-0.204	0.240	-0.193
0.239	-0.244	0.239	-0.218	0.239	-0.210	0.239	-0.208	0.239	-0.202
0.238	-0.231	0.238	-0.213	0.238	-0.212	0.238	-0.204	0.238	-0.202
0.237	-0.241	0.237	-0.212	0.237	-0.213	0.237	-0.198	0.237	-0.195
0.236	-0.241	0.236	-0.219	0.236	-0.215	0.236	-0.207	0.236	-0.205
0.235	-0.241	0.235	-0.216	0.235	-0.216	0.235	-0.202	0.235	-0.201
0.234	-0.241	0.234	-0.221	0.234	-0.215	0.234	-0.198	0.234	-0.198
0.233	-0.238	0.233	-0.216	0.233	-0.213	0.233	-0.198	0.233	-0.198
0.232	-0.241	0.232	-0.215	0.232	-0.216	0.232	-0.199	0.232	-0.199
0.231	-0.238	0.231	-0.221	0.231	-0.216	0.231	-0.205	0.231	-0.195
0.230	-0.241	0.230	-0.218	0.230	-0.213	0.230	-0.198	0.230	-0.199
0.229	-0.235	0.229	-0.215	0.229	-0.210	0.229	-0.202	0.229	-0.202
0.228	-0.239	0.228	-0.219	0.228	-0.202	0.228	-0.202	0.228	-0.199
0.227	-0.245	0.227	-0.216	0.227	-0.215	0.227	-0.205	0.227	-0.202
0.226	-0.239	0.226	-0.219	0.226	-0.212	0.226	-0.204	0.226	-0.196
0.225	-0.228	0.225	-0.212	0.225	-0.208	0.225	-0.202	0.225	-0.201
0.224	-0.241	0.224	-0.218	0.224	-0.213	0.224	-0.205	0.224	-0.199
0.223	-0.238	0.223	-0.218	0.223	-0.210	0.223	-0.201	0.223	-0.199
0.222	-0.242	0.222	-0.221	0.222	-0.213	0.222	-0.207	0.222	-0.201
0.221	-0.242	0.221	-0.216	0.221	-0.221	0.221	-0.201	0.221	-0.204
0.220	-0.245	0.220	-0.219	0.220	-0.216	0.220	-0.207	0.220	-0.198
0.219	-0.239	0.219	-0.225	0.219	-0.215	0.219	-0.210	0.219	-0.204
0.218	-0.248	0.218	-0.219	0.218	-0.221	0.218	-0.207	0.218	-0.202
0.217	-0.242	0.217	-0.225	0.217	-0.224	0.217	-0.210	0.217	-0.210
0.216	-0.244	0.216	-0.225	0.216	-0.218	0.216	-0.205	0.216	-0.207
0.215	-0.248	0.215	-0.219	0.215	-0.221	0.215	-0.213	0.215	-0.212
0.214	-0.244	0.214	-0.224	0.214	-0.224	0.214	-0.215	0.214	-0.212
0.213	-0.247	0.213	-0.228	0.213	-0.225	0.213	-0.213	0.213	-0.210
0.212	-0.251	0.212	-0.235	0.212	-0.224	0.212	-0.215	0.212	-0.215
0.211	-0.248	0.211	-0.238	0.211	-0.228	0.211	-0.216	0.211	-0.213
0.210	-0.259	0.210	-0.235	0.210	-0.227	0.210	-0.219	0.210	-0.221
0.209	-0.258	0.209	-0.233	0.209	-0.228	0.209	-0.222	0.209	-0.215
0.208	-0.261	0.208	-0.238	0.208	-0.224	0.208	-0.227	0.208	-0.219
0.207	-0.267	0.207	-0.242	0.207	-0.233	0.207	-0.228	0.207	-0.222
0.206	-0.268	0.206	-0.250	0.206	-0.233	0.206	-0.215	0.206	-0.221
0.205	-0.273	0.205	-0.242	0.205	-0.236	0.205	-0.224	0.205	-0.216
0.204	-0.270	0.204	-0.248	0.204	-0.235	0.204	-0.225	0.204	-0.225
0.203	-0.278	0.203	-0.247	0.203	-0.241	0.203	-0.225	0.203	-0.227
0.202	-0.270	0.202	-0.244	0.202	-0.244	0.202	-0.238	0.202	-0.227
0.201	-0.276	0.201	-0.254	0.201	-0.245	0.201	-0.230	0.201	-0.231
0.200	-0.278	0.200	-0.259	0.200	-0.244	0.200	-0.239	0.200	-0.231
0.199	-0.285	0.199	-0.254	0.199	-0.251	0.199	-0.242	0.199	-0.235
0.198	-0.281	0.198	-0.262	0.198	-0.251	0.198	-0.245	0.198	-0.236
0.197	-0.291	0.197	-0.261	0.197	-0.253	0.197	-0.242	0.197	-0.241
0.196	-0.293	0.196	-0.268	0.196	-0.256	0.196	-0.248	0.196	-0.244
0.195	-0.297	0.195	-0.273	0.195	-0.264	0.195	-0.250	0.195	-0.242
0.194	-0.296	0.194	-0.273	0.194	-0.261	0.194	-0.254	0.194	-0.248
0.193	-0.302	0.193	-0.271	0.193	-0.265	0.193	-0.251	0.193	-0.253
0.192	-0.305	0.192	-0.279	0.192	-0.268	0.192	-0.258	0.192	-0.247
0.191	-0.310	0.191	-0.282	0.191	-0.270	0.191	-0.261	0.191	-0.259
0.190	-0.308	0.190	-0.284	0.190	-0.268	0.190	-0.264	0.190	-0.254
0.189	-0.314	0.189	-0.287	0.189	-0.279	0.189	-0.264	0.189	-0.258
0.188	-0.316	0.188	-0.288	0.188	-0.278	0.188	-0.271	0.188	-0.262
0.187	-0.320	0.187	-0.296	0.187	-0.285	0.187	-0.274	0.187	-0.265
0.186	-0.325	0.186	-0.299	0.186	-0.285	0.186	-0.276	0.186	-0.271
0.185	-0.331	0.185	-0.299	0.185	-0.290	0.185	-0.279	0.185	-0.279
0.184	-0.333	0.184	-0.305	0.184	-0.293	0.184	-0.285	0.184	-0.271
0.183	-0.331	0.183	-0.310	0.183	-0.296	0.183	-0.284	0.183	-0.278
0.182	-0.340	0.182	-0.310	0.182	-0.304	0.182	-0.297	0.182	-0.284
0.181	-0.343	0.181	-0.316	0.181	-0.313	0.181	-0.299	0.181	-0.287
0.180	-0.351	0.180	-0.319	0.180	-0.308	0.180	-0.297	0.180	-0.288
0.179	-0.360	0.179	-0.330	0.179	-0.320	0.179	-0.304	0.179	-0.296
0.178	-0.359	0.178	-0.333	0.178	-0.314	0.178	-0.307	0.178	-0.297
0.177	-0.366	0.177	-0.327	0.177	-0.324	0.177	-0.310	0.177	-0.297
0.176	-0.373	0.176	-0.336	0.176	-0.325	0.176	-0.316	0.176	-0.307
0.175	-0.374	0.175	-0.345	0.175	-0.334	0.175	-0.322	0.175	-0.313
0.174	-0.379	0.174	-0.351	0.174	-0.334	0.174	-0.325	0.174	-0.313
0.173	-0.382	0.173	-0.354	0.173	-0.339	0.173	-0.328	0.173	-0.327
0.172	-0.386	0.172	-0.359	0.172	-0.345	0.172	-0.330	0.172	-0.324
0.171	-0.394	0.171	-0.359	0.171	-0.347	0.171	-0.336	0.171	-0.331
0.170	-0.396	0.170	-0.370	0.170	-0.354	0.170	-0.342	0.170	-0.336
0.169	-0.403	0.169	-0.373	0.169	-0.357	0.169	-0.345	0.169	-0.340
0.168	-0.411	0.168	-0.374	0.168	-0.368	0.168	-0.350	0.168	-0.348
0.167	-0.412	0.167	-0.385	0.167	-0.370	0.167	-0.357	0.167	-0.350
0.166	-0.412	0.166	-0.391	0.166	-0.382	0.166	-0.366	0.166	-0.353
0.165	-0.419	0.165	-0.391	0.165	-0.377	0.165	-0.366	0.165	-0.362
0.164	-0.435	0.164	-0.406	0.164	-0.393	0.164	-0.371	0.164	-0.365
0.163	-0.442	0.163	-0.403	0.163	-0.397	0.163	-0.382	0.163	-0.373
0.162	-0.443	0.162	-0.409	0.162	-0.397	0.162	-0.386	0.162	-0.376
0.161	-0.449	0.161	-0.416	0.161	-0.402	0.161	-0.389	0.161	-0.380
0.160	-0.458	0.160	-0.423	0.160	-0.406	0.160	-0.396	0.160	-0.388
0.159	-0.462	0.159	-0.428	0.159	-0.411	0.159	-0.400	0.159	-0.393
0.158	-0.466	0.158	-0.431	0.158	-0.423	0.158	-0.403	0.158	-0.397
0.157	-0.478	0.157	-0.439	0.157	-0.425	0.157	-0.412	0.157	-0.399
0.156	-0.486	0.156	-0.446	0.156	-0.435	0.156	-0.417	0.156	-0.414
0.155	-0.494	0.155	-0.457	0.155	-0.437	0.155	-0.425	0.155	-0.411
0.154	-0.495	0.154	-0.465	0.154	-0.448	0.154	-0.437	0.154	-0.417
0.153	-0.501	0.153	-0.471	0.153	-0.452	0.153	-0.440	0.153	-0.429
0.152	-0.504	0.152	-0.478	0.152	-0.462	0.152	-0.448	0.152	-0.439
0.151	-0.515	0.151	-0.483	0.151	-0.468	0.151	-0.452	0.151	-0.442
0.150	-0.526	0.150	-0.492	0.150	-0.472	0.150	-0.458	0.150	-0.445
0.149	-0.531	0.149	-0.498	0.149	-0.483	0.149	-0.472	0.149	-0.458
0.148	-0.544	0.148	-0.509	0.148	-0.492	0.148	-0.474	0.148	-0.465
0.147	-0.554	0.147	-0.517	0.147	-0.500	0.147	-0.494	0.147	-0.472
0.146	-0.557	0.146	-0.523	0.146	-0.508	0.146	-0.494	0.146	-0.485
0.145	-0.564	0.145	-0.527	0.145	-0.514	0.145	-0.495	0.145	-0.489
0.144	-0.566	0.144	-0.538	0.144	-0.515	0.144	-0.503	0.144	-0.495
0.143	-0.580	0.143	-0.546	0.143	-0.524	0.143	-0.517	0.143	-0.503
0.142	-0.589	0.142	-0.549	0.142	-0.531	0.142	-0.520	0.142	-0.506
0.141	-0.598	0.141	-0.563	0.141	-0.549	0.141	-0.527	0.141	-0.523
0.140	-0.603	0.140	-0.574	0.140	-0.554	0.140	-0.541	0.140	-0.527
0.139	-0.616	0.139	-0.578	0.139	-0.566	0.139	-0.550	0.139	-0.538
0.138	-0.618	0.138	-0.586	0.138	-0.569	0.138	-0.557	0.138	-0.543
0.137	-0.627	0.137	-0.593	0.137	-0.570	0.137	-0.570	0.137	-0.554
0.136	-0.635	0.136	-0.603	0.136	-0.584	0.136	-0.572	0.136	-0.558
0.135	-0.653	0.135	-0.613	0.135	-0.598	0.135	-0.581	0.135	-0.570
0.134	-0.658	0.134	-0.620	0.134	-0.604	0.134	-0.587	0.134	-0.577
0.133	-0.666	0.133	-0.626	0.133	-0.609	0.133	-0.603	0.133	-0.586
0.132	-0.675	0.132	-0.639	0.132	-0.621	0.132	-0.606	0.132	-0.595
0.131	-0.693	0.131	-0.659	0.131	-0.641	0.131	-0.629	0.131	-0.620
0.130	-0.696	0.130	-0.662	0.130	-0.643	0.130	-0.629	0.130	-0.616
0.129	-0.704	0.129	-0.666	0.129	-0.649	0.129	-0.641	0.129	-0.621
0.128	-0.704	0.128	-0.666	0.128	-0.655	0.128	-0.643	0.128	-0.627
0.127	-0.725	0.127	-0.682	0.127	-0.672	0.127	-0.649	0.127	-0.641
0.126	-0.728	0.126	-0.690	0.126	-0.675	0.126	-0.656	0.126	-0.647
0.125	-0.738	0.125	-0.699	0.125	-0.687	0.125	-0.678	0.125	-0.656
0.124	-0.758	0.124	-0.707	0.124	-0.695	0.124	-0.681	0.124	-0.666
0.123	-0.764	0.123	-0.733	0.123	-0.708	0.123	-0.693	0.123	-0.681
0.122	-0.771	0.122	-0.733	0.122	-0.710	0.122	-0.695	0.122	-0.689
0.121	-0.777	0.121	-0.738	0.121	-0.722	0.121	-0.712	0.121	-0.701
0.120	-0.785	0.120	-0.747	0.120	-0.735	0.120	-0.716	0.120	-0.704
0.119	-0.794	0.119	-0.761	0.119	-0.741	0.119	-0.725	0.119	-0.716
0.118	-0.807	0.118	-0.768	0.118	-0.747	0.118	-0.736	0.118	-0.719
0.117	-0.817	0.117	-0.779	0.117	-0.761	0.117	-0.742	0.117	-0.731
0.116	-0.828	0.116	-0.787	0.116	-0.768	0.116	-0.756	0.116	-0.738
0.115	-0.843	0.115	-0.800	0.115	-0.782	0.115	-0.776	0.115	-0.758
0.114	-0.845	0.114	-0.805	0.114	-0.788	0.114	-0.779	0.114	-0.762
0.113	-0.853	0.113	-0.813	0.113	-0.799	0.113	-0.785	0.113	-0.767
0.112	-0.863	0.112	-0.820	0.112	-0.811	0.112	-0.793	0.112	-0.782
0.111	-0.876	0.111	-0.837	0.111	-0.817	0.111	-0.800	0.111	-0.796
0.110	-0.882	0.110	-0.845	0.110	-0.816	0.110	-0.810	0.110	-0.796
0.109	-0.889	0.109	-0.857	0.109	-0.837	0.109	-0.820	0.109	-0.805
0.108	-0.899	0.108	-0.857	0.108	-0.846	0.108	-0.823	0.108	-0.814
0.107	-0.911	0.107	-0.879	0.107	-0.854	0.107	-0.846	0.107	-0.833
0.106	-0.919	0.106	-0.879	0.106	-0.862	0.106	-0.848	0.106	-0.840
0.105	-0.928	0.105	-0.893	0.105	-0.879	0.105	-0.865	0.105	-0.843
0.104	-0.939	0.104	-0.897	0.104	-0.888	0.104	-0.873	0.104	-0.856
0.103	-0.954	0.103	-0.909	0.103	-0.896	0.103	-0.876	0.103	-0.871
0.102	-0.958	0.102	-0.914	0.102	-0.902	0.102	-0.886	0.102	-0.871
0.101	-0.965	0.101	-0.926	0.101	-0.909	0.101	-0.900	0.101	-0.882
