E /V	I /uA	E /V	I /uA	E /V	I /uA
0.100	-1.004	0.100	-0.452	0.100	-0.471
0.099	-1.129	0.099	-0.468	0.099	-0.465
0.098	-1.192	0.098	-0.468	0.098	-0.472
0.097	-1.225	0.097	-0.458	0.097	-0.471
0.096	-1.228	0.096	-0.463	0.096	-0.466
0.095	-1.215	0.095	-0.463	0.095	-0.460
0.094	-1.182	0.094	-0.452	0.094	-0.466
0.093	-1.170	0.093	-0.457	0.093	-0.452
0.092	-1.139	0.092	-0.463	0.092	-0.465
0.091	-1.126	0.091	-0.454	0.091	-0.443
0.090	-1.095	0.090	-0.452	0.090	-0.465
0.089	-1.055	0.089	-0.460	0.089	-0.455
0.088	-1.031	0.088	-0.457	0.088	-0.451
0.087	-1.008	0.087	-0.455	0.087	-0.466
0.086	-1.006	0.086	-0.465	0.086	-0.454
0.085	-0.981	0.085	-0.442	0.085	-0.462
0.084	-0.957	0.084	-0.451	0.084	-0.458
0.083	-0.955	0.083	-0.452	0.083	-0.454
0.082	-0.931	0.082	-0.454	0.082	-0.465
0.081	-0.909	0.081	-0.457	0.081	-0.451
0.080	-0.882	0.080	-0.454	0.080	-0.452
0.079	-0.865	0.079	-0.460	0.079	-0.451
0.078	-0.854	0.078	-0.452	0.078	-0.448
0.077	-0.854	0.077	-0.455	0.077	-0.452
0.076	-0.840	0.076	-0.451	0.076	-0.462
0.075	-0.819	0.075	-0.445	0.075	-0.446
0.074	-0.820	0.074	-0.443	0.074	-0.460
0.073	-0.799	0.073	-0.446	0.073	-0.448
0.072	-0.791	0.072	-0.446	0.072	-0.445
0.071	-0.771	0.071	-0.449	0.071	-0.443
0.070	-0.771	0.070	-0.455	0.070	-0.446
0.069	-0.762	0.069	-0.452	0.069	-0.435
0.068	-0.753	0.068	-0.443	0.068	-0.448
0.067	-0.750	0.067	-0.449	0.067	-0.440
0.066	-0.738	0.066	-0.451	0.066	-0.445
0.065	-0.735	0.065	-0.445	0.065	-0.442
0.064	-0.741	0.064	-0.454	0.064	-0.448
0.063	-0.716	0.063	-0.443	0.063	-0.434
0.062	-0.718	0.062	-0.451	0.062	-0.446
0.061	-0.710	0.061	-0.435	0.061	-0.440
0.060	-0.639	0.060	-0.399	0.060	-0.399
0.061	-0.567	0.061	-0.331	0.061	-0.340
0.062	-0.512	0.062	-0.304	0.062	-0.310
0.063	-0.474	0.063	-0.274	0.063	-0.281
0.064	-0.435	0.064	-0.253	0.064	-0.254
0.065	-0.419	0.065	-0.236	0.065	-0.247
0.066	-0.417	0.066	-0.222	0.066	-0.241
0.067	-0.386	0.067	-0.202	0.067	-0.228
0.068	-0.383	0.068	-0.199	0.068	-0.210
0.069	-0.376	0.069	-0.201	0.069	-0.210
0.070	-0.368	0.070	-0.192	0.070	-0.205
0.071	-0.354	0.071	-0.199	0.071	-0.207
0.072	-0.363	0.072	-0.193	0.072	-0.208
0.073	-0.334	0.073	-0.189	0.073	-0.198
0.074	-0.336	0.074	-0.182	0.074	-0.193
0.075	-0.324	0.075	-0.187	0.075	-0.193
0.076	-0.322	0.076	-0.179	0.076	-0.187
0.077	-0.317	0.077	-0.176	0.077	-0.190
0.078	-0.313	0.078	-0.182	0.078	-0.175
0.079	-0.307	0.079	-0.175	0.079	-0.189
0.080	-0.299	0.080	-0.179	0.080	-0.189
0.081	-0.288	0.081	-0.173	0.081	-0.185
0.082	-0.293	0.082	-0.176	0.082	-0.198
0.083	-0.288	0.083	-0.175	0.083	-0.176
0.084	-0.284	0.084	-0.170	0.084	-0.190
0.085	-0.276	0.085	-0.164	0.085	-0.181
0.086	-0.273	0.086	-0.164	0.086	-0.179
0.087	-0.273	0.087	-0.173	0.087	-0.175
0.088	-0.264	0.088	-0.170	0.088	-0.173
0.089	-0.261	0.089	-0.164	0.089	-0.178
0.090	-0.270	0.090	-0.164	0.090	-0.172
0.091	-0.261	0.091	-0.156	0.091	-0.167
0.092	-0.248	0.092	-0.153	0.092	-0.169
0.093	-0.247	0.093	-0.158	0.093	-0.167
0.094	-0.227	0.094	-0.147	0.094	-0.170
0.095	-0.242	0.095	-0.169	0.095	-0.170
0.096	-0.236	0.096	-0.155	0.096	-0.166
0.097	-0.219	0.097	-0.162	0.097	-0.162
0.098	-0.216	0.098	-0.164	0.098	-0.153
0.099	-0.218	0.099	-0.164	0.099	-0.162
0.100	-0.205	0.100	-0.156	0.100	-0.161
0.101	-0.215	0.101	-0.149	0.101	-0.161
0.102	-0.199	0.102	-0.144	0.102	-0.152
0.103	-0.190	0.103	-0.144	0.103	-0.161
0.104	-0.181	0.104	-0.161	0.104	-0.159
0.105	-0.189	0.105	-0.139	0.105	-0.169
0.106	-0.189	0.106	-0.141	0.106	-0.146
0.107	-0.182	0.107	-0.136	0.107	-0.149
0.108	-0.185	0.108	-0.146	0.108	-0.150
0.109	-0.175	0.109	-0.129	0.109	-0.153
0.110	-0.173	0.110	-0.143	0.110	-0.156
0.111	-0.173	0.111	-0.127	0.111	-0.143
0.112	-0.159	0.112	-0.130	0.112	-0.155
0.113	-0.162	0.113	-0.147	0.113	-0.144
0.114	-0.152	0.114	-0.123	0.114	-0.143
0.115	-0.147	0.115	-0.130	0.115	-0.149
0.116	-0.139	0.116	-0.121	0.116	-0.141
0.117	-0.135	0.117	-0.135	0.117	-0.133
0.118	-0.121	0.118	-0.123	0.118	-0.136
0.119	-0.126	0.119	-0.116	0.119	-0.126
0.120	-0.118	0.120	-0.130	0.120	-0.139
0.121	-0.109	0.121	-0.115	0.121	-0.130
0.122	-0.127	0.122	-0.121	0.122	-0.133
0.123	-0.110	0.123	-0.116	0.123	-0.124
0.124	-0.107	0.124	-0.121	0.124	-0.130
0.125	-0.118	0.125	-0.112	0.125	-0.116
0.126	-0.090	0.126	-0.107	0.126	-0.121
0.127	-0.090	0.127	-0.112	0.127	-0.116
0.128	-0.087	0.128	-0.103	0.128	-0.120
0.129	-0.080	0.129	-0.109	0.129	-0.120
0.130	-0.081	0.130	-0.098	0.130	-0.103
0.131	-0.078	0.131	-0.089	0.131	-0.113
0.132	-0.080	0.132	-0.100	0.132	-0.109
0.133	-0.060	0.133	-0.083	0.133	-0.107
0.134	-0.052	0.134	-0.090	0.134	-0.110
0.135	-0.064	0.135	-0.092	0.135	-0.092
0.136	-0.058	0.136	-0.089	0.136	-0.103
0.137	-0.054	0.137	-0.081	0.137	-0.104
0.138	-0.047	0.138	-0.074	0.138	-0.095
0.139	-0.037	0.139	-0.077	0.139	-0.097
0.140	-0.032	0.140	-0.083	0.140	-0.087
0.141	-0.031	0.141	-0.081	0.141	-0.083
0.142	-0.029	0.142	-0.080	0.142	-0.080
0.143	-0.021	0.143	-0.069	0.143	-0.080
0.144	-0.031	0.144	-0.064	0.144	-0.080
0.145	-0.017	0.145	-0.070	0.145	-0.075
0.146	-0.020	0.146	-0.066	0.146	-0.060
0.147	-0.023	0.147	-0.074	0.147	-0.072
0.148	0.002	0.148	-0.063	0.148	-0.069
0.149	-0.003	0.149	-0.054	0.149	-0.072
0.150	0.003	0.150	-0.051	0.150	-0.058
0.151	0.014	0.151	-0.044	0.151	-0.049
0.152	0.019	0.152	-0.038	0.152	-0.055
0.153	0.012	0.153	-0.047	0.153	-0.057
0.154	-0.005	0.154	-0.029	0.154	-0.034
0.155	0.017	0.155	-0.028	0.155	-0.035
0.156	0.026	0.156	-0.034	0.156	-0.044
0.157	0.022	0.157	-0.038	0.157	-0.035
0.158	0.029	0.158	-0.018	0.158	-0.031
0.159	0.023	0.159	-0.023	0.159	-0.023
0.160	0.035	0.160	-0.011	0.160	-0.017
0.161	0.046	0.161	-0.011	0.161	-0.017
0.162	0.038	0.162	0.000	0.162	-0.024
0.163	0.048	0.163	-0.005	0.163	-0.015
0.164	0.042	0.164	-0.003	0.164	-0.015
0.165	0.048	0.165	0.003	0.165	-0.003
0.166	0.066	0.166	0.002	0.166	-0.001
0.167	0.057	0.167	0.020	0.167	0.011
0.168	0.051	0.168	0.012	0.168	0.009
0.169	0.060	0.169	0.022	0.169	0.014
0.170	0.068	0.170	0.029	0.170	0.015
0.171	0.061	0.171	0.025	0.171	0.026
0.172	0.066	0.172	0.026	0.172	0.023
0.173	0.077	0.173	0.028	0.173	0.035
0.174	0.069	0.174	0.035	0.174	0.045
0.175	0.068	0.175	0.042	0.175	0.037
0.176	0.083	0.176	0.046	0.176	0.042
0.177	0.086	0.177	0.046	0.177	0.049
0.178	0.089	0.178	0.058	0.178	0.045
0.179	0.094	0.179	0.058	0.179	0.054
0.180	0.077	0.180	0.061	0.180	0.057
0.181	0.077	0.181	0.071	0.181	0.066
0.182	0.092	0.182	0.058	0.182	0.058
0.183	0.095	0.183	0.075	0.183	0.075
0.184	0.100	0.184	0.081	0.184	0.066
0.185	0.100	0.185	0.077	0.185	0.078
0.186	0.101	0.186	0.075	0.186	0.081
0.187	0.115	0.187	0.092	0.187	0.092
0.188	0.107	0.188	0.086	0.188	0.091
0.189	0.100	0.189	0.104	0.189	0.097
0.190	0.121	0.190	0.100	0.190	0.092
0.191	0.114	0.191	0.098	0.191	0.104
0.192	0.115	0.192	0.100	0.192	0.106
0.193	0.130	0.193	0.104	0.193	0.115
0.194	0.126	0.194	0.101	0.194	0.117
0.195	0.124	0.195	0.111	0.195	0.118
0.196	0.117	0.196	0.118	0.196	0.118
0.197	0.129	0.197	0.103	0.197	0.120
0.198	0.129	0.198	0.118	0.198	0.135
0.199	0.140	0.199	0.121	0.199	0.135
0.200	0.143	0.200	0.137	0.200	0.140
0.201	0.130	0.201	0.124	0.201	0.143
0.202	0.152	0.202	0.124	0.202	0.147
0.203	0.141	0.203	0.130	0.203	0.141
0.204	0.146	0.204	0.134	0.204	0.158
0.205	0.157	0.205	0.134	0.205	0.153
0.206	0.144	0.206	0.140	0.206	0.153
0.207	0.152	0.207	0.138	0.207	0.160
0.208	0.157	0.208	0.144	0.208	0.160
0.209	0.167	0.209	0.150	0.209	0.166
0.210	0.163	0.210	0.160	0.210	0.164
0.211	0.170	0.211	0.140	0.211	0.180
0.212	0.161	0.212	0.143	0.212	0.178
0.213	0.175	0.213	0.167	0.213	0.180
0.214	0.186	0.214	0.163	0.214	0.176
0.215	0.175	0.215	0.163	0.215	0.178
0.216	0.167	0.216	0.170	0.216	0.184
0.217	0.181	0.217	0.155	0.217	0.199
0.218	0.175	0.218	0.178	0.218	0.178
0.219	0.183	0.219	0.178	0.219	0.198
0.220	0.183	0.220	0.173	0.220	0.181
0.221	0.183	0.221	0.178	0.221	0.186
0.222	0.175	0.222	0.193	0.222	0.198
0.223	0.189	0.223	0.187	0.223	0.210
0.224	0.198	0.224	0.170	0.224	0.198
0.225	0.187	0.225	0.187	0.225	0.204
0.226	0.187	0.226	0.195	0.226	0.218
0.227	0.203	0.227	0.196	0.227	0.201
0.228	0.212	0.228	0.190	0.228	0.224
0.229	0.213	0.229	0.192	0.229	0.218
0.230	0.221	0.230	0.195	0.230	0.230
0.231	0.218	0.231	0.199	0.231	0.229
0.232	0.215	0.232	0.201	0.232	0.229
0.233	0.207	0.233	0.207	0.233	0.233
0.234	0.216	0.234	0.209	0.234	0.230
0.235	0.222	0.235	0.213	0.235	0.229
0.236	0.213	0.236	0.215	0.236	0.232
0.237	0.224	0.237	0.219	0.237	0.242
0.238	0.235	0.238	0.219	0.238	0.232
0.239	0.230	0.239	0.227	0.239	0.235
0.240	0.249	0.240	0.216	0.240	0.239
0.241	0.233	0.241	0.226	0.241	0.245
0.242	0.239	0.242	0.226	0.242	0.253
0.243	0.236	0.243	0.233	0.243	0.249
0.244	0.232	0.244	0.235	0.244	0.250
0.245	0.242	0.245	0.238	0.245	0.249
0.246	0.242	0.246	0.241	0.246	0.255
0.247	0.259	0.247	0.242	0.247	0.268
0.248	0.247	0.248	0.250	0.248	0.268
0.249	0.261	0.249	0.256	0.249	0.265
0.250	0.253	0.250	0.255	0.250	0.278
0.251	0.264	0.251	0.267	0.251	0.273
0.252	0.262	0.252	0.249	0.252	0.282
0.253	0.267	0.253	0.261	0.253	0.282
0.254	0.265	0.254	0.264	0.254	0.295
0.255	0.272	0.255	0.267	0.255	0.276
0.256	0.288	0.256	0.265	0.256	0.287
0.257	0.281	0.257	0.272	0.257	0.293
0.258	0.278	0.258	0.275	0.258	0.298
0.259	0.287	0.259	0.267	0.259	0.305
0.260	0.279	0.260	0.284	0.260	0.301
0.261	0.290	0.261	0.288	0.261	0.302
0.262	0.295	0.262	0.290	0.262	0.291
0.263	0.304	0.263	0.295	0.263	0.313
0.264	0.302	0.264	0.299		
0.265	0.301	0.265	0.288		
0.266	0.299	0.266	0.299		
0.267	0.313	0.267	0.311		
0.268	0.302	0.268	0.311		
0.269	0.302	0.269	0.308		
0.270	0.328	0.270	0.310		
0.271	0.318	0.271	0.305		
0.272	0.324	0.272	0.322		
0.273	0.338	0.273	0.321		
0.274	0.322	0.274	0.318		
0.275	0.330	0.275	0.330		
0.276	0.333	0.276	0.339		
0.277	0.336	0.277	0.333		
0.278	0.345	0.278	0.341		
0.279	0.331	0.279	0.338		
0.280	0.348	0.280	0.353		
0.281	0.345	0.281	0.345		
0.282	0.338	0.282	0.356		
0.283	0.364	0.283	0.356		
0.284	0.351	0.284	0.364		
0.285	0.354	0.285	0.362		
0.286	0.357	0.286	0.374		
0.287	0.359	0.287	0.380		
0.288	0.356	0.288	0.385		
0.289	0.359	0.289	0.385		
0.290	0.377	0.290	0.385		
0.291	0.373	0.291	0.402		
0.292	0.367	0.292	0.387		
0.293	0.376	0.293	0.403		
0.294	0.379	0.294	0.405		
0.295	0.380	0.295	0.411		
0.296	0.385	0.296	0.405		
0.297	0.384	0.297	0.414		
0.298	0.387	0.298	0.410		
0.299	0.390	0.299	0.433		
0.300	0.394	0.300	0.437		
0.301	0.400	0.301	0.443		
0.302	0.403	0.302	0.439		
0.303	0.413	0.303	0.451		
0.304	0.408	0.304	0.436		
0.305	0.414	0.305	0.448		
0.306	0.410	0.306	0.456		
0.307	0.425	0.307	0.460		
0.308	0.437	0.308	0.472		
0.309	0.436	0.309	0.492		
0.310	0.442	0.310	0.474		
0.311	0.433	0.311	0.488		
0.312	0.430	0.312	0.500		
0.313	0.439	0.313	0.503		
0.314	0.436	0.314	0.508		
0.315	0.457	0.315	0.511		
0.316	0.449	0.316	0.514		
0.317	0.454	0.317	0.528		
0.318	0.456	0.318	0.528		
0.319	0.465	0.319	0.525		
0.320	0.472	0.320	0.534		
0.321	0.469	0.321	0.546		
0.322	0.463	0.322	0.538		
0.323	0.488	0.323	0.541		
0.324	0.489	0.324	0.554		
0.325	0.489	0.325	0.554		
0.326	0.499	0.326	0.571		
0.327	0.502	0.327	0.589		
0.328	0.499	0.328	0.583		
0.329	0.509	0.329	0.595		
0.330	0.523	0.330	0.595		
0.331	0.517	0.331	0.595		
0.332	0.525	0.332	0.601		
0.333	0.535	0.333	0.615		
0.334	0.537	0.334	0.620		
0.335	0.528	0.335	0.624		
0.336	0.543	0.336	0.637		
0.337	0.537	0.337	0.646		
0.338	0.552	0.338	0.640		
0.339	0.558	0.339	0.650		
0.340	0.568	0.340	0.661		
0.341	0.563	0.341	0.666		
0.342	0.584	0.342	0.650		
0.343	0.569	0.343	0.669		
0.344	0.584	0.344	0.675		
0.345	0.584	0.345	0.689		
0.346	0.592	0.346	0.692		
0.347	0.592	0.347	0.699		
0.348	0.603	0.348	0.701		
0.349	0.603	0.349	0.718		
0.350	0.598	0.350	0.738		
0.351	0.620	0.351	0.732		
0.352	0.614	0.352	0.733		
0.353	0.635	0.353	0.742		
0.354	0.632	0.354	0.742		
0.355	0.635	0.355	0.747		
0.356	0.653	0.356	0.767		
0.357	0.658	0.357	0.765		
0.358	0.663	0.358	0.775		
0.359	0.658	0.359	0.779		
0.360	0.663	0.360	0.788		
0.361	0.667	0.361	0.790		
0.362	0.696	0.362	0.784		
0.363	0.683	0.363	0.811		
0.364	0.686	0.364	0.807		
0.365	0.693	0.365	0.804		
0.366	0.706	0.366	0.816		
0.367	0.719	0.367	0.821		
0.368	0.710	0.368	0.850		
0.369	0.726	0.369	0.841		
0.370	0.716	0.370	0.842		
0.371	0.730	0.371	0.854		
0.372	0.729	0.372	0.867		
0.373	0.736	0.373	0.860		
0.374	0.745	0.374	0.887		
0.375	0.761	0.375	0.873		
0.376	0.767	0.376	0.885		
0.377	0.772	0.377	0.900		
0.378	0.775	0.378	0.903		
0.379	0.784	0.379	0.926		
0.380	0.793	0.380	0.908		
0.381	0.799	0.381	0.913		
0.382	0.804	0.382	0.937		
0.383	0.822	0.383	0.934		
0.384	0.822	0.384	0.936		
0.385	0.816	0.385	0.942		
0.386	0.813	0.386	0.954		
0.387	0.841	0.387	0.965		
0.388	0.845	0.388	0.971		
0.389	0.844	0.389	0.976		
0.390	0.847	0.390	0.957		
0.391	0.856	0.391	0.994		
0.392	0.839	0.392	0.982		
0.393	0.879	0.393	0.971		
0.394	0.877	0.394	1.002		
0.395	0.883	0.395	1.011		
0.396	0.880	0.396	1.018		
0.397	0.903	0.397	1.018		
0.398	0.903	0.398	1.011		
0.399	0.908	0.399	1.026		
0.400	0.925	0.400	1.026		
0.401	0.930	0.401	1.029		
0.402	0.937	0.402	1.049		
0.403	0.934	0.403	1.046		
0.404	0.939	0.404	1.058		
0.405	0.959	0.405	1.052		
0.406	0.966	0.406	1.063		
0.407	0.956	0.407	1.084		
0.408	0.951	0.408	1.071		
0.409	0.971	0.409	1.081		
0.410	0.974	0.410	1.083		
0.411	0.982	0.411	1.086		
0.412	0.971	0.412	1.092		
0.413	0.997	0.413	1.100		
0.414	0.997	0.414	1.101		
0.415	1.002	0.415	1.098		
0.416	1.008	0.416	1.117		
0.417	1.034	0.417	1.110		
0.418	1.023	0.418	1.123		
0.419	1.028	0.419	1.123		
0.420	1.032	0.420	1.126		
0.421	1.045	0.421	1.121		
0.422	1.029	0.422	1.140		
0.423	1.040	0.423	1.150		
0.424	1.061	0.424	1.141		
0.425	1.063	0.425	1.155		
0.426	1.057	0.426	1.135		
0.427	1.061	0.427	1.152		
0.428	1.081	0.428	1.144		
0.429	1.078	0.429	1.152		
0.430	1.072	0.430	1.143		
0.431	1.094	0.431	1.173		
0.432	1.084	0.432	1.166		
0.433	1.087	0.433	1.173		
0.434	1.101	0.434	1.164		
0.435	1.106	0.435	1.176		
0.436	1.101	0.436	1.183		
0.437	1.106	0.437	1.192		
0.438	1.123	0.438	1.186		
0.439	1.129	0.439	1.180		
0.440	1.117	0.440	1.176		
0.441	1.127	0.441	1.203		
0.442	1.126	0.442	1.184		
0.443	1.153	0.443	1.186		
0.444	1.140	0.444	1.206		
0.445	1.140	0.445	1.207		
0.446	1.143	0.446	1.215		
0.447	1.143	0.447	1.210		
0.448	1.138	0.448	1.210		
0.449	1.144	0.449	1.209		
0.450	1.149	0.450	1.212		
0.451	1.164	0.451	1.224		
0.452	1.155	0.452	1.247		
0.453	1.187	0.453	1.229		
0.454	1.163	0.454	1.238		
0.455	1.190	0.455	1.245		
0.456	1.180	0.456	1.236		
0.457	1.187	0.457	1.242		
0.458	1.198	0.458	1.259		
0.459	1.187	0.459	1.252		
0.460	1.192	0.460	1.268		
0.461	1.206	0.461	1.264		
0.462	1.212	0.462	1.258		
0.463	1.206	0.463	1.276		
0.464	1.236	0.464	1.285		
0.465	1.222	0.465	1.287		
0.466	1.232	0.466	1.290		
0.467	1.235	0.467	1.311		
0.468	1.256	0.468	1.308		
0.469	1.241	0.469	1.321		
0.470	1.239	0.470	1.322		
0.471	1.267	0.471	1.330		
0.472	1.259	0.472	1.351		
0.473	1.268	0.473	1.342		
0.474	1.265	0.474	1.356		
0.475	1.272	0.475	1.351		
0.476	1.291	0.476	1.377		
0.477	1.295	0.477	1.367		
0.478	1.296	0.478	1.374		
0.479	1.310	0.479	1.379		
0.480	1.313	0.480	1.374		
0.481	1.316	0.481	1.403		
0.482	1.319	0.482	1.397		
0.483	1.327	0.483	1.406		
0.484	1.341	0.484	1.417		
0.485	1.356	0.485	1.414		
0.486	1.354	0.486	1.429		
0.487	1.353	0.487	1.417		
0.488	1.362	0.488	1.420		
0.489	1.357	0.489	1.437		
0.490	1.368	0.490	1.436		
0.491	1.387	0.491	1.460		
0.492	1.379	0.492	1.445		
0.493	1.385	0.493	1.448		
0.494	1.402	0.494	1.459		
0.495	1.396	0.495	1.474		
0.496	1.419	0.496	1.477		
0.497	1.423	0.497	1.480		
0.498	1.416	0.498	1.506		
0.499	1.439	0.499	1.517		
0.500	1.431	0.500	1.511		
0.501	1.440	0.501	1.509		
0.502	1.462	0.502	1.500		
0.503	1.469	0.503	1.548		
0.504	1.488	0.504	1.558		
0.505	1.494	0.505	1.552		
0.506	1.505	0.506	1.561		
0.507	1.515	0.507	1.587		
0.508	1.518	0.508	1.597		
0.509	1.535	0.509	1.630		
0.510	1.589	0.510	1.653		
0.511	1.612	0.511	1.661		
0.512	1.660	0.512	1.702		
0.513	1.679	0.513	1.759		
0.514	1.712	0.514	1.790		
0.515	1.764	0.515	1.836		
0.516	1.816	0.516	1.894		
0.517	1.859	0.517	1.919		
0.518	1.937	0.518	1.997		
0.519	1.988	0.519	2.077		
0.520	2.046	0.520	2.138		
0.521	2.155	0.521	2.209		
0.522	2.170	0.522	2.259		
0.523	2.276	0.523	2.360		
0.524	2.371	0.524	2.452		
0.525	2.419	0.525	2.534		
0.526	2.529	0.526	2.624		
0.527	2.643	0.527	2.727		
0.528	2.707	0.528	2.850		
0.529	2.810	0.529	2.945		
0.530	2.893	0.530	2.998		
0.531	3.025	0.531	3.132		
0.532	3.084	0.532	3.193		
0.533	3.172	0.533	3.273		
0.534	3.264	0.534	3.353		
0.535	3.324	0.535	3.416		
0.536	3.379	0.536	3.500		
0.537	3.440	0.537	3.540		
0.538	3.491	0.538	3.624		
0.539	3.552	0.539	3.661		
0.540	3.609	0.540	3.695		
0.541	3.623	0.541	3.715		
0.542	3.650	0.542	3.699		
0.543	3.681	0.543	3.776		
0.544	3.692	0.544	3.767		
0.545	3.716	0.545	3.787		
0.546	3.684	0.546	3.768		
0.547	3.701	0.547	3.790		
0.548	3.690	0.548	3.781		
0.549	3.702	0.549	3.756		
0.550	3.659	0.550	3.728		
0.551	3.647	0.551	3.699		
0.552	3.618	0.552	3.638		
0.553	3.571	0.553	3.630		
0.554	3.512	0.554	3.595		
0.555	3.523	0.555	3.561		
0.556	3.451	0.556	3.478		
0.557	3.393	0.557	3.480		
0.558	3.386	0.558	3.426		
0.559	3.339	0.559	3.377		
0.560	3.307	0.560	3.284		
0.561	3.206	0.561	3.250		
0.562	3.204	0.562	3.210		
0.563	3.173	0.563	3.184		
0.564	3.101	0.564	3.095		
0.565	3.071	0.565	3.075		
0.566	2.979	0.566	3.012		
0.567	2.949	0.567	2.933		
0.568	2.902	0.568	2.911		
0.569	2.834	0.569	2.862		
0.570	2.793	0.570	2.813		
0.571	2.748	0.571	2.771		
0.572	2.644	0.572	2.718		
0.573	2.686	0.573	2.673		
0.574	2.623	0.574	2.621		
0.575	2.558	0.575	2.589		
0.576	2.563	0.576	2.558		
0.577	2.466	0.577	2.514		
0.578	2.443	0.578	2.486		
0.579	2.451	0.579	2.454		
0.580	2.388	0.580	2.422		
0.581	2.340	0.581	2.382		
0.582	2.328	0.582	2.333		
0.583	2.293	0.583	2.331		
0.584	2.232	0.584	2.265		
0.585	2.218	0.585	2.264		
0.586	2.163	0.586	2.219		
0.587	2.192	0.587	2.170		
0.588	2.115	0.588	2.149		
0.589	2.103	0.589	2.127		
0.590	2.078	0.590	2.124		
0.591	2.040	0.591	2.086		
0.592	2.014	0.592	2.034		
0.593	2.000	0.593	2.055		
0.594	1.969	0.594	2.002		
0.595	1.979	0.595	1.982		
0.596	1.926	0.596	1.963		
0.597	1.914	0.597	1.937		
0.598	1.903	0.598	1.943		
0.599	1.911	0.599	1.902		
0.600	1.830	0.600	1.887		
0.601	1.816	0.601	1.853		
0.602	1.808	0.602	1.822		
0.603	1.801	0.603	1.824		
0.604	1.785	0.604	1.819		
0.605	1.775	0.605	1.804		
0.606	1.716	0.606	1.756		
0.607	1.712	0.607	1.744		
0.608	1.707	0.608	1.735		
0.609	1.652	0.609	1.722		
0.610	1.661	0.610	1.690		
0.611	1.669	0.611	1.669		
0.612	1.640	0.612	1.650		
0.613	1.620	0.613	1.629		
0.614	1.594	0.614	1.623		
0.615	1.591	0.615	1.612		
0.616	1.575	0.616	1.587		
0.617	1.551	0.617	1.564		
0.618	1.552	0.618	1.603		
0.619	1.532	0.619	1.538		
0.620	1.486	0.620	1.568		
0.621	1.500	0.621	1.540		
0.622	1.440	0.622	1.520		
0.623	1.486	0.623	1.502		
0.624	1.477	0.624	1.489		
0.625	1.457	0.625	1.480		
0.626	1.422	0.626	1.456		
0.627	1.433	0.627	1.448		
0.628	1.437	0.628	1.448		
0.629	1.396	0.629	1.411		
0.630	1.393	0.630	1.410		
0.631	1.397	0.631	1.390		
0.632	1.347	0.632	1.382		
0.633	1.360	0.633	1.380		
0.634	1.334	0.634	1.368		
0.635	1.322	0.635	1.330		
0.636	1.308	0.636	1.325		
0.637	1.305	0.637	1.308		
0.638	1.279	0.638	1.308		
0.639	1.278	0.639	1.285		
0.640	1.278	0.640	1.295		
0.641	1.245	0.641	1.282		
0.642	1.244	0.642	1.235		
0.643	1.221	0.643	1.268		
0.644	1.210	0.644	1.256		
0.645	1.221	0.645	1.236		
0.646	1.219	0.646	1.245		
0.647	1.192	0.647	1.216		
0.648	1.176	0.648	1.206		
0.649	1.178	0.649	1.198		
0.650	1.180	0.650	1.206		
0.651	1.169	0.651	1.183		
0.652	1.163	0.652	1.189		
0.653	1.138	0.653	1.190		
0.654	1.118	0.654	1.150		
0.655	1.140	0.655	1.150		
0.656	1.130	0.656	1.147		
0.657	1.110	0.657	1.140		
0.658	1.126	0.658	1.143		
0.659	1.118	0.659	1.150		
0.660	1.106	0.660	1.123		
0.661	1.110	0.661	1.138		
0.662	1.071	0.662	1.110		
0.663	1.078	0.663	1.097		
0.664	1.069	0.664	1.092		
0.665	1.075	0.665	1.114		
0.666	1.089	0.666	1.081		
0.667	1.061	0.667	1.080		
0.668	1.064	0.668	1.063		
0.669	1.041	0.669	1.069		
0.670	1.041	0.670	1.071		
0.671	1.038	0.671	1.051		
0.672	1.018	0.672	1.054		
0.673	1.045	0.673	1.032		
0.674	1.041	0.674	1.054		
0.675	1.038	0.675	1.046		
0.676	1.020	0.676	1.046		
0.677	1.031	0.677	1.026		
0.678	1.025	0.678	1.031		
0.679	1.023	0.679	1.060		
0.680	1.046	0.680	1.022		
0.681	1.014	0.681	1.038		
0.682	1.043	0.682	1.034		
0.683	1.025	0.683	1.051		
0.684	1.034	0.684	1.040		
0.685	1.043	0.685	1.046		
0.686	1.008	0.686	1.035		
0.687	0.989	0.687	1.029		
0.688	1.026	0.688	1.051		
0.689	1.020	0.689	1.018		
0.690	1.000	0.690	1.038		
0.691	1.018	0.691	1.031		
0.692	1.028	0.692	1.011		
0.693	1.035	0.693	1.034		
0.694	1.009	0.694	1.034		
0.695	1.022	0.695	1.032		
0.696	1.008	0.696	1.034		
0.697	1.022	0.697	1.032		
0.698	1.014	0.698	1.018		
0.699	1.035	0.699	1.031		
0.700	1.031	0.700	1.025		
0.701	1.005	0.701	1.038		
0.702	1.025	0.702	1.045		
0.703	1.043	0.703	1.034		
0.704	1.025	0.704	1.034		
0.705	1.048	0.705	1.048		
0.706	1.029	0.706	1.049		
0.707	1.045	0.707	1.058		
0.708	1.048	0.708	1.051		
0.709	1.051	0.709	1.066		
0.710	1.054	0.710	1.051		
0.711	1.075	0.711	1.083		
0.712	1.055	0.712	1.054		
0.713	1.054	0.713	1.077		
0.714	1.060	0.714	1.069		
0.715	1.064	0.715	1.081		
0.716	1.074	0.716	1.077		
0.717	1.071	0.717	1.072		
0.718	1.077	0.718	1.072		
0.719	1.091	0.719	1.106		
0.720	1.087	0.720	1.103		
0.721	1.094	0.721	1.104		
0.722	1.066	0.722	1.115		
0.723	1.097	0.723	1.118		
0.724	1.112	0.724	1.106		
0.725	1.123	0.725	1.124		
0.726	1.118	0.726	1.126		
0.727	1.129	0.727	1.146		
0.728	1.137	0.728	1.138		
0.729	1.141	0.729	1.144		
0.730	1.147	0.730	1.150		
0.731	1.150	0.731	1.153		
0.732	1.147	0.732	1.152		
0.733	1.135	0.733	1.181		
0.734	1.140	0.734	1.175		
0.735	1.158	0.735	1.172		
0.736	1.186	0.736	1.175		
0.737	1.180	0.737	1.192		
0.738	1.196	0.738	1.196		
0.739	1.192	0.739	1.215		
0.740	1.186	0.740	1.218		
0.741	1.212	0.741	1.213		
0.742	1.212	0.742	1.186		
0.743	1.201	0.743	1.221		
0.744	1.215	0.744	1.226		
0.745	1.239	0.745	1.242		
0.746	1.226	0.746	1.249		
0.747	1.244	0.747	1.244		
0.748	1.244	0.748	1.242		
0.749	1.242	0.749	1.273		
0.750	1.273	0.750	1.281		
0.751	1.264	0.751	1.267		
0.752	1.291	0.752	1.279		
0.753	1.259	0.753	1.290		
0.754	1.272	0.754	1.296		
0.755	1.296	0.755	1.304		
0.756	1.307	0.756	1.311		
0.757	1.308	0.757	1.325		
0.758	1.310	0.758	1.333		
0.759	1.307	0.759	1.333		
0.760	1.342	0.760	1.322		
0.761	1.336	0.761	1.347		
0.762	1.356	0.762	1.341		
0.763	1.348	0.763	1.368		
0.764	1.351	0.764	1.348		
0.765	1.367	0.765	1.385		
0.766	1.374	0.766	1.371		
0.767	1.380	0.767	1.373		
0.768	1.397	0.768	1.388		
0.769	1.414	0.769	1.394		
0.770	1.399	0.770	1.417		
0.771	1.420	0.771	1.431		
0.772	1.379	0.772	1.448		
0.773	1.431	0.773	1.446		
0.774	1.434	0.774	1.439		
0.775	1.465	0.775	1.448		
0.776	1.454	0.776	1.454		
0.777	1.482	0.777	1.479		
0.778	1.471	0.778	1.486		
0.779	1.474	0.779	1.503		
0.780	1.486	0.780	1.495		
0.781	1.511	0.781	1.517		
0.782	1.499	0.782	1.518		
0.783	1.508	0.783	1.505		
0.784	1.517	0.784	1.509		
0.785	1.531	0.785	1.545		
0.786	1.545	0.786	1.555		
0.787	1.541	0.787	1.564		
0.788	1.587	0.788	1.572		
0.789	1.569	0.789	1.578		
0.790	1.594	0.790	1.572		
0.791	1.586	0.791	1.600		
0.792	1.604	0.792	1.598		
0.793	1.635	0.793	1.607		
0.794	1.627	0.794	1.623		
0.795	1.655	0.795	1.637		
0.796	1.646	0.796	1.653		
0.797	1.641	0.797	1.655		
0.798	1.681	0.798	1.684		
0.799	1.663	0.799	1.690		
0.800	1.423	0.800	1.453		
0.799	1.092	0.799	1.072		
0.798	0.791	0.798	0.781		
0.797	0.528	0.797	0.551		
0.796	0.344	0.796	0.334		
0.795	0.183	0.795	0.173		
0.794	0.054	0.794	0.055		
0.793	-0.055	0.793	-0.047		
0.792	-0.146	0.792	-0.129		
0.791	-0.192	0.791	-0.198		
0.790	-0.261	0.790	-0.261		
0.789	-0.343	0.789	-0.305		
0.788	-0.370	0.788	-0.348		
0.787	-0.408	0.787	-0.399		
0.786	-0.445	0.786	-0.442		
0.785	-0.466	0.785	-0.455		
0.784	-0.488	0.784	-0.500		
0.783	-0.506	0.783	-0.517		
0.782	-0.534	0.782	-0.518		
0.781	-0.549	0.781	-0.544		
0.780	-0.566	0.780	-0.567		
0.779	-0.590	0.779	-0.584		
0.778	-0.613	0.778	-0.589		
0.777	-0.603	0.777	-0.612		
0.776	-0.609	0.776	-0.621		
0.775	-0.647	0.775	-0.620		
0.774	-0.630	0.774	-0.646		
0.773	-0.662	0.773	-0.659		
0.772	-0.681	0.772	-0.673		
0.771	-0.679	0.771	-0.684		
0.770	-0.702	0.770	-0.693		
0.769	-0.692	0.769	-0.689		
0.768	-0.707	0.768	-0.696		
0.767	-0.718	0.767	-0.718		
0.766	-0.719	0.766	-0.721		
0.765	-0.713	0.765	-0.731		
0.764	-0.722	0.764	-0.756		
0.763	-0.727	0.763	-0.742		
0.762	-0.728	0.762	-0.745		
0.761	-0.753	0.761	-0.751		
0.760	-0.741	0.760	-0.754		
0.759	-0.758	0.759	-0.761		
0.758	-0.758	0.758	-0.767		
0.757	-0.779	0.757	-0.765		
0.756	-0.777	0.756	-0.771		
0.755	-0.774	0.755	-0.796		
0.754	-0.799	0.754	-0.773		
0.753	-0.782	0.753	-0.794		
0.752	-0.784	0.752	-0.776		
0.751	-0.787	0.751	-0.808		
0.750	-0.790	0.750	-0.802		
0.749	-0.787	0.749	-0.799		
0.748	-0.771	0.748	-0.811		
0.747	-0.800	0.747	-0.802		
0.746	-0.811	0.746	-0.805		
0.745	-0.805	0.745	-0.817		
0.744	-0.800	0.744	-0.816		
0.743	-0.839	0.743	-0.802		
0.742	-0.827	0.742	-0.828		
0.741	-0.834	0.741	-0.819		
0.740	-0.840	0.740	-0.819		
0.739	-0.837	0.739	-0.822		
0.738	-0.843	0.738	-0.831		
0.737	-0.802	0.737	-0.839		
0.736	-0.842	0.736	-0.837		
0.735	-0.811	0.735	-0.834		
0.734	-0.819	0.734	-0.836		
0.733	-0.840	0.733	-0.833		
0.732	-0.819	0.732	-0.848		
0.731	-0.830	0.731	-0.837		
0.730	-0.827	0.730	-0.854		
0.729	-0.848	0.729	-0.865		
0.728	-0.845	0.728	-0.866		
0.727	-0.837	0.727	-0.828		
0.726	-0.839	0.726	-0.848		
0.725	-0.834	0.725	-0.827		
0.724	-0.828	0.724	-0.868		
0.723	-0.854	0.723	-0.850		
0.722	-0.854	0.722	-0.851		
0.721	-0.825	0.721	-0.863		
0.720	-0.850	0.720	-0.870		
0.719	-0.845	0.719	-0.866		
0.718	-0.850	0.718	-0.860		
0.717	-0.870	0.717	-0.862		
0.716	-0.843	0.716	-0.848		
0.715	-0.846	0.715	-0.860		
0.714	-0.853	0.714	-0.850		
0.713	-0.842	0.713	-0.876		
0.712	-0.871	0.712	-0.865		
0.711	-0.848	0.711	-0.868		
0.710	-0.877	0.710	-0.846		
0.709	-0.860	0.709	-0.873		
0.708	-0.870	0.708	-0.883		
0.707	-0.865	0.707	-0.873		
0.706	-0.862	0.706	-0.854		
0.705	-0.845	0.705	-0.882		
0.704	-0.863	0.704	-0.859		
0.703	-0.877	0.703	-0.865		
0.702	-0.868	0.702	-0.850		
0.701	-0.868	0.701	-0.856		
0.700	-0.856	0.700	-0.863		
0.699	-0.859	0.699	-0.863		
0.698	-0.873	0.698	-0.870		
0.697	-0.894	0.697	-0.874		
0.696	-0.856	0.696	-0.873		
0.695	-0.859	0.695	-0.877		
0.694	-0.865	0.694	-0.877		
0.693	-0.880	0.693	-0.871		
0.692	-0.868	0.692	-0.879		
0.691	-0.877	0.691	-0.894		
0.690	-0.853	0.690	-0.899		
0.689	-0.863	0.689	-0.882		
0.688	-0.865	0.688	-0.879		
0.687	-0.865	0.687	-0.896		
0.686	-0.891	0.686	-0.883		
0.685	-0.885	0.685	-0.886		
0.684	-0.883	0.684	-0.916		
0.683	-0.880	0.683	-0.908		
0.682	-0.908	0.682	-0.900		
0.681	-0.889	0.681	-0.899		
0.680	-0.889	0.680	-0.903		
0.679	-0.889	0.679	-0.905		
0.678	-0.934	0.678	-0.928		
0.677	-0.919	0.677	-0.911		
0.676	-0.879	0.676	-0.905		
0.675	-0.888	0.675	-0.920		
0.674	-0.926	0.674	-0.909		
0.673	-0.942	0.673	-0.925		
0.672	-0.923	0.672	-0.906		
0.671	-0.912	0.671	-0.923		
0.670	-0.934	0.670	-0.926		
0.669	-0.914	0.669	-0.945		
0.668	-0.940	0.668	-0.949		
0.667	-0.928	0.667	-0.942		
0.666	-0.951	0.666	-0.966		
0.665	-0.948	0.665	-0.948		
0.664	-0.942	0.664	-0.929		
0.663	-0.957	0.663	-0.966		
0.662	-0.965	0.662	-0.975		
0.661	-0.945	0.661	-0.968		
0.660	-0.963	0.660	-0.965		
0.659	-0.994	0.659	-0.989		
0.658	-0.975	0.658	-1.021		
0.657	-0.998	0.657	-0.992		
0.656	-0.994	0.656	-1.009		
0.655	-1.009	0.655	-1.003		
0.654	-1.015	0.654	-1.015		
0.653	-1.014	0.653	-1.037		
0.652	-1.015	0.652	-1.021		
0.651	-1.049	0.651	-1.034		
0.650	-1.054	0.650	-1.024		
0.649	-1.035	0.649	-1.043		
0.648	-1.052	0.648	-1.035		
0.647	-1.050	0.647	-1.075		
0.646	-1.070	0.646	-1.047		
0.645	-1.078	0.645	-1.098		
0.644	-1.113	0.644	-1.077		
0.643	-1.081	0.643	-1.093		
0.642	-1.093	0.642	-1.104		
0.641	-1.129	0.641	-1.126		
0.640	-1.116	0.640	-1.113		
0.639	-1.138	0.639	-1.138		
0.638	-1.149	0.638	-1.147		
0.637	-1.144	0.637	-1.150		
0.636	-1.162	0.636	-1.178		
0.635	-1.167	0.635	-1.189		
0.634	-1.176	0.634	-1.176		
0.633	-1.196	0.633	-1.221		
0.632	-1.184	0.632	-1.212		
0.631	-1.219	0.631	-1.219		
0.630	-1.241	0.630	-1.218		
0.629	-1.261	0.629	-1.235		
0.628	-1.284	0.628	-1.258		
0.627	-1.244	0.627	-1.297		
0.626	-1.276	0.626	-1.290		
0.625	-1.296	0.625	-1.290		
0.624	-1.311	0.624	-1.319		
0.623	-1.310	0.623	-1.334		
0.622	-1.319	0.622	-1.339		
0.621	-1.337	0.621	-1.368		
0.620	-1.360	0.620	-1.391		
0.619	-1.388	0.619	-1.383		
0.618	-1.396	0.618	-1.420		
0.617	-1.411	0.617	-1.385		
0.616	-1.446	0.616	-1.448		
0.615	-1.442	0.615	-1.446		
0.614	-1.451	0.614	-1.477		
0.613	-1.481	0.613	-1.498		
0.612	-1.488	0.612	-1.500		
0.611	-1.518	0.611	-1.520		
0.610	-1.547	0.610	-1.547		
0.609	-1.549	0.609	-1.532		
0.608	-1.573	0.608	-1.610		
0.607	-1.578	0.607	-1.624		
0.606	-1.609	0.606	-1.603		
0.605	-1.615	0.605	-1.612		
0.604	-1.646	0.604	-1.685		
0.603	-1.658	0.603	-1.675		
0.602	-1.701	0.602	-1.721		
0.601	-1.693	0.601	-1.735		
0.600	-1.750	0.600	-1.738		
0.599	-1.747	0.599	-1.747		
0.598	-1.770	0.598	-1.802		
0.597	-1.811	0.597	-1.814		
0.596	-1.807	0.596	-1.845		
0.595	-1.860	0.595	-1.857		
0.594	-1.866	0.594	-1.896		
0.593	-1.889	0.593	-1.929		
0.592	-1.912	0.592	-1.938		
0.591	-1.937	0.591	-1.949		
0.590	-1.988	0.590	-1.997		
0.589	-1.986	0.589	-2.004		
0.588	-2.031	0.588	-2.061		
0.587	-2.046	0.587	-2.069		
0.586	-2.060	0.586	-2.119		
0.585	-2.119	0.585	-2.126		
0.584	-2.126	0.584	-2.142		
0.583	-2.170	0.583	-2.149		
0.582	-2.184	0.582	-2.213		
0.581	-2.227	0.581	-2.247		
0.580	-2.233	0.580	-2.277		
0.579	-2.305	0.579	-2.331		
0.578	-2.346	0.578	-2.336		
0.577	-2.331	0.577	-2.383		
0.576	-2.399	0.576	-2.383		
0.575	-2.408	0.575	-2.457		
0.574	-2.442	0.574	-2.486		
0.573	-2.480	0.573	-2.497		
0.572	-2.532	0.572	-2.512		
0.571	-2.564	0.571	-2.609		
0.570	-2.610	0.570	-2.624		
0.569	-2.638	0.569	-2.659		
0.568	-2.701	0.568	-2.728		
0.567	-2.725	0.567	-2.773		
0.566	-2.807	0.566	-2.797		
0.565	-2.833	0.565	-2.854		
0.564	-2.871	0.564	-2.914		
0.563	-2.955	0.563	-2.966		
0.562	-2.992	0.562	-3.003		
0.561	-3.044	0.561	-3.070		
0.560	-3.132	0.560	-3.127		
0.559	-3.152	0.559	-3.187		
0.558	-3.228	0.558	-3.271		
0.557	-3.282	0.557	-3.271		
0.556	-3.346	0.556	-3.371		
0.555	-3.423	0.555	-3.461		
0.554	-3.500	0.554	-3.480		
0.553	-3.557	0.553	-3.567		
0.552	-3.618	0.552	-3.641		
0.551	-3.681	0.551	-3.716		
0.550	-3.767	0.550	-3.788		
0.549	-3.813	0.549	-3.860		
0.548	-3.892	0.548	-3.949		
0.547	-3.977	0.547	-4.003		
0.546	-4.006	0.546	-4.043		
0.545	-4.069	0.545	-4.118		
0.544	-4.147	0.544	-4.132		
0.543	-4.178	0.543	-4.224		
0.542	-4.221	0.542	-4.248		
0.541	-4.277	0.541	-4.330		
0.540	-4.310	0.540	-4.345		
0.539	-4.330	0.539	-4.345		
0.538	-4.336	0.538	-4.406		
0.537	-4.376	0.537	-4.372		
0.536	-4.353	0.536	-4.423		
0.535	-4.342	0.535	-4.388		
0.534	-4.316	0.534	-4.368		
0.533	-4.285	0.533	-4.353		
0.532	-4.285	0.532	-4.322		
0.531	-4.233	0.531	-4.293		
0.530	-4.175	0.530	-4.277		
0.529	-4.130	0.529	-4.185		
0.528	-4.109	0.528	-4.147		
0.527	-3.984	0.527	-4.076		
0.526	-3.925	0.526	-3.998		
0.525	-3.823	0.525	-3.903		
0.524	-3.741	0.524	-3.834		
0.523	-3.681	0.523	-3.751		
0.522	-3.569	0.522	-3.653		
0.521	-3.445	0.521	-3.535		
0.520	-3.360	0.520	-3.428		
0.519	-3.261	0.519	-3.300		
0.518	-3.132	0.518	-3.201		
0.517	-2.991	0.517	-3.092		
0.516	-2.903	0.516	-2.952		
0.515	-2.811	0.515	-2.885		
0.514	-2.632	0.514	-2.741		
0.513	-2.511	0.513	-2.555		
0.512	-2.371	0.512	-2.435		
0.511	-2.267	0.511	-2.336		
0.510	-2.156	0.510	-2.198		
0.509	-2.041	0.509	-2.077		
0.508	-1.945	0.508	-2.026		
0.507	-1.834	0.507	-1.869		
0.506	-1.742	0.506	-1.810		
0.505	-1.656	0.505	-1.670		
0.504	-1.570	0.504	-1.626		
0.503	-1.492	0.503	-1.538		
0.502	-1.428	0.502	-1.469		
0.501	-1.359	0.501	-1.409		
0.500	-1.322	0.500	-1.345		
0.499	-1.288	0.499	-1.317		
0.498	-1.235	0.498	-1.248		
0.497	-1.190	0.497	-1.204		
0.496	-1.159	0.496	-1.178		
0.495	-1.110	0.495	-1.139		
0.494	-1.092	0.494	-1.109		
0.493	-1.069	0.493	-1.081		
0.492	-1.040	0.492	-1.060		
0.491	-1.032	0.491	-1.050		
0.490	-1.009	0.490	-1.006		
0.489	-0.975	0.489	-1.006		
0.488	-0.983	0.488	-0.972		
0.487	-0.960	0.487	-0.972		
0.486	-0.945	0.486	-0.966		
0.485	-0.935	0.485	-0.939		
0.484	-0.917	0.484	-0.931		
0.483	-0.916	0.483	-0.939		
0.482	-0.917	0.482	-0.935		
0.481	-0.909	0.481	-0.922		
0.480	-0.883	0.480	-0.902		
0.479	-0.882	0.479	-0.896		
0.478	-0.891	0.478	-0.882		
0.477	-0.880	0.477	-0.916		
0.476	-0.871	0.476	-0.891		
0.475	-0.868	0.475	-0.893		
0.474	-0.871	0.474	-0.882		
0.473	-0.868	0.473	-0.866		
0.472	-0.842	0.472	-0.873		
0.471	-0.859	0.471	-0.877		
0.470	-0.837	0.470	-0.870		
0.469	-0.837	0.469	-0.877		
0.468	-0.846	0.468	-0.874		
0.467	-0.839	0.467	-0.843		
0.466	-0.845	0.466	-0.840		
0.465	-0.850	0.465	-0.860		
0.464	-0.831	0.464	-0.854		
0.463	-0.830	0.463	-0.853		
0.462	-0.822	0.462	-0.839		
0.461	-0.822	0.461	-0.833		
0.460	-0.819	0.460	-0.859		
0.459	-0.814	0.459	-0.822		
0.458	-0.825	0.458	-0.851		
0.457	-0.817	0.457	-0.834		
0.456	-0.810	0.456	-0.853		
0.455	-0.811	0.455	-0.853		
0.454	-0.808	0.454	-0.834		
0.453	-0.808	0.453	-0.837		
0.452	-0.788	0.452	-0.850		
0.451	-0.827	0.451	-0.825		
0.450	-0.800	0.450	-0.833		
0.449	-0.797	0.449	-0.839		
0.448	-0.796	0.448	-0.808		
0.447	-0.802	0.447	-0.842		
0.446	-0.790	0.446	-0.816		
0.445	-0.802	0.445	-0.814		
0.444	-0.787	0.444	-0.822		
0.443	-0.794	0.443	-0.811		
0.442	-0.785	0.442	-0.804		
0.441	-0.776	0.441	-0.800		
0.440	-0.765	0.440	-0.820		
0.439	-0.787	0.439	-0.794		
0.438	-0.779	0.438	-0.814		
0.437	-0.781	0.437	-0.799		
0.436	-0.777	0.436	-0.804		
0.435	-0.771	0.435	-0.807		
0.434	-0.771	0.434	-0.797		
0.433	-0.787	0.433	-0.791		
0.432	-0.774	0.432	-0.817		
0.431	-0.771	0.431	-0.797		
0.430	-0.765	0.430	-0.797		
0.429	-0.774	0.429	-0.794		
0.428	-0.788	0.428	-0.785		
0.427	-0.777	0.427	-0.777		
0.426	-0.753	0.426	-0.794		
0.425	-0.751	0.425	-0.764		
0.424	-0.768	0.424	-0.788		
0.423	-0.759	0.423	-0.761		
0.422	-0.745	0.422	-0.784		
0.421	-0.753	0.421	-0.762		
0.420	-0.753	0.420	-0.773		
0.419	-0.754	0.419	-0.770		
0.418	-0.765	0.418	-0.764		
0.417	-0.754	0.417	-0.754		
0.416	-0.759	0.416	-0.761		
0.415	-0.750	0.415	-0.754		
0.414	-0.744	0.414	-0.765		
0.413	-0.735	0.413	-0.770		
0.412	-0.727	0.412	-0.776		
0.411	-0.731	0.411	-0.750		
0.410	-0.739	0.410	-0.758		
0.409	-0.736	0.409	-0.742		
0.408	-0.725	0.408	-0.779		
0.407	-0.733	0.407	-0.747		
0.406	-0.733	0.406	-0.750		
0.405	-0.724	0.405	-0.736		
0.404	-0.738	0.404	-0.758		
0.403	-0.712	0.403	-0.751		
0.402	-0.724	0.402	-0.724		
0.401	-0.702	0.401	-0.739		
0.400	-0.715	0.400	-0.728		
0.399	-0.708	0.399	-0.738		
0.398	-0.702	0.398	-0.733		
0.397	-0.692	0.397	-0.735		
0.396	-0.705	0.396	-0.727		
0.395	-0.685	0.395	-0.712		
0.394	-0.698	0.394	-0.716		
0.393	-0.681	0.393	-0.710		
0.392	-0.693	0.392	-0.705		
0.391	-0.696	0.391	-0.712		
0.390	-0.699	0.390	-0.701		
0.389	-0.684	0.389	-0.695		
0.388	-0.687	0.388	-0.708		
0.387	-0.684	0.387	-0.695		
0.386	-0.689	0.386	-0.695		
0.385	-0.666	0.385	-0.704		
0.384	-0.667	0.384	-0.689		
0.383	-0.678	0.383	-0.690		
0.382	-0.687	0.382	-0.685		
0.381	-0.669	0.381	-0.698		
0.380	-0.664	0.380	-0.682		
0.379	-0.667	0.379	-0.687		
0.378	-0.681	0.378	-0.684		
0.377	-0.659	0.377	-0.681		
0.376	-0.656	0.376	-0.672		
0.375	-0.666	0.375	-0.678		
0.374	-0.655	0.374	-0.672		
0.373	-0.638	0.373	-0.678		
0.372	-0.652	0.372	-0.658		
0.371	-0.650	0.371	-0.662		
0.370	-0.646	0.370	-0.659		
0.369	-0.626	0.369	-0.649		
0.368	-0.635	0.368	-0.656		
0.367	-0.646	0.367	-0.644		
0.366	-0.633	0.366	-0.644		
0.365	-0.636	0.365	-0.653		
0.364	-0.632	0.364	-0.639		
0.363	-0.638	0.363	-0.638		
0.362	-0.638	0.362	-0.638		
0.361	-0.630	0.361	-0.638		
0.360	-0.630	0.360	-0.643		
0.359	-0.624	0.359	-0.638		
0.358	-0.615	0.358	-0.636		
0.357	-0.633	0.357	-0.639		
0.356	-0.621	0.356	-0.633		
0.355	-0.616	0.355	-0.632		
0.354	-0.609	0.354	-0.621		
0.353	-0.610	0.353	-0.623		
0.352	-0.609	0.352	-0.618		
0.351	-0.615	0.351	-0.626		
0.350	-0.616	0.350	-0.607		
0.349	-0.595	0.349	-0.630		
0.348	-0.607	0.348	-0.623		
0.347	-0.604	0.347	-0.597		
0.346	-0.603	0.346	-0.604		
0.345	-0.601	0.345	-0.616		
0.344	-0.601	0.344	-0.613		
0.343	-0.603	0.343	-0.600		
0.342	-0.586	0.342	-0.610		
0.341	-0.590	0.341	-0.612		
0.340	-0.590	0.340	-0.592		
0.339	-0.586	0.339	-0.590		
0.338	-0.592	0.338	-0.586		
0.337	-0.597	0.337	-0.610		
0.336	-0.583	0.336	-0.597		
0.335	-0.572	0.335	-0.609		
0.334	-0.595	0.334	-0.590		
0.333	-0.587	0.333	-0.586		
0.332	-0.586	0.332	-0.593		
0.331	-0.578	0.331	-0.595		
0.330	-0.572	0.330	-0.590		
0.329	-0.567	0.329	-0.589		
0.328	-0.587	0.328	-0.581		
0.327	-0.575	0.327	-0.590		
0.326	-0.592	0.326	-0.583		
0.325	-0.580	0.325	-0.577		
0.324	-0.570	0.324	-0.578		
0.323	-0.587	0.323	-0.590		
0.322	-0.567	0.322	-0.580		
0.321	-0.567	0.321	-0.589		
0.320	-0.561	0.320	-0.580		
0.319	-0.580	0.319	-0.587		
0.318	-0.563	0.318	-0.578		
0.317	-0.544	0.317	-0.574		
0.316	-0.566	0.316	-0.572		
0.315	-0.569	0.315	-0.560		
0.314	-0.564	0.314	-0.564		
0.313	-0.567	0.313	-0.566		
0.312	-0.560	0.312	-0.574		
0.311	-0.557	0.311	-0.572		
0.310	-0.557	0.310	-0.563		
0.309	-0.569	0.309	-0.555		
0.308	-0.557	0.308	-0.567		
0.307	-0.569	0.307	-0.569		
0.306	-0.550	0.306	-0.564		
0.305	-0.557	0.305	-0.578		
0.304	-0.552	0.304	-0.566		
0.303	-0.547	0.303	-0.560		
0.302	-0.544	0.302	-0.567		
0.301	-0.564	0.301	-0.563		
0.300	-0.567	0.300	-0.560		
0.299	-0.550	0.299	-0.563		
0.298	-0.555	0.298	-0.555		
0.297	-0.557	0.297	-0.567		
0.296	-0.555	0.296	-0.544		
0.295	-0.543	0.295	-0.552		
0.294	-0.541	0.294	-0.569		
0.293	-0.555	0.293	-0.557		
0.292	-0.546	0.292	-0.558		
0.291	-0.543	0.291	-0.563		
0.290	-0.552	0.290	-0.552		
0.289	-0.544	0.289	-0.566		
0.288	-0.527	0.288	-0.547		
0.287	-0.526	0.287	-0.552		
0.286	-0.550	0.286	-0.564		
0.285	-0.537	0.285	-0.549		
0.284	-0.554	0.284	-0.560		
0.283	-0.535	0.283	-0.550		
0.282	-0.543	0.282	-0.544		
0.281	-0.535	0.281	-0.554		
0.280	-0.541	0.280	-0.561		
0.279	-0.534	0.279	-0.543		
0.278	-0.560	0.278	-0.555		
0.277	-0.534	0.277	-0.549		
0.276	-0.532	0.276	-0.554		
0.275	-0.549	0.275	-0.563		
0.274	-0.540	0.274	-0.550		
0.273	-0.535	0.273	-0.541		
0.272	-0.544	0.272	-0.546		
0.271	-0.538	0.271	-0.547		
0.270	-0.535	0.270	-0.566		
0.269	-0.535	0.269	-0.535		
0.268	-0.534	0.268	-0.550		
0.267	-0.540	0.267	-0.543		
0.266	-0.537	0.266	-0.552		
0.265	-0.535	0.265	-0.552		
0.264	-0.557	0.264	-0.544		
0.263	-0.540	0.263	-0.555		
0.262	-0.537	0.262	-0.547		
0.261	-0.537	0.261	-0.552		
0.260	-0.529	0.260	-0.538		
0.259	-0.527	0.259	-0.547		
0.258	-0.534	0.258	-0.549		
0.257	-0.544	0.257	-0.555		
0.256	-0.535	0.256	-0.544		
0.255	-0.538	0.255	-0.549		
0.254	-0.540	0.254	-0.549		
0.253	-0.549	0.253	-0.544		
0.252	-0.546	0.252	-0.544		
0.251	-0.534	0.251	-0.555		
0.250	-0.527	0.250	-0.537		
0.249	-0.538	0.249	-0.547		
0.248	-0.531	0.248	-0.557		
0.247	-0.526	0.247	-0.547		
0.246	-0.543	0.246	-0.543		
0.245	-0.541	0.245	-0.555		
0.244	-0.543	0.244	-0.534		
0.243	-0.531	0.243	-0.540		
0.242	-0.546	0.242	-0.537		
0.241	-0.540	0.241	-0.535		
0.240	-0.529	0.240	-0.543		
0.239	-0.532	0.239	-0.552		
0.238	-0.537	0.238	-0.546		
0.237	-0.531	0.237	-0.550		
0.236	-0.529	0.236	-0.544		
0.235	-0.534	0.235	-0.543		
0.234	-0.534	0.234	-0.541		
0.233	-0.531	0.233	-0.547		
0.232	-0.535	0.232	-0.546		
0.231	-0.535	0.231	-0.540		
0.230	-0.531	0.230	-0.537		
0.229	-0.515	0.229	-0.541		
0.228	-0.541	0.228	-0.544		
0.227	-0.526	0.227	-0.546		
0.226	-0.546	0.226	-0.544		
0.225	-0.540	0.225	-0.532		
0.224	-0.540	0.224	-0.532		
0.223	-0.538	0.223	-0.541		
0.222	-0.541	0.222	-0.541		
0.221	-0.524	0.221	-0.552		
0.220	-0.538	0.220	-0.541		
0.219	-0.544	0.219	-0.540		
0.218	-0.532	0.218	-0.538		
0.217	-0.520	0.217	-0.546		
0.216	-0.529	0.216	-0.532		
0.215	-0.540	0.215	-0.537		
0.214	-0.524	0.214	-0.537		
0.213	-0.527	0.213	-0.535		
0.212	-0.534	0.212	-0.526		
0.211	-0.535	0.211	-0.538		
0.210	-0.535	0.210	-0.531		
0.209	-0.541	0.209	-0.534		
0.208	-0.515	0.208	-0.538		
0.207	-0.526	0.207	-0.544		
0.206	-0.540	0.206	-0.540		
0.205	-0.532	0.205	-0.535		
0.204	-0.540	0.204	-0.534		
0.203	-0.531	0.203	-0.537		
0.202	-0.521	0.202	-0.531		
0.201	-0.532	0.201	-0.534		
0.200	-0.538	0.200	-0.537		
0.199	-0.524	0.199	-0.534		
0.198	-0.524	0.198	-0.531		
0.197	-0.532	0.197	-0.523		
0.196	-0.520	0.196	-0.531		
0.195	-0.523	0.195	-0.531		
0.194	-0.512	0.194	-0.534		
0.193	-0.514	0.193	-0.535		
0.192	-0.541	0.192	-0.532		
0.191	-0.524	0.191	-0.523		
0.190	-0.518	0.190	-0.526		
0.189	-0.534	0.189	-0.527		
0.188	-0.517	0.188	-0.535		
0.187	-0.524	0.187	-0.534		
0.186	-0.515	0.186	-0.523		
0.185	-0.515	0.185	-0.541		
0.184	-0.509	0.184	-0.526		
0.183	-0.515	0.183	-0.535		
0.182	-0.517	0.182	-0.526		
0.181	-0.523	0.181	-0.523		
0.180	-0.526	0.180	-0.523		
0.179	-0.521	0.179	-0.521		
0.178	-0.524	0.178	-0.517		
0.177	-0.511	0.177	-0.521		
0.176	-0.514	0.176	-0.515		
0.175	-0.515	0.175	-0.515		
0.174	-0.515	0.174	-0.531		
0.173	-0.517	0.173	-0.514		
0.172	-0.509	0.172	-0.523		
0.171	-0.497	0.171	-0.512		
0.170	-0.498	0.170	-0.520		
0.169	-0.504	0.169	-0.511		
0.168	-0.506	0.168	-0.506		
0.167	-0.506	0.167	-0.503		
0.166	-0.503	0.166	-0.512		
0.165	-0.521	0.165	-0.495		
0.164	-0.503	0.164	-0.515		
0.163	-0.489	0.163	-0.527		
0.162	-0.504	0.162	-0.514		
0.161	-0.503	0.161	-0.529		
0.160	-0.503	0.160	-0.514		
0.159	-0.501	0.159	-0.503		
0.158	-0.509	0.158	-0.506		
0.157	-0.494	0.157	-0.506		
0.156	-0.498	0.156	-0.506		
0.155	-0.489	0.155	-0.512		
0.154	-0.501	0.154	-0.506		
0.153	-0.498	0.153	-0.506		
0.152	-0.495	0.152	-0.506		
0.151	-0.498	0.151	-0.504		
0.150	-0.501	0.150	-0.501		
0.149	-0.491	0.149	-0.509		
0.148	-0.501	0.148	-0.494		
0.147	-0.488	0.147	-0.520		
0.146	-0.491	0.146	-0.489		
0.145	-0.485	0.145	-0.485		
0.144	-0.495	0.144	-0.492		
0.143	-0.492	0.143	-0.503		
0.142	-0.488	0.142	-0.498		
0.141	-0.491	0.141	-0.492		
0.140	-0.491	0.140	-0.481		
0.139	-0.494	0.139	-0.486		
0.138	-0.491	0.138	-0.489		
0.137	-0.494	0.137	-0.495		
0.136	-0.485	0.136	-0.491		
0.135	-0.481	0.135	-0.492		
0.134	-0.495	0.134	-0.492		
0.133	-0.494	0.133	-0.483		
0.132	-0.481	0.132	-0.488		
0.131	-0.491	0.131	-0.486		
0.130	-0.492	0.130	-0.494		
0.129	-0.481	0.129	-0.485		
0.128	-0.474	0.128	-0.489		
0.127	-0.480	0.127	-0.483		
0.126	-0.478	0.126	-0.486		
0.125	-0.474	0.125	-0.486		
0.124	-0.481	0.124	-0.477		
0.123	-0.478	0.123	-0.489		
0.122	-0.469	0.122	-0.469		
0.121	-0.471	0.121	-0.481		
0.120	-0.458	0.120	-0.483		
0.119	-0.472	0.119	-0.477		
0.118	-0.477	0.118	-0.478		
0.117	-0.481	0.117	-0.486		
0.116	-0.471	0.116	-0.468		
0.115	-0.475	0.115	-0.478		
0.114	-0.478	0.114	-0.474		
0.113	-0.468	0.113	-0.472		
0.112	-0.478	0.112	-0.478		
0.111	-0.475	0.111	-0.466		
0.110	-0.468	0.110	-0.474		
0.109	-0.465	0.109	-0.469		
0.108	-0.466	0.108	-0.472		
0.107	-0.468	0.107	-0.471		
0.106	-0.465	0.106	-0.475		
0.105	-0.457	0.105	-0.466		
0.104	-0.466	0.104	-0.469		
0.103	-0.463	0.103	-0.471		
0.102	-0.460	0.102	-0.466		
0.101	-0.465	0.101	-0.472		
