E /V	I /uA	E /V	I /uA	E /V	I /uA	E /V	I /uA	E /V	I /uA
0.100	-0.083	0.100	-0.604	0.100	-0.597	0.100	-0.586	0.100	-0.575
0.099	-0.224	0.099	-0.616	0.099	-0.612	0.099	-0.603	0.099	-0.586
0.098	-0.340	0.098	-0.618	0.098	-0.610	0.098	-0.601	0.098	-0.595
0.097	-0.428	0.097	-0.627	0.097	-0.616	0.097	-0.598	0.097	-0.595
0.096	-0.489	0.096	-0.636	0.096	-0.627	0.096	-0.613	0.096	-0.609
0.095	-0.541	0.095	-0.646	0.095	-0.633	0.095	-0.624	0.095	-0.612
0.094	-0.570	0.094	-0.650	0.094	-0.646	0.094	-0.632	0.094	-0.620
0.093	-0.597	0.093	-0.659	0.093	-0.650	0.093	-0.636	0.093	-0.626
0.092	-0.623	0.092	-0.664	0.092	-0.655	0.092	-0.638	0.092	-0.630
0.091	-0.635	0.091	-0.678	0.091	-0.662	0.091	-0.650	0.091	-0.643
0.090	-0.647	0.090	-0.675	0.090	-0.659	0.090	-0.655	0.090	-0.649
0.089	-0.652	0.089	-0.685	0.089	-0.673	0.089	-0.667	0.089	-0.655
0.088	-0.672	0.088	-0.695	0.088	-0.679	0.088	-0.673	0.088	-0.664
0.087	-0.679	0.087	-0.705	0.087	-0.692	0.087	-0.682	0.087	-0.673
0.086	-0.687	0.086	-0.708	0.086	-0.702	0.086	-0.687	0.086	-0.672
0.085	-0.695	0.085	-0.718	0.085	-0.705	0.085	-0.692	0.085	-0.679
0.084	-0.702	0.084	-0.725	0.084	-0.715	0.084	-0.702	0.084	-0.693
0.083	-0.721	0.083	-0.742	0.083	-0.724	0.083	-0.718	0.083	-0.702
0.082	-0.725	0.082	-0.739	0.082	-0.731	0.082	-0.715	0.082	-0.707
0.081	-0.727	0.081	-0.744	0.081	-0.739	0.081	-0.713	0.081	-0.710
0.080	-0.736	0.080	-0.754	0.080	-0.735	0.080	-0.728	0.080	-0.710
0.079	-0.745	0.079	-0.761	0.079	-0.748	0.079	-0.741	0.079	-0.725
0.078	-0.751	0.078	-0.767	0.078	-0.758	0.078	-0.747	0.078	-0.731
0.077	-0.764	0.077	-0.768	0.077	-0.759	0.077	-0.748	0.077	-0.739
0.076	-0.768	0.076	-0.779	0.076	-0.768	0.076	-0.753	0.076	-0.742
0.075	-0.777	0.075	-0.777	0.075	-0.779	0.075	-0.767	0.075	-0.758
0.074	-0.784	0.074	-0.794	0.074	-0.781	0.074	-0.773	0.074	-0.758
0.073	-0.787	0.073	-0.800	0.073	-0.788	0.073	-0.779	0.073	-0.771
0.072	-0.794	0.072	-0.805	0.072	-0.790	0.072	-0.784	0.072	-0.768
0.071	-0.802	0.071	-0.817	0.071	-0.807	0.071	-0.794	0.071	-0.782
0.070	-0.808	0.070	-0.822	0.070	-0.814	0.070	-0.800	0.070	-0.781
0.069	-0.819	0.069	-0.828	0.069	-0.810	0.069	-0.799	0.069	-0.796
0.068	-0.825	0.068	-0.828	0.068	-0.823	0.068	-0.811	0.068	-0.797
0.067	-0.848	0.067	-0.863	0.067	-0.845	0.067	-0.828	0.067	-0.823
0.066	-0.846	0.066	-0.853	0.066	-0.836	0.066	-0.828	0.066	-0.819
0.065	-0.846	0.065	-0.856	0.065	-0.842	0.065	-0.827	0.065	-0.814
0.064	-0.848	0.064	-0.859	0.064	-0.848	0.064	-0.834	0.064	-0.820
0.063	-0.860	0.063	-0.866	0.063	-0.850	0.063	-0.850	0.063	-0.834
0.062	-0.862	0.062	-0.870	0.062	-0.856	0.062	-0.850	0.062	-0.837
0.061	-0.877	0.061	-0.876	0.061	-0.862	0.061	-0.851	0.061	-0.843
0.060	-0.873	0.060	-0.883	0.060	-0.873	0.060	-0.862	0.060	-0.850
0.059	-0.879	0.059	-0.897	0.059	-0.885	0.059	-0.879	0.059	-0.863
0.058	-0.888	0.058	-0.896	0.058	-0.883	0.058	-0.863	0.058	-0.862
0.057	-0.896	0.057	-0.902	0.057	-0.885	0.057	-0.874	0.057	-0.860
0.056	-0.909	0.056	-0.908	0.056	-0.893	0.056	-0.882	0.056	-0.868
0.055	-0.912	0.055	-0.919	0.055	-0.906	0.055	-0.893	0.055	-0.880
0.054	-0.917	0.054	-0.920	0.054	-0.912	0.054	-0.894	0.054	-0.886
0.053	-0.925	0.053	-0.928	0.053	-0.912	0.053	-0.896	0.053	-0.891
0.052	-0.929	0.052	-0.932	0.052	-0.917	0.052	-0.905	0.052	-0.900
0.051	-0.948	0.051	-0.951	0.051	-0.935	0.051	-0.917	0.051	-0.914
0.050	-0.951	0.050	-0.945	0.050	-0.935	0.050	-0.919	0.050	-0.912
0.049	-0.958	0.049	-0.954	0.049	-0.935	0.049	-0.920	0.049	-0.914
0.048	-0.957	0.048	-0.958	0.048	-0.948	0.048	-0.926	0.048	-0.923
0.047	-0.968	0.047	-0.965	0.047	-0.948	0.047	-0.945	0.047	-0.928
0.046	-0.969	0.046	-0.966	0.046	-0.958	0.046	-0.942	0.046	-0.934
0.045	-0.978	0.045	-0.975	0.045	-0.957	0.045	-0.952	0.045	-0.937
0.044	-0.985	0.044	-0.978	0.044	-0.972	0.044	-0.954	0.044	-0.948
0.043	-0.997	0.043	-0.997	0.043	-0.978	0.043	-0.972	0.043	-0.960
0.042	-1.000	0.042	-0.991	0.042	-0.981	0.042	-0.968	0.042	-0.965
0.041	-1.003	0.041	-0.997	0.041	-0.983	0.041	-0.971	0.041	-0.962
0.040	-1.012	0.040	-1.001	0.040	-0.994	0.040	-0.980	0.040	-0.963
0.039	-1.018	0.039	-1.008	0.039	-0.998	0.039	-0.988	0.039	-0.978
0.038	-1.026	0.038	-1.012	0.038	-1.008	0.038	-0.992	0.038	-0.977
0.037	-1.034	0.037	-1.023	0.037	-1.008	0.037	-1.000	0.037	-0.992
0.036	-1.044	0.036	-1.023	0.036	-1.015	0.036	-1.004	0.036	-0.991
0.035	-1.060	0.035	-1.040	0.035	-1.032	0.035	-1.026	0.035	-1.008
0.034	-1.050	0.034	-1.040	0.034	-1.027	0.034	-1.018	0.034	-1.008
0.033	-1.055	0.033	-1.043	0.033	-1.027	0.033	-1.020	0.033	-1.009
0.032	-1.064	0.032	-1.047	0.032	-1.040	0.032	-1.023	0.032	-1.014
0.031	-1.070	0.031	-1.057	0.031	-1.044	0.031	-1.038	0.031	-1.021
0.030	-1.073	0.030	-1.057	0.030	-1.047	0.030	-1.034	0.030	-1.027
0.029	-1.087	0.029	-1.069	0.029	-1.050	0.029	-1.044	0.029	-1.038
0.028	-1.095	0.028	-1.072	0.028	-1.057	0.028	-1.049	0.028	-1.038
0.027	-1.109	0.027	-1.083	0.027	-1.077	0.027	-1.064	0.027	-1.049
0.026	-1.101	0.026	-1.087	0.026	-1.070	0.026	-1.058	0.026	-1.047
0.025	-1.115	0.025	-1.089	0.025	-1.081	0.025	-1.067	0.025	-1.060
0.024	-1.118	0.024	-1.093	0.024	-1.086	0.024	-1.073	0.024	-1.066
0.023	-1.130	0.023	-1.106	0.023	-1.098	0.023	-1.081	0.023	-1.073
0.022	-1.139	0.022	-1.106	0.022	-1.093	0.022	-1.081	0.022	-1.080
0.021	-1.141	0.021	-1.113	0.021	-1.104	0.021	-1.084	0.021	-1.086
0.020	-1.147	0.020	-1.123	0.020	-1.113	0.020	-1.103	0.020	-1.089
0.019	-1.162	0.019	-1.141	0.019	-1.127	0.019	-1.118	0.019	-1.107
0.018	-1.164	0.018	-1.132	0.018	-1.123	0.018	-1.112	0.018	-1.106
0.017	-1.167	0.017	-1.136	0.017	-1.126	0.017	-1.118	0.017	-1.109
0.016	-1.175	0.016	-1.149	0.016	-1.133	0.016	-1.120	0.016	-1.110
0.015	-1.187	0.015	-1.156	0.015	-1.146	0.015	-1.126	0.015	-1.120
0.014	-1.189	0.014	-1.152	0.014	-1.138	0.014	-1.141	0.014	-1.123
0.013	-1.195	0.013	-1.164	0.013	-1.150	0.013	-1.144	0.013	-1.127
0.012	-1.199	0.012	-1.166	0.012	-1.156	0.012	-1.149	0.012	-1.133
0.011	-1.215	0.011	-1.179	0.011	-1.167	0.011	-1.156	0.011	-1.153
0.010	-1.218	0.010	-1.178	0.010	-1.164	0.010	-1.153	0.010	-1.150
0.009	-1.224	0.009	-1.184	0.009	-1.176	0.009	-1.161	0.009	-1.155
0.008	-1.225	0.008	-1.184	0.008	-1.173	0.008	-1.169	0.008	-1.161
0.007	-1.235	0.007	-1.195	0.007	-1.192	0.007	-1.173	0.007	-1.167
0.006	-1.231	0.006	-1.192	0.006	-1.182	0.006	-1.172	0.006	-1.166
0.005	-1.231	0.005	-1.210	0.005	-1.193	0.005	-1.185	0.005	-1.176
0.004	-1.250	0.004	-1.212	0.004	-1.198	0.004	-1.184	0.004	-1.179
0.003	-1.276	0.003	-1.239	0.003	-1.227	0.003	-1.218	0.003	-1.205
0.002	-1.262	0.002	-1.219	0.002	-1.205	0.002	-1.195	0.002	-1.187
0.001	-1.258	0.001	-1.222	0.001	-1.205	0.001	-1.202	0.001	-1.192
0.000	-1.258	0.000	-1.225	0.000	-1.212	0.000	-1.201	0.000	-1.192
-0.001	-1.265	-0.001	-1.231	-0.001	-1.225	-0.001	-1.208	-0.001	-1.202
-0.002	-1.264	-0.002	-1.230	-0.002	-1.222	-0.002	-1.215	-0.002	-1.207
-0.003	-1.279	-0.003	-1.239	-0.003	-1.224	-0.003	-1.213	-0.003	-1.210
-0.004	-1.277	-0.004	-1.238	-0.004	-1.233	-0.004	-1.224	-0.004	-1.212
-0.005	-1.290	-0.005	-1.254	-0.005	-1.236	-0.005	-1.230	-0.005	-1.228
-0.006	-1.290	-0.006	-1.251	-0.006	-1.242	-0.006	-1.219	-0.006	-1.224
-0.007	-1.293	-0.007	-1.250	-0.007	-1.247	-0.007	-1.233	-0.007	-1.235
-0.008	-1.291	-0.008	-1.261	-0.008	-1.245	-0.008	-1.239	-0.008	-1.228
-0.009	-1.308	-0.009	-1.262	-0.009	-1.262	-0.009	-1.245	-0.009	-1.241
-0.010	-1.081	-0.010	-1.046	-0.010	-1.034	-0.010	-1.031	-0.010	-1.026
-0.009	-0.589	-0.009	-0.563	-0.009	-0.549	-0.009	-0.549	-0.009	-0.552
-0.008	-0.178	-0.008	-0.152	-0.008	-0.152	-0.008	-0.156	-0.008	-0.156
-0.007	0.135	-0.007	0.157	-0.007	0.149	-0.007	0.147	-0.007	0.140
-0.006	0.351	-0.006	0.365	-0.006	0.362	-0.006	0.354	-0.006	0.347
-0.005	0.522	-0.005	0.529	-0.005	0.528	-0.005	0.525	-0.005	0.518
-0.004	0.629	-0.004	0.635	-0.004	0.627	-0.004	0.624	-0.004	0.615
-0.003	0.715	-0.003	0.715	-0.003	0.712	-0.003	0.707	-0.003	0.693
-0.002	0.772	-0.002	0.770	-0.002	0.765	-0.002	0.759	-0.002	0.749
-0.001	0.818	-0.001	0.819	-0.001	0.818	-0.001	0.811	-0.001	0.796
0.000	0.851	0.000	0.847	0.000	0.839	0.000	0.837	0.000	0.828
0.001	0.879	0.001	0.885	0.001	0.876	0.001	0.867	0.001	0.859
0.002	0.896	0.002	0.896	0.002	0.883	0.002	0.885	0.002	0.876
0.003	0.942	0.003	0.936	0.003	0.936	0.003	0.922	0.003	0.911
0.004	0.936	0.004	0.925	0.004	0.923	0.004	0.920	0.004	0.914
0.005	0.948	0.005	0.949	0.005	0.930	0.005	0.926	0.005	0.919
0.006	0.953	0.006	0.942	0.006	0.942	0.006	0.937	0.006	0.933
0.007	0.976	0.007	0.966	0.007	0.956	0.007	0.948	0.007	0.939
0.008	0.974	0.008	0.963	0.008	0.953	0.008	0.948	0.008	0.946
0.009	0.989	0.009	0.971	0.009	0.968	0.009	0.963	0.009	0.953
0.010	0.986	0.010	0.972	0.010	0.974	0.010	0.962	0.010	0.959
0.011	1.006	0.011	1.000	0.011	0.985	0.011	0.979	0.011	0.974
0.012	1.003	0.012	0.983	0.012	0.985	0.012	0.977	0.012	0.966
0.013	1.008	0.013	0.997	0.013	0.988	0.013	0.982	0.013	0.979
0.014	1.000	0.014	0.994	0.014	0.985	0.014	0.982	0.014	0.971
0.015	1.017	0.015	1.003	0.015	0.994	0.015	0.992	0.015	0.982
0.016	1.018	0.016	1.014	0.016	0.991	0.016	0.985	0.016	0.982
0.017	1.020	0.017	1.009	0.017	0.994	0.017	0.989	0.017	0.982
0.018	1.015	0.018	1.003	0.018	0.994	0.018	0.992	0.018	0.977
0.019	1.037	0.019	1.017	0.019	1.009	0.019	1.008	0.019	0.995
0.020	1.029	0.020	1.008	0.020	1.005	0.020	0.995	0.020	0.989
0.021	1.031	0.021	1.012	0.021	0.997	0.021	1.000	0.021	0.988
0.022	1.028	0.022	1.008	0.022	0.999	0.022	0.991	0.022	0.985
0.023	1.034	0.023	1.015	0.023	1.003	0.023	0.999	0.023	0.991
0.024	1.023	0.024	1.011	0.024	0.999	0.024	0.988	0.024	0.988
0.025	1.032	0.025	1.009	0.025	0.999	0.025	0.995	0.025	0.988
0.026	1.023	0.026	1.006	0.026	1.002	0.026	0.986	0.026	0.985
0.027	1.037	0.027	1.020	0.027	1.002	0.027	0.992	0.027	0.989
0.028	1.028	0.028	1.006	0.028	0.995	0.028	0.989	0.028	0.983
0.029	1.028	0.029	1.003	0.029	0.991	0.029	0.991	0.029	0.980
0.030	1.015	0.030	0.999	0.030	0.992	0.030	0.986	0.030	0.979
0.031	1.026	0.031	1.011	0.031	1.000	0.031	0.985	0.031	0.979
0.032	1.022	0.032	1.002	0.032	0.989	0.032	0.986	0.032	0.977
0.033	1.025	0.033	0.999	0.033	0.985	0.033	0.983	0.033	0.974
0.034	1.011	0.034	0.995	0.034	0.980	0.034	0.979	0.034	0.974
0.035	1.028	0.035	1.005	0.035	0.997	0.035	0.991	0.035	0.976
0.036	1.018	0.036	0.983	0.036	0.979	0.036	0.972	0.036	0.960
0.037	1.008	0.037	0.989	0.037	0.977	0.037	0.968	0.037	0.966
0.038	1.002	0.038	0.983	0.038	0.969	0.038	0.956	0.038	0.957
0.039	1.008	0.039	0.986	0.039	0.972	0.039	0.966	0.039	0.963
0.040	0.997	0.040	0.979	0.040	0.968	0.040	0.962	0.040	0.953
0.041	1.000	0.041	0.980	0.041	0.957	0.041	0.962	0.041	0.949
0.042	0.997	0.042	0.969	0.042	0.960	0.042	0.951	0.042	0.946
0.043	0.999	0.043	0.979	0.043	0.966	0.043	0.960	0.043	0.948
0.044	0.986	0.044	0.969	0.044	0.956	0.044	0.951	0.044	0.936
0.045	0.988	0.045	0.966	0.045	0.959	0.045	0.945	0.045	0.940
0.046	0.983	0.046	0.957	0.046	0.948	0.046	0.934	0.046	0.925
0.047	0.985	0.047	0.954	0.047	0.949	0.047	0.937	0.047	0.922
0.048	0.980	0.048	0.948	0.048	0.936	0.048	0.928	0.048	0.920
0.049	0.976	0.049	0.943	0.049	0.936	0.049	0.926	0.049	0.914
0.050	0.968	0.050	0.942	0.050	0.926	0.050	0.922	0.050	0.910
0.051	0.976	0.051	0.948	0.051	0.936	0.051	0.928	0.051	0.914
0.052	0.965	0.052	0.942	0.052	0.922	0.052	0.917	0.052	0.903
0.053	0.959	0.053	0.937	0.053	0.923	0.053	0.913	0.053	0.903
0.054	0.953	0.054	0.928	0.054	0.913	0.054	0.903	0.054	0.894
0.055	0.946	0.055	0.928	0.055	0.914	0.055	0.899	0.055	0.888
0.056	0.937	0.056	0.914	0.056	0.903	0.056	0.893	0.056	0.891
0.057	0.943	0.057	0.908	0.057	0.900	0.057	0.893	0.057	0.876
0.058	0.930	0.058	0.914	0.058	0.891	0.058	0.882	0.058	0.871
0.059	0.933	0.059	0.911	0.059	0.896	0.059	0.883	0.059	0.873
0.060	0.919	0.060	0.893	0.060	0.882	0.060	0.876	0.060	0.865
0.061	0.919	0.061	0.896	0.061	0.876	0.061	0.874	0.061	0.856
0.062	0.908	0.062	0.885	0.062	0.868	0.062	0.865	0.062	0.848
0.063	0.908	0.063	0.882	0.063	0.870	0.063	0.864	0.063	0.850
0.064	0.900	0.064	0.876	0.064	0.859	0.064	0.845	0.064	0.842
0.065	0.896	0.065	0.867	0.065	0.860	0.065	0.857	0.065	0.839
0.066	0.888	0.066	0.865	0.066	0.851	0.066	0.836	0.066	0.830
0.067	0.896	0.067	0.876	0.067	0.867	0.067	0.857	0.067	0.842
0.068	0.880	0.068	0.857	0.068	0.848	0.068	0.837	0.068	0.828
0.069	0.876	0.069	0.856	0.069	0.834	0.069	0.831	0.069	0.821
0.070	0.854	0.070	0.844	0.070	0.822	0.070	0.821	0.070	0.808
0.071	0.868	0.071	0.839	0.071	0.825	0.071	0.814	0.071	0.801
0.072	0.854	0.072	0.827	0.072	0.814	0.072	0.810	0.072	0.795
0.073	0.848	0.073	0.822	0.073	0.807	0.073	0.796	0.073	0.790
0.074	0.842	0.074	0.813	0.074	0.798	0.074	0.795	0.074	0.776
0.075	0.848	0.075	0.814	0.075	0.804	0.075	0.788	0.075	0.781
0.076	0.830	0.076	0.802	0.076	0.791	0.076	0.782	0.076	0.775
0.077	0.824	0.077	0.802	0.077	0.790	0.077	0.776	0.077	0.767
0.078	0.810	0.078	0.787	0.078	0.778	0.078	0.768	0.078	0.761
0.079	0.811	0.079	0.790	0.079	0.775	0.079	0.767	0.079	0.758
0.080	0.807	0.080	0.782	0.080	0.767	0.080	0.756	0.080	0.741
0.081	0.799	0.081	0.773	0.081	0.756	0.081	0.752	0.081	0.739
0.082	0.790	0.082	0.762	0.082	0.759	0.082	0.745	0.082	0.736
0.083	0.795	0.083	0.770	0.083	0.758	0.083	0.741	0.083	0.729
0.084	0.781	0.084	0.756	0.084	0.739	0.084	0.730	0.084	0.721
0.085	0.776	0.085	0.753	0.085	0.739	0.085	0.726	0.085	0.710
0.086	0.765	0.086	0.739	0.086	0.724	0.086	0.716	0.086	0.701
0.087	0.764	0.087	0.736	0.087	0.726	0.087	0.712	0.087	0.706
0.088	0.744	0.088	0.726	0.088	0.713	0.088	0.703	0.088	0.698
0.089	0.745	0.089	0.722	0.089	0.712	0.089	0.699	0.089	0.683
0.090	0.732	0.090	0.704	0.090	0.695	0.090	0.693	0.090	0.675
0.091	0.733	0.091	0.716	0.091	0.695	0.091	0.687	0.091	0.680
0.092	0.724	0.092	0.695	0.092	0.684	0.092	0.675	0.092	0.667
0.093	0.716	0.093	0.695	0.093	0.683	0.093	0.672	0.093	0.664
0.094	0.707	0.094	0.689	0.094	0.670	0.094	0.666	0.094	0.653
0.095	0.707	0.095	0.686	0.095	0.667	0.095	0.660	0.095	0.653
0.096	0.693	0.096	0.680	0.096	0.658	0.096	0.652	0.096	0.638
0.097	0.687	0.097	0.660	0.097	0.653	0.097	0.640	0.097	0.632
0.098	0.683	0.098	0.660	0.098	0.644	0.098	0.640	0.098	0.621
0.099	0.676	0.099	0.660	0.099	0.643	0.099	0.637	0.099	0.623
0.100	0.666	0.100	0.640	0.100	0.630	0.100	0.620	0.100	0.609
0.101	0.669	0.101	0.635	0.101	0.620	0.101	0.614	0.101	0.601
0.102	0.646	0.102	0.624	0.102	0.612	0.102	0.611	0.102	0.595
0.103	0.650	0.103	0.624	0.103	0.609	0.103	0.604	0.103	0.592
0.104	0.643	0.104	0.603	0.104	0.595	0.104	0.597	0.104	0.580
0.105	0.630	0.105	0.611	0.105	0.595	0.105	0.586	0.105	0.583
0.106	0.620	0.106	0.594	0.106	0.591	0.106	0.578	0.106	0.569
0.107	0.621	0.107	0.601	0.107	0.581	0.107	0.577	0.107	0.566
0.108	0.609	0.108	0.586	0.108	0.574	0.108	0.566	0.108	0.551
0.109	0.601	0.109	0.575	0.109	0.563	0.109	0.554	0.109	0.549
0.110	0.589	0.110	0.574	0.110	0.560	0.110	0.541	0.110	0.540
0.111	0.583	0.111	0.571	0.111	0.555	0.111	0.543	0.111	0.534
0.112	0.581	0.112	0.555	0.112	0.545	0.112	0.537	0.112	0.529
0.113	0.577	0.113	0.545	0.113	0.546	0.113	0.528	0.113	0.520
0.114	0.561	0.114	0.538	0.114	0.531	0.114	0.517	0.114	0.514
0.115	0.560	0.115	0.541	0.115	0.526	0.115	0.520	0.115	0.509
0.116	0.545	0.116	0.531	0.116	0.514	0.116	0.505	0.116	0.499
0.117	0.545	0.117	0.522	0.117	0.506	0.117	0.497	0.117	0.499
0.118	0.532	0.118	0.511	0.118	0.500	0.118	0.494	0.118	0.486
0.119	0.528	0.119	0.505	0.119	0.495	0.119	0.485	0.119	0.476
0.120	0.515	0.120	0.492	0.120	0.482	0.120	0.480	0.120	0.476
0.121	0.509	0.121	0.489	0.121	0.480	0.121	0.476	0.121	0.469
0.122	0.503	0.122	0.485	0.122	0.471	0.122	0.462	0.122	0.456
0.123	0.500	0.123	0.480	0.123	0.463	0.123	0.463	0.123	0.456
0.124	0.491	0.124	0.474	0.124	0.460	0.124	0.453	0.124	0.446
0.125	0.486	0.125	0.462	0.125	0.449	0.125	0.446	0.125	0.439
0.126	0.474	0.126	0.454	0.126	0.448	0.126	0.439	0.126	0.434
0.127	0.468	0.127	0.453	0.127	0.439	0.127	0.436	0.127	0.430
0.128	0.463	0.128	0.446	0.128	0.426	0.128	0.426	0.128	0.416
0.129	0.456	0.129	0.437	0.129	0.419	0.129	0.419	0.129	0.413
0.130	0.446	0.130	0.428	0.130	0.419	0.130	0.411	0.130	0.403
0.131	0.453	0.131	0.426	0.131	0.425	0.131	0.413	0.131	0.408
0.132	0.439	0.132	0.417	0.132	0.408	0.132	0.408	0.132	0.400
0.133	0.431	0.133	0.410	0.133	0.402	0.133	0.397	0.133	0.391
0.134	0.423	0.134	0.408	0.134	0.394	0.134	0.384	0.134	0.380
0.135	0.417	0.135	0.399	0.135	0.393	0.135	0.387	0.135	0.380
0.136	0.411	0.136	0.388	0.136	0.377	0.136	0.373	0.136	0.367
0.137	0.403	0.137	0.387	0.137	0.379	0.137	0.370	0.137	0.371
0.138	0.391	0.138	0.382	0.138	0.370	0.138	0.365	0.138	0.361
0.139	0.396	0.139	0.379	0.139	0.365	0.139	0.364	0.139	0.359
0.140	0.388	0.140	0.368	0.140	0.356	0.140	0.348	0.140	0.347
0.141	0.384	0.141	0.367	0.141	0.356	0.141	0.356	0.141	0.344
0.142	0.370	0.142	0.361	0.142	0.345	0.142	0.341	0.142	0.338
0.143	0.368	0.143	0.354	0.143	0.342	0.143	0.336	0.143	0.333
0.144	0.367	0.144	0.345	0.144	0.334	0.144	0.331	0.144	0.327
0.145	0.359	0.145	0.334	0.145	0.330	0.145	0.327	0.145	0.319
0.146	0.347	0.146	0.334	0.146	0.330	0.146	0.322	0.146	0.316
0.147	0.354	0.147	0.334	0.147	0.322	0.147	0.321	0.147	0.316
0.148	0.341	0.148	0.319	0.148	0.316	0.148	0.313	0.148	0.302
0.149	0.338	0.149	0.321	0.149	0.316	0.149	0.310	0.149	0.304
0.150	0.331	0.150	0.310	0.150	0.304	0.150	0.299	0.150	0.295
0.151	0.328	0.151	0.308	0.151	0.301	0.151	0.295	0.151	0.290
0.152	0.322	0.152	0.304	0.152	0.293	0.152	0.298	0.152	0.282
0.153	0.319	0.153	0.302	0.153	0.293	0.153	0.287	0.153	0.279
0.154	0.311	0.154	0.298	0.154	0.288	0.154	0.287	0.154	0.282
0.155	0.313	0.155	0.293	0.155	0.285	0.155	0.281	0.155	0.284
0.156	0.304	0.156	0.285	0.156	0.284	0.156	0.273	0.156	0.272
0.157	0.296	0.157	0.281	0.157	0.278	0.157	0.270	0.157	0.262
0.158	0.296	0.158	0.275	0.158	0.270	0.158	0.265	0.158	0.262
0.159	0.290	0.159	0.275	0.159	0.272	0.159	0.261	0.159	0.262
0.160	0.279	0.160	0.273	0.160	0.261	0.160	0.259	0.160	0.258
0.161	0.285	0.161	0.268	0.161	0.258	0.161	0.255	0.161	0.255
0.162	0.276	0.162	0.259	0.162	0.255	0.162	0.256	0.162	0.245
0.163	0.276	0.163	0.256	0.163	0.252	0.163	0.247	0.163	0.245
0.164	0.268	0.164	0.256	0.164	0.247	0.164	0.242	0.164	0.238
0.165	0.268	0.165	0.252	0.165	0.241	0.165	0.241	0.165	0.230
0.166	0.261	0.166	0.244	0.166	0.238	0.166	0.236	0.166	0.232
0.167	0.264	0.167	0.245	0.167	0.236	0.167	0.230	0.167	0.229
0.168	0.252	0.168	0.239	0.168	0.233	0.168	0.230	0.168	0.227
0.169	0.250	0.169	0.238	0.169	0.227	0.169	0.227	0.169	0.224
0.170	0.247	0.170	0.233	0.170	0.224	0.170	0.219	0.170	0.218
0.171	0.249	0.171	0.232	0.171	0.224	0.171	0.215	0.171	0.219
0.172	0.242	0.172	0.229	0.172	0.219	0.172	0.219	0.172	0.213
0.173	0.239	0.173	0.224	0.173	0.219	0.173	0.216	0.173	0.218
0.174	0.236	0.174	0.218	0.174	0.216	0.174	0.210	0.174	0.207
0.175	0.235	0.175	0.219	0.175	0.213	0.175	0.207	0.175	0.204
0.176	0.233	0.176	0.216	0.176	0.209	0.176	0.209	0.176	0.204
0.177	0.229	0.177	0.213	0.177	0.209	0.177	0.201	0.177	0.204
0.178	0.222	0.178	0.212	0.178	0.201	0.178	0.204	0.178	0.201
0.179	0.219	0.179	0.212	0.179	0.209	0.179	0.201	0.179	0.207
0.180	0.221	0.180	0.206	0.180	0.201	0.180	0.201	0.180	0.198
0.181	0.224	0.181	0.206	0.181	0.196	0.181	0.193	0.181	0.198
0.182	0.213	0.182	0.203	0.182	0.195	0.182	0.189	0.182	0.198
0.183	0.215	0.183	0.198	0.183	0.195	0.183	0.195	0.183	0.190
0.184	0.216	0.184	0.196	0.184	0.192	0.184	0.189	0.184	0.184
0.185	0.209	0.185	0.192	0.185	0.187	0.185	0.181	0.185	0.190
0.186	0.207	0.186	0.195	0.186	0.186	0.186	0.186	0.186	0.186
0.187	0.210	0.187	0.190	0.187	0.181	0.187	0.187	0.187	0.176
0.188	0.204	0.188	0.186	0.188	0.187	0.188	0.184	0.188	0.183
0.189	0.203	0.189	0.189	0.189	0.183	0.189	0.183	0.189	0.176
0.190	0.204	0.190	0.186	0.190	0.172	0.190	0.175	0.190	0.178
0.191	0.201	0.191	0.184	0.191	0.175	0.191	0.175	0.191	0.173
0.192	0.199	0.192	0.183	0.192	0.180	0.192	0.173	0.192	0.180
0.193	0.196	0.193	0.180	0.193	0.178	0.193	0.172	0.193	0.172
0.194	0.196	0.194	0.178	0.194	0.181	0.194	0.170	0.194	0.167
0.195	0.195	0.195	0.184	0.195	0.173	0.195	0.173	0.195	0.170
0.196	0.192	0.196	0.176	0.196	0.169	0.196	0.172	0.196	0.170
0.197	0.190	0.197	0.176	0.197	0.164	0.197	0.166	0.197	0.170
0.198	0.192	0.198	0.172	0.198	0.167	0.198	0.164	0.198	0.170
0.199	0.187	0.199	0.172	0.199	0.172	0.199	0.167	0.199	0.163
0.200	0.186	0.200	0.172	0.200	0.161	0.200	0.163	0.200	0.161
0.201	0.180	0.201	0.170	0.201	0.163	0.201	0.158	0.201	0.161
0.202	0.186	0.202	0.169	0.202	0.155	0.202	0.164	0.202	0.164
0.203	0.192	0.203	0.166	0.203	0.158	0.203	0.163	0.203	0.160
0.204	0.183	0.204	0.166	0.204	0.164	0.204	0.160	0.204	0.153
0.205	0.184	0.205	0.161	0.205	0.155	0.205	0.157	0.205	0.155
0.206	0.183	0.206	0.161	0.206	0.158	0.206	0.155	0.206	0.150
0.207	0.176	0.207	0.164	0.207	0.163	0.207	0.153	0.207	0.157
0.208	0.186	0.208	0.161	0.208	0.155	0.208	0.158	0.208	0.153
0.209	0.176	0.209	0.161	0.209	0.158	0.209	0.163	0.209	0.152
0.210	0.181	0.210	0.163	0.210	0.155	0.210	0.158	0.210	0.153
0.211	0.183	0.211	0.160	0.211	0.158	0.211	0.153	0.211	0.155
0.212	0.175	0.212	0.161	0.212	0.157	0.212	0.150	0.212	0.153
0.213	0.178	0.213	0.160	0.213	0.149	0.213	0.150	0.213	0.155
0.214	0.180	0.214	0.160	0.214	0.157	0.214	0.150	0.214	0.146
0.215	0.176	0.215	0.160	0.215	0.155	0.215	0.146	0.215	0.149
0.216	0.175	0.216	0.157	0.216	0.150	0.216	0.150	0.216	0.147
0.217	0.176	0.217	0.158	0.217	0.147	0.217	0.149	0.217	0.150
0.218	0.172	0.218	0.155	0.218	0.155	0.218	0.150	0.218	0.149
0.219	0.178	0.219	0.157	0.219	0.150	0.219	0.152	0.219	0.149
0.220	0.176	0.220	0.157	0.220	0.152	0.220	0.150	0.220	0.143
0.221	0.178	0.221	0.158	0.221	0.146	0.221	0.143	0.221	0.147
0.222	0.175	0.222	0.153	0.222	0.149	0.222	0.147	0.222	0.149
0.223	0.169	0.223	0.150	0.223	0.149	0.223	0.147	0.223	0.144
0.224	0.170	0.224	0.152	0.224	0.153	0.224	0.143	0.224	0.146
0.225	0.172	0.225	0.161	0.225	0.143	0.225	0.146	0.225	0.140
0.226	0.172	0.226	0.153	0.226	0.147	0.226	0.150	0.226	0.143
0.227	0.175	0.227	0.157	0.227	0.143	0.227	0.140	0.227	0.140
0.228	0.170	0.228	0.152	0.228	0.157	0.228	0.144	0.228	0.146
0.229	0.178	0.229	0.155	0.229	0.147	0.229	0.149	0.229	0.141
0.230	0.172	0.230	0.153	0.230	0.149	0.230	0.143	0.230	0.146
0.231	0.173	0.231	0.157	0.231	0.149	0.231	0.144	0.231	0.140
0.232	0.175	0.232	0.158	0.232	0.146	0.232	0.144	0.232	0.141
0.233	0.172	0.233	0.153	0.233	0.149	0.233	0.143	0.233	0.146
0.234	0.169	0.234	0.141	0.234	0.141	0.234	0.141	0.234	0.140
0.235	0.172	0.235	0.152	0.235	0.150	0.235	0.141	0.235	0.149
0.236	0.167	0.236	0.152	0.236	0.141	0.236	0.140	0.236	0.144
0.237	0.170	0.237	0.150	0.237	0.149	0.237	0.144	0.237	0.141
0.238	0.167	0.238	0.155	0.238	0.141	0.238	0.144	0.238	0.138
0.239	0.172	0.239	0.149	0.239	0.147	0.239	0.143	0.239	0.146
0.240	0.176	0.240	0.144	0.240	0.144	0.240	0.143	0.240	0.146
0.241	0.173	0.241	0.150	0.241	0.146	0.241	0.143	0.241	0.138
0.242	0.170	0.242	0.153	0.242	0.147	0.242	0.143	0.242	0.141
0.243	0.167	0.243	0.155	0.243	0.144	0.243	0.146	0.243	0.138
0.244	0.173	0.244	0.153	0.244	0.144	0.244	0.137	0.244	0.138
0.245	0.170	0.245	0.155	0.245	0.141	0.245	0.144	0.245	0.135
0.246	0.173	0.246	0.150	0.246	0.141	0.246	0.144	0.246	0.143
0.247	0.166	0.247	0.155	0.247	0.143	0.247	0.144	0.247	0.141
0.248	0.173	0.248	0.150	0.248	0.144	0.248	0.140	0.248	0.141
0.249	0.178	0.249	0.147	0.249	0.141	0.249	0.140	0.249	0.135
0.250	0.172	0.250	0.149	0.250	0.146	0.250	0.146	0.250	0.140
0.251	0.169	0.251	0.155	0.251	0.147	0.251	0.140	0.251	0.138
0.252	0.169	0.252	0.152	0.252	0.140	0.252	0.143	0.252	0.143
0.253	0.169	0.253	0.146	0.253	0.144	0.253	0.143	0.253	0.143
0.254	0.172	0.254	0.152	0.254	0.143	0.254	0.132	0.254	0.144
0.255	0.181	0.255	0.153	0.255	0.144	0.255	0.140	0.255	0.137
0.256	0.170	0.256	0.155	0.256	0.146	0.256	0.138	0.256	0.138
0.257	0.172	0.257	0.153	0.257	0.141	0.257	0.130	0.257	0.135
0.258	0.170	0.258	0.153	0.258	0.144	0.258	0.140	0.258	0.138
0.259	0.178	0.259	0.147	0.259	0.141	0.259	0.147	0.259	0.144
0.260	0.167	0.260	0.152	0.260	0.146	0.260	0.140	0.260	0.137
0.261	0.167	0.261	0.149	0.261	0.144	0.261	0.140	0.261	0.140
0.262	0.173	0.262	0.149	0.262	0.143	0.262	0.140	0.262	0.129
0.263	0.167	0.263	0.158	0.263	0.143	0.263	0.140	0.263	0.137
0.264	0.167	0.264	0.160	0.264	0.141	0.264	0.141	0.264	0.130
0.265	0.173	0.265	0.147	0.265	0.144	0.265	0.138	0.265	0.137
0.266	0.169	0.266	0.146	0.266	0.146	0.266	0.143	0.266	0.134
0.267	0.161	0.267	0.150	0.267	0.143	0.267	0.138	0.267	0.138
0.268	0.170	0.268	0.152	0.268	0.143	0.268	0.140	0.268	0.140
0.269	0.164	0.269	0.146	0.269	0.140	0.269	0.134	0.269	0.132
0.270	0.169	0.270	0.147	0.270	0.141	0.270	0.135	0.270	0.132
0.271	0.169	0.271	0.150	0.271	0.146	0.271	0.137	0.271	0.138
0.272	0.169	0.272	0.150	0.272	0.138	0.272	0.140	0.272	0.130
0.273	0.169	0.273	0.152	0.273	0.141	0.273	0.137	0.273	0.135
0.274	0.170	0.274	0.147	0.274	0.141	0.274	0.141	0.274	0.137
0.275	0.170	0.275	0.146	0.275	0.140	0.275	0.134	0.275	0.137
0.276	0.170	0.276	0.150	0.276	0.140	0.276	0.138	0.276	0.137
0.277	0.164	0.277	0.150	0.277	0.140	0.277	0.138	0.277	0.132
0.278	0.166	0.278	0.149	0.278	0.141	0.278	0.140	0.278	0.130
0.279	0.163	0.279	0.147	0.279	0.138	0.279	0.132	0.279	0.137
0.280	0.164	0.280	0.149	0.280	0.141	0.280	0.138	0.280	0.137
0.281	0.161	0.281	0.146	0.281	0.140	0.281	0.144	0.281	0.130
0.282	0.169	0.282	0.147	0.282	0.135	0.282	0.134	0.282	0.137
0.283	0.160	0.283	0.146	0.283	0.141	0.283	0.132	0.283	0.134
0.284	0.160	0.284	0.149	0.284	0.137	0.284	0.127	0.284	0.130
0.285	0.163	0.285	0.149	0.285	0.138	0.285	0.130	0.285	0.134
0.286	0.160	0.286	0.140	0.286	0.138	0.286	0.137	0.286	0.127
0.287	0.167	0.287	0.143	0.287	0.135	0.287	0.130	0.287	0.127
0.288	0.157	0.288	0.141	0.288	0.135	0.288	0.129	0.288	0.127
0.289	0.157	0.289	0.138	0.289	0.135	0.289	0.129	0.289	0.126
0.290	0.158	0.290	0.146	0.290	0.137	0.290	0.134	0.290	0.129
0.291	0.158	0.291	0.141	0.291	0.132	0.291	0.127	0.291	0.126
0.292	0.157	0.292	0.143	0.292	0.137	0.292	0.129	0.292	0.127
0.293	0.157	0.293	0.135	0.293	0.132	0.293	0.124	0.293	0.123
0.294	0.160	0.294	0.141	0.294	0.134	0.294	0.126	0.294	0.124
0.295	0.160	0.295	0.140	0.295	0.132	0.295	0.129	0.295	0.127
0.296	0.153	0.296	0.138	0.296	0.124	0.296	0.129	0.296	0.123
0.297	0.153	0.297	0.137	0.297	0.130	0.297	0.126	0.297	0.123
0.298	0.158	0.298	0.135	0.298	0.130	0.298	0.126	0.298	0.117
0.299	0.153	0.299	0.137	0.299	0.130	0.299	0.124	0.299	0.126
0.300	0.150	0.300	0.138	0.300	0.137	0.300	0.117	0.300	0.120
0.301	0.149	0.301	0.134	0.301	0.129	0.301	0.126	0.301	0.118
0.302	0.147	0.302	0.137	0.302	0.124	0.302	0.121	0.302	0.124
0.303	0.146	0.303	0.137	0.303	0.126	0.303	0.123	0.303	0.118
0.304	0.146	0.304	0.130	0.304	0.127	0.304	0.120	0.304	0.118
0.305	0.140	0.305	0.132	0.305	0.123	0.305	0.121	0.305	0.117
0.306	0.147	0.306	0.130	0.306	0.124	0.306	0.118	0.306	0.121
0.307	0.147	0.307	0.134	0.307	0.121	0.307	0.117	0.307	0.117
0.308	0.140	0.308	0.127	0.308	0.120	0.308	0.124	0.308	0.115
0.309	0.146	0.309	0.127	0.309	0.127	0.309	0.117	0.309	0.111
0.310	0.140	0.310	0.129	0.310	0.124	0.310	0.120	0.310	0.107
0.311	0.141	0.311	0.127	0.311	0.121	0.311	0.112	0.311	0.112
0.312	0.141	0.312	0.126	0.312	0.121	0.312	0.111	0.312	0.118
0.313	0.137	0.313	0.124	0.313	0.118	0.313	0.114	0.313	0.112
0.314	0.138	0.314	0.123	0.314	0.115	0.314	0.115	0.314	0.112
0.315	0.144	0.315	0.126	0.315	0.111	0.315	0.115	0.315	0.109
0.316	0.130	0.316	0.123	0.316	0.117	0.316	0.109	0.316	0.112
0.317	0.138	0.317	0.126	0.317	0.120	0.317	0.112	0.317	0.103
0.318	0.134	0.318	0.127	0.318	0.107	0.318	0.111	0.318	0.104
0.319	0.134	0.319	0.117	0.319	0.111	0.319	0.106	0.319	0.117
0.320	0.134	0.320	0.121	0.320	0.109	0.320	0.107	0.320	0.103
0.321	0.134	0.321	0.117	0.321	0.114	0.321	0.106	0.321	0.101
0.322	0.134	0.322	0.126	0.322	0.114	0.322	0.106	0.322	0.100
0.323	0.129	0.323	0.120	0.323	0.109	0.323	0.104	0.323	0.101
0.324	0.127	0.324	0.114	0.324	0.107	0.324	0.106	0.324	0.098
0.325	0.127	0.325	0.111	0.325	0.106	0.325	0.104	0.325	0.100
0.326	0.130	0.326	0.115	0.326	0.109	0.326	0.100	0.326	0.101
0.327	0.123	0.327	0.107	0.327	0.107	0.327	0.101	0.327	0.101
0.328	0.123	0.328	0.114	0.328	0.100	0.328	0.100	0.328	0.100
0.329	0.129	0.329	0.112	0.329	0.101	0.329	0.101	0.329	0.098
0.330	0.121	0.330	0.107	0.330	0.107	0.330	0.097	0.330	0.095
0.331	0.121	0.331	0.109	0.331	0.103	0.331	0.098	0.331	0.095
0.332	0.120	0.332	0.107	0.332	0.100	0.332	0.097	0.332	0.092
0.333	0.120	0.333	0.111	0.333	0.100	0.333	0.092	0.333	0.091
0.334	0.117	0.334	0.104	0.334	0.098	0.334	0.097	0.334	0.095
0.335	0.115	0.335	0.103	0.335	0.097	0.335	0.092	0.335	0.094
0.336	0.118	0.336	0.107	0.336	0.100	0.336	0.097	0.336	0.091
0.337	0.118	0.337	0.100	0.337	0.097	0.337	0.098	0.337	0.091
0.338	0.114	0.338	0.100	0.338	0.091	0.338	0.089	0.338	0.095
0.339	0.120	0.339	0.098	0.339	0.095	0.339	0.086	0.339	0.091
0.340	0.115	0.340	0.104	0.340	0.092	0.340	0.091	0.340	0.083
0.341	0.114	0.341	0.097	0.341	0.094	0.341	0.089	0.341	0.084
0.342	0.111	0.342	0.098	0.342	0.097	0.342	0.084	0.342	0.091
0.343	0.109	0.343	0.101	0.343	0.094	0.343	0.084	0.343	0.089
0.344	0.104	0.344	0.098	0.344	0.088	0.344	0.088	0.344	0.081
0.345	0.114	0.345	0.100	0.345	0.094	0.345	0.088	0.345	0.083
0.346	0.095	0.346	0.095	0.346	0.089	0.346	0.084	0.346	0.083
0.347	0.111	0.347	0.097	0.347	0.091	0.347	0.086	0.347	0.084
0.348	0.107	0.348	0.095	0.348	0.083	0.348	0.088	0.348	0.081
0.349	0.103	0.349	0.088	0.349	0.081	0.349	0.084	0.349	0.083
0.350	0.098	0.350	0.094	0.350	0.086	0.350	0.083	0.350	0.083
0.351	0.111	0.351	0.089	0.351	0.081	0.351	0.081	0.351	0.077
0.352	0.103	0.352	0.092	0.352	0.089	0.352	0.084	0.352	0.083
0.353	0.104	0.353	0.091	0.353	0.089	0.353	0.081	0.353	0.081
0.354	0.103	0.354	0.091	0.354	0.089	0.354	0.080	0.354	0.084
0.355	0.098	0.355	0.095	0.355	0.089	0.355	0.080	0.355	0.081
0.356	0.100	0.356	0.091	0.356	0.088	0.356	0.086	0.356	0.081
0.357	0.109	0.357	0.084	0.357	0.081	0.357	0.081	0.357	0.080
0.358	0.092	0.358	0.091	0.358	0.088	0.358	0.086	0.358	0.077
0.359	0.111	0.359	0.088	0.359	0.084	0.359	0.078	0.359	0.080
0.360	0.101	0.360	0.088	0.360	0.078	0.360	0.080	0.360	0.081
0.361	0.101	0.361	0.089	0.361	0.086	0.361	0.080	0.361	0.078
0.362	0.094	0.362	0.089	0.362	0.088	0.362	0.084	0.362	0.075
0.363	0.097	0.363	0.095	0.363	0.088	0.363	0.084	0.363	0.078
0.364	0.097	0.364	0.089	0.364	0.080	0.364	0.078	0.364	0.077
0.365	0.094	0.365	0.089	0.365	0.081	0.365	0.075	0.365	0.075
0.366	0.098	0.366	0.086	0.366	0.084	0.366	0.078	0.366	0.080
0.367	0.097	0.367	0.089	0.367	0.086	0.367	0.081	0.367	0.078
0.368	0.094	0.368	0.091	0.368	0.080	0.368	0.077	0.368	0.072
0.369	0.094	0.369	0.088	0.369	0.081	0.369	0.081	0.369	0.071
0.370	0.097	0.370	0.092	0.370	0.083	0.370	0.072	0.370	0.080
0.371	0.095	0.371	0.088	0.371	0.077	0.371	0.086	0.371	0.080
0.372	0.094	0.372	0.086	0.372	0.081	0.372	0.077	0.372	0.080
0.373	0.097	0.373	0.088	0.373	0.081	0.373	0.080	0.373	0.080
0.374	0.095	0.374	0.088	0.374	0.080	0.374	0.078	0.374	0.075
0.375	0.089	0.375	0.089	0.375	0.077	0.375	0.081	0.375	0.077
0.376	0.094	0.376	0.088	0.376	0.086	0.376	0.078	0.376	0.077
0.377	0.095	0.377	0.089	0.377	0.083	0.377	0.077	0.377	0.077
0.378	0.100	0.378	0.086	0.378	0.078	0.378	0.072	0.378	0.080
0.379	0.092	0.379	0.088	0.379	0.080	0.379	0.074	0.379	0.080
0.380	0.097	0.380	0.089	0.380	0.083	0.380	0.081	0.380	0.074
0.381	0.094	0.381	0.091	0.381	0.084	0.381	0.075	0.381	0.083
0.382	0.095	0.382	0.092	0.382	0.078	0.382	0.077	0.382	0.077
0.383	0.095	0.383	0.084	0.383	0.080	0.383	0.078	0.383	0.077
0.384	0.097	0.384	0.088	0.384	0.084	0.384	0.075	0.384	0.078
0.385	0.091	0.385	0.089	0.385	0.084	0.385	0.080	0.385	0.081
0.386	0.095	0.386	0.092	0.386	0.084	0.386	0.080	0.386	0.083
0.387	0.097	0.387	0.086	0.387	0.086	0.387	0.080	0.387	0.080
0.388	0.098	0.388	0.088	0.388	0.089	0.388	0.084	0.388	0.080
0.389	0.092	0.389	0.089	0.389	0.084	0.389	0.083	0.389	0.078
0.390	0.094	0.390	0.086	0.390	0.086	0.390	0.084	0.390	0.080
0.391	0.089	0.391	0.084	0.391	0.078	0.391	0.077	0.391	0.078
0.392	0.097	0.392	0.089	0.392	0.088	0.392	0.078	0.392	0.081
0.393	0.094	0.393	0.092	0.393	0.089	0.393	0.086	0.393	0.083
0.394	0.097	0.394	0.088	0.394	0.088	0.394	0.088	0.394	0.075
0.395	0.101	0.395	0.088	0.395	0.088	0.395	0.083	0.395	0.077
0.396	0.101	0.396	0.091	0.396	0.083	0.396	0.081	0.396	0.080
0.397	0.098	0.397	0.089	0.397	0.086	0.397	0.084	0.397	0.086
0.398	0.098	0.398	0.092	0.398	0.086	0.398	0.083	0.398	0.088
0.399	0.098	0.399	0.094	0.399	0.089	0.399	0.088	0.399	0.086
0.400	0.098	0.400	0.095	0.400	0.091	0.400	0.083	0.400	0.084
0.401	0.098	0.401	0.091	0.401	0.091	0.401	0.088	0.401	0.088
0.402	0.097	0.402	0.092	0.402	0.094	0.402	0.084	0.402	0.080
0.403	0.101	0.403	0.097	0.403	0.089	0.403	0.084	0.403	0.081
0.404	0.101	0.404	0.094	0.404	0.092	0.404	0.091	0.404	0.089
0.405	0.100	0.405	0.094	0.405	0.091	0.405	0.091	0.405	0.088
0.406	0.101	0.406	0.098	0.406	0.092	0.406	0.088	0.406	0.086
0.407	0.100	0.407	0.095	0.407	0.091	0.407	0.089	0.407	0.088
0.408	0.100	0.408	0.100	0.408	0.097	0.408	0.092	0.408	0.088
0.409	0.100	0.409	0.101	0.409	0.094	0.409	0.091	0.409	0.091
0.410	0.103	0.410	0.098	0.410	0.097	0.410	0.084	0.410	0.089
0.411	0.098	0.411	0.095	0.411	0.094	0.411	0.097	0.411	0.089
0.412	0.104	0.412	0.094	0.412	0.091	0.412	0.092	0.412	0.088
0.413	0.100	0.413	0.098	0.413	0.092	0.413	0.094	0.413	0.086
0.414	0.100	0.414	0.098	0.414	0.092	0.414	0.095	0.414	0.091
0.415	0.104	0.415	0.100	0.415	0.091	0.415	0.095	0.415	0.086
0.416	0.101	0.416	0.104	0.416	0.100	0.416	0.098	0.416	0.097
0.417	0.104	0.417	0.101	0.417	0.094	0.417	0.092	0.417	0.091
0.418	0.104	0.418	0.101	0.418	0.098	0.418	0.095	0.418	0.094
0.419	0.103	0.419	0.101	0.419	0.095	0.419	0.086	0.419	0.092
0.420	0.106	0.420	0.097	0.420	0.097	0.420	0.106	0.420	0.089
0.421	0.107	0.421	0.104	0.421	0.095	0.421	0.095	0.421	0.097
0.422	0.112	0.422	0.103	0.422	0.097	0.422	0.100	0.422	0.095
0.423	0.106	0.423	0.103	0.423	0.098	0.423	0.098	0.423	0.097
0.424	0.107	0.424	0.100	0.424	0.101	0.424	0.101	0.424	0.095
0.425	0.114	0.425	0.103	0.425	0.101	0.425	0.095	0.425	0.095
0.426	0.114	0.426	0.103	0.426	0.101	0.426	0.098	0.426	0.095
0.427	0.112	0.427	0.106	0.427	0.098	0.427	0.094	0.427	0.097
0.428	0.112	0.428	0.106	0.428	0.104	0.428	0.104	0.428	0.100
0.429	0.114	0.429	0.112	0.429	0.111	0.429	0.094	0.429	0.103
0.430	0.114	0.430	0.112	0.430	0.103	0.430	0.098	0.430	0.104
0.431	0.111	0.431	0.107	0.431	0.106	0.431	0.094	0.431	0.095
0.432	0.112	0.432	0.109	0.432	0.111	0.432	0.101	0.432	0.100
0.433	0.111	0.433	0.109	0.433	0.109	0.433	0.104	0.433	0.098
0.434	0.115	0.434	0.112	0.434	0.104	0.434	0.106	0.434	0.101
0.435	0.121	0.435	0.106	0.435	0.107	0.435	0.106	0.435	0.101
0.436	0.118	0.436	0.114	0.436	0.101	0.436	0.106	0.436	0.107
0.437	0.112	0.437	0.112	0.437	0.109	0.437	0.101	0.437	0.106
0.438	0.117	0.438	0.107	0.438	0.109	0.438	0.103	0.438	0.104
0.439	0.121	0.439	0.115	0.439	0.112	0.439	0.109	0.439	0.107
0.440	0.118	0.440	0.114	0.440	0.107	0.440	0.101	0.440	0.107
0.441	0.120	0.441	0.103	0.441	0.112	0.441	0.101	0.441	0.101
0.442	0.118	0.442	0.117	0.442	0.114	0.442	0.107	0.442	0.106
0.443	0.118	0.443	0.118	0.443	0.109	0.443	0.107	0.443	0.109
0.444	0.118	0.444	0.111	0.444	0.109	0.444	0.114	0.444	0.104
0.445	0.118	0.445	0.118	0.445	0.114	0.445	0.109	0.445	0.106
0.446	0.115	0.446	0.112	0.446	0.111	0.446	0.109	0.446	0.111
0.447	0.123	0.447	0.118	0.447	0.115	0.447	0.106	0.447	0.111
0.448	0.120	0.448	0.120	0.448	0.115	0.448	0.114	0.448	0.111
0.449	0.120	0.449	0.115	0.449	0.114	0.449	0.106	0.449	0.104
0.450	0.120	0.450	0.115	0.450	0.117	0.450	0.111	0.450	0.114
0.451	0.126	0.451	0.111	0.451	0.115	0.451	0.111	0.451	0.107
0.452	0.126	0.452	0.118	0.452	0.117	0.452	0.117	0.452	0.107
0.453	0.123	0.453	0.117	0.453	0.114	0.453	0.115	0.453	0.111
0.454	0.121	0.454	0.118	0.454	0.115	0.454	0.109	0.454	0.112
0.455	0.127	0.455	0.117	0.455	0.117	0.455	0.117	0.455	0.114
0.456	0.121	0.456	0.115	0.456	0.115	0.456	0.114	0.456	0.117
0.457	0.123	0.457	0.115	0.457	0.112	0.457	0.111	0.457	0.107
0.458	0.127	0.458	0.121	0.458	0.117	0.458	0.111	0.458	0.117
0.459	0.120	0.459	0.118	0.459	0.117	0.459	0.117	0.459	0.114
0.460	0.129	0.460	0.123	0.460	0.117	0.460	0.117	0.460	0.114
0.461	0.126	0.461	0.120	0.461	0.118	0.461	0.123	0.461	0.114
0.462	0.127	0.462	0.120	0.462	0.115	0.462	0.117	0.462	0.112
0.463	0.126	0.463	0.126	0.463	0.121	0.463	0.117	0.463	0.117
0.464	0.129	0.464	0.121	0.464	0.121	0.464	0.118	0.464	0.117
0.465	0.130	0.465	0.124	0.465	0.126	0.465	0.120	0.465	0.117
0.466	0.129	0.466	0.124	0.466	0.121	0.466	0.115	0.466	0.117
0.467	0.130	0.467	0.129	0.467	0.127	0.467	0.117	0.467	0.118
0.468	0.130	0.468	0.132	0.468	0.124	0.468	0.118	0.468	0.114
0.469	0.132	0.469	0.124	0.469	0.121	0.469	0.121	0.469	0.117
0.470	0.134	0.470	0.130	0.470	0.123	0.470	0.129	0.470	0.117
0.471	0.129	0.471	0.134	0.471	0.126	0.471	0.123	0.471	0.120
0.472	0.137	0.472	0.132	0.472	0.124	0.472	0.124	0.472	0.123
0.473	0.138	0.473	0.129	0.473	0.124	0.473	0.120	0.473	0.120
0.474	0.135	0.474	0.132	0.474	0.129	0.474	0.124	0.474	0.120
0.475	0.137	0.475	0.130	0.475	0.130	0.475	0.132	0.475	0.126
0.476	0.138	0.476	0.130	0.476	0.127	0.476	0.127	0.476	0.129
0.477	0.140	0.477	0.134	0.477	0.129	0.477	0.127	0.477	0.120
0.478	0.141	0.478	0.132	0.478	0.127	0.478	0.126	0.478	0.126
0.479	0.134	0.479	0.134	0.479	0.132	0.479	0.129	0.479	0.126
0.480	0.141	0.480	0.134	0.480	0.130	0.480	0.132	0.480	0.129
0.481	0.146	0.481	0.135	0.481	0.138	0.481	0.134	0.481	0.126
0.482	0.141	0.482	0.138	0.482	0.140	0.482	0.137	0.482	0.134
0.483	0.143	0.483	0.141	0.483	0.140	0.483	0.130	0.483	0.127
0.484	0.143	0.484	0.132	0.484	0.135	0.484	0.129	0.484	0.132
0.485	0.147	0.485	0.141	0.485	0.138	0.485	0.137	0.485	0.138
0.486	0.153	0.486	0.144	0.486	0.134	0.486	0.141	0.486	0.137
0.487	0.147	0.487	0.146	0.487	0.146	0.487	0.141	0.487	0.134
0.488	0.155	0.488	0.146	0.488	0.146	0.488	0.141	0.488	0.138
0.489	0.152	0.489	0.143	0.489	0.147	0.489	0.141	0.489	0.144
0.490	0.147	0.490	0.150	0.490	0.149	0.490	0.147	0.490	0.141
0.491	0.155	0.491	0.149	0.491	0.153	0.491	0.147	0.491	0.146
0.492	0.153	0.492	0.153	0.492	0.153	0.492	0.147	0.492	0.152
0.493	0.158	0.493	0.158	0.493	0.158	0.493	0.153	0.493	0.146
0.494	0.163	0.494	0.163	0.494	0.160	0.494	0.147	0.494	0.150
0.495	0.164	0.495	0.166	0.495	0.153	0.495	0.153	0.495	0.153
0.496	0.163	0.496	0.158	0.496	0.157	0.496	0.158	0.496	0.153
0.497	0.169	0.497	0.163	0.497	0.164	0.497	0.163	0.497	0.157
0.498	0.172	0.498	0.176	0.498	0.166	0.498	0.163	0.498	0.163
0.499	0.176	0.499	0.170	0.499	0.166	0.499	0.164	0.499	0.160
0.500	0.109	0.500	0.106	0.500	0.111	0.500	0.106	0.500	0.104
0.499	0.043	0.499	0.046	0.499	0.046	0.499	0.040	0.499	0.045
0.498	0.000	0.498	0.000	0.498	-0.003	0.498	-0.005	0.498	-0.006
0.497	-0.034	0.497	-0.031	0.497	-0.031	0.497	-0.038	0.497	-0.037
0.496	-0.052	0.496	-0.057	0.496	-0.060	0.496	-0.060	0.496	-0.063
0.495	-0.072	0.495	-0.077	0.495	-0.072	0.495	-0.077	0.495	-0.074
0.494	-0.083	0.494	-0.086	0.494	-0.087	0.494	-0.083	0.494	-0.089
0.493	-0.089	0.493	-0.092	0.493	-0.092	0.493	-0.092	0.493	-0.095
0.492	-0.093	0.492	-0.093	0.492	-0.086	0.492	-0.095	0.492	-0.098
0.491	-0.098	0.491	-0.098	0.491	-0.097	0.491	-0.095	0.491	-0.106
0.490	-0.098	0.490	-0.098	0.490	-0.101	0.490	-0.101	0.490	-0.100
0.489	-0.095	0.489	-0.098	0.489	-0.103	0.489	-0.103	0.489	-0.101
0.488	-0.106	0.488	-0.100	0.488	-0.101	0.488	-0.104	0.488	-0.104
0.487	-0.104	0.487	-0.103	0.487	-0.100	0.487	-0.107	0.487	-0.103
0.486	-0.106	0.486	-0.104	0.486	-0.103	0.486	-0.106	0.486	-0.104
0.485	-0.100	0.485	-0.101	0.485	-0.103	0.485	-0.106	0.485	-0.104
0.484	-0.101	0.484	-0.101	0.484	-0.103	0.484	-0.110	0.484	-0.115
0.483	-0.104	0.483	-0.106	0.483	-0.101	0.483	-0.101	0.483	-0.106
0.482	-0.101	0.482	-0.107	0.482	-0.101	0.482	-0.106	0.482	-0.106
0.481	-0.109	0.481	-0.106	0.481	-0.106	0.481	-0.103	0.481	-0.110
0.480	-0.101	0.480	-0.107	0.480	-0.109	0.480	-0.107	0.480	-0.107
0.479	-0.107	0.479	-0.104	0.479	-0.098	0.479	-0.106	0.479	-0.109
0.478	-0.101	0.478	-0.107	0.478	-0.104	0.478	-0.104	0.478	-0.107
0.477	-0.101	0.477	-0.100	0.477	-0.101	0.477	-0.109	0.477	-0.106
0.476	-0.098	0.476	-0.103	0.476	-0.104	0.476	-0.107	0.476	-0.103
0.475	-0.104	0.475	-0.104	0.475	-0.101	0.475	-0.101	0.475	-0.110
0.474	-0.097	0.474	-0.104	0.474	-0.104	0.474	-0.104	0.474	-0.109
0.473	-0.101	0.473	-0.104	0.473	-0.104	0.473	-0.104	0.473	-0.103
0.472	-0.098	0.472	-0.103	0.472	-0.103	0.472	-0.103	0.472	-0.107
0.471	-0.100	0.471	-0.101	0.471	-0.100	0.471	-0.103	0.471	-0.107
0.470	-0.104	0.470	-0.106	0.470	-0.101	0.470	-0.101	0.470	-0.106
0.469	-0.106	0.469	-0.103	0.469	-0.106	0.469	-0.103	0.469	-0.103
0.468	-0.093	0.468	-0.101	0.468	-0.106	0.468	-0.106	0.468	-0.104
0.467	-0.103	0.467	-0.100	0.467	-0.103	0.467	-0.100	0.467	-0.106
0.466	-0.100	0.466	-0.100	0.466	-0.101	0.466	-0.101	0.466	-0.104
0.465	-0.100	0.465	-0.101	0.465	-0.100	0.465	-0.104	0.465	-0.109
0.464	-0.104	0.464	-0.104	0.464	-0.101	0.464	-0.104	0.464	-0.100
0.463	-0.101	0.463	-0.095	0.463	-0.101	0.463	-0.100	0.463	-0.103
0.462	-0.103	0.462	-0.098	0.462	-0.101	0.462	-0.104	0.462	-0.101
0.461	-0.101	0.461	-0.100	0.461	-0.095	0.461	-0.104	0.461	-0.107
0.460	-0.101	0.460	-0.103	0.460	-0.103	0.460	-0.101	0.460	-0.103
0.459	-0.095	0.459	-0.101	0.459	-0.106	0.459	-0.107	0.459	-0.106
0.458	-0.106	0.458	-0.101	0.458	-0.098	0.458	-0.100	0.458	-0.103
0.457	-0.098	0.457	-0.097	0.457	-0.097	0.457	-0.104	0.457	-0.100
0.456	-0.098	0.456	-0.097	0.456	-0.097	0.456	-0.098	0.456	-0.104
0.455	-0.093	0.455	-0.100	0.455	-0.100	0.455	-0.098	0.455	-0.101
0.454	-0.101	0.454	-0.100	0.454	-0.101	0.454	-0.101	0.454	-0.093
0.453	-0.101	0.453	-0.098	0.453	-0.097	0.453	-0.098	0.453	-0.104
0.452	-0.098	0.452	-0.100	0.452	-0.097	0.452	-0.098	0.452	-0.104
0.451	-0.100	0.451	-0.100	0.451	-0.093	0.451	-0.100	0.451	-0.093
0.450	-0.098	0.450	-0.101	0.450	-0.101	0.450	-0.101	0.450	-0.095
0.449	-0.100	0.449	-0.097	0.449	-0.092	0.449	-0.097	0.449	-0.103
0.448	-0.098	0.448	-0.095	0.448	-0.098	0.448	-0.097	0.448	-0.101
0.447	-0.095	0.447	-0.098	0.447	-0.098	0.447	-0.098	0.447	-0.101
0.446	-0.095	0.446	-0.098	0.446	-0.097	0.446	-0.098	0.446	-0.100
0.445	-0.097	0.445	-0.093	0.445	-0.098	0.445	-0.095	0.445	-0.100
0.444	-0.097	0.444	-0.098	0.444	-0.097	0.444	-0.095	0.444	-0.101
0.443	-0.098	0.443	-0.101	0.443	-0.098	0.443	-0.104	0.443	-0.097
0.442	-0.100	0.442	-0.100	0.442	-0.095	0.442	-0.098	0.442	-0.098
0.441	-0.098	0.441	-0.097	0.441	-0.095	0.441	-0.097	0.441	-0.093
0.440	-0.098	0.440	-0.097	0.440	-0.101	0.440	-0.090	0.440	-0.098
0.439	-0.098	0.439	-0.098	0.439	-0.093	0.439	-0.093	0.439	-0.098
0.438	-0.101	0.438	-0.100	0.438	-0.093	0.438	-0.100	0.438	-0.103
0.437	-0.095	0.437	-0.097	0.437	-0.101	0.437	-0.100	0.437	-0.093
0.436	-0.103	0.436	-0.100	0.436	-0.097	0.436	-0.095	0.436	-0.093
0.435	-0.095	0.435	-0.095	0.435	-0.093	0.435	-0.092	0.435	-0.101
0.434	-0.095	0.434	-0.097	0.434	-0.092	0.434	-0.098	0.434	-0.095
0.433	-0.100	0.433	-0.095	0.433	-0.092	0.433	-0.101	0.433	-0.093
0.432	-0.097	0.432	-0.097	0.432	-0.095	0.432	-0.097	0.432	-0.098
0.431	-0.097	0.431	-0.093	0.431	-0.098	0.431	-0.100	0.431	-0.100
0.430	-0.097	0.430	-0.098	0.430	-0.092	0.430	-0.097	0.430	-0.097
0.429	-0.093	0.429	-0.097	0.429	-0.095	0.429	-0.100	0.429	-0.089
0.428	-0.098	0.428	-0.097	0.428	-0.095	0.428	-0.100	0.428	-0.097
0.427	-0.090	0.427	-0.100	0.427	-0.095	0.427	-0.101	0.427	-0.101
0.426	-0.097	0.426	-0.098	0.426	-0.095	0.426	-0.097	0.426	-0.093
0.425	-0.097	0.425	-0.098	0.425	-0.097	0.425	-0.093	0.425	-0.101
0.424	-0.097	0.424	-0.095	0.424	-0.095	0.424	-0.092	0.424	-0.092
0.423	-0.098	0.423	-0.097	0.423	-0.093	0.423	-0.092	0.423	-0.093
0.422	-0.093	0.422	-0.097	0.422	-0.084	0.422	-0.087	0.422	-0.093
0.421	-0.093	0.421	-0.098	0.421	-0.093	0.421	-0.090	0.421	-0.095
0.420	-0.093	0.420	-0.097	0.420	-0.092	0.420	-0.092	0.420	-0.097
0.419	-0.093	0.419	-0.093	0.419	-0.095	0.419	-0.092	0.419	-0.095
0.418	-0.097	0.418	-0.090	0.418	-0.093	0.418	-0.092	0.418	-0.095
0.417	-0.093	0.417	-0.093	0.417	-0.093	0.417	-0.086	0.417	-0.092
0.416	-0.097	0.416	-0.090	0.416	-0.093	0.416	-0.092	0.416	-0.089
0.415	-0.098	0.415	-0.093	0.415	-0.090	0.415	-0.090	0.415	-0.093
0.414	-0.093	0.414	-0.090	0.414	-0.087	0.414	-0.089	0.414	-0.092
0.413	-0.090	0.413	-0.092	0.413	-0.095	0.413	-0.092	0.413	-0.092
0.412	-0.092	0.412	-0.090	0.412	-0.092	0.412	-0.090	0.412	-0.092
0.411	-0.092	0.411	-0.095	0.411	-0.092	0.411	-0.092	0.411	-0.092
0.410	-0.093	0.410	-0.093	0.410	-0.092	0.410	-0.087	0.410	-0.093
0.409	-0.092	0.409	-0.093	0.409	-0.093	0.409	-0.092	0.409	-0.089
0.408	-0.092	0.408	-0.089	0.408	-0.086	0.408	-0.092	0.408	-0.092
0.407	-0.092	0.407	-0.092	0.407	-0.090	0.407	-0.086	0.407	-0.090
0.406	-0.090	0.406	-0.089	0.406	-0.092	0.406	-0.090	0.406	-0.093
0.405	-0.084	0.405	-0.092	0.405	-0.090	0.405	-0.090	0.405	-0.092
0.404	-0.090	0.404	-0.090	0.404	-0.089	0.404	-0.089	0.404	-0.095
0.403	-0.092	0.403	-0.090	0.403	-0.087	0.403	-0.086	0.403	-0.087
0.402	-0.090	0.402	-0.092	0.402	-0.084	0.402	-0.089	0.402	-0.090
0.401	-0.092	0.401	-0.092	0.401	-0.090	0.401	-0.087	0.401	-0.090
0.400	-0.087	0.400	-0.087	0.400	-0.092	0.400	-0.089	0.400	-0.087
0.399	-0.086	0.399	-0.090	0.399	-0.086	0.399	-0.081	0.399	-0.090
0.398	-0.090	0.398	-0.089	0.398	-0.087	0.398	-0.087	0.398	-0.089
0.397	-0.083	0.397	-0.089	0.397	-0.084	0.397	-0.090	0.397	-0.090
0.396	-0.089	0.396	-0.086	0.396	-0.086	0.396	-0.089	0.396	-0.090
0.395	-0.086	0.395	-0.090	0.395	-0.089	0.395	-0.084	0.395	-0.089
0.394	-0.087	0.394	-0.087	0.394	-0.090	0.394	-0.086	0.394	-0.089
0.393	-0.086	0.393	-0.092	0.393	-0.089	0.393	-0.083	0.393	-0.084
0.392	-0.087	0.392	-0.086	0.392	-0.090	0.392	-0.084	0.392	-0.081
0.391	-0.089	0.391	-0.084	0.391	-0.084	0.391	-0.087	0.391	-0.086
0.390	-0.081	0.390	-0.083	0.390	-0.083	0.390	-0.081	0.390	-0.087
0.389	-0.084	0.389	-0.086	0.389	-0.086	0.389	-0.086	0.389	-0.084
0.388	-0.083	0.388	-0.083	0.388	-0.087	0.388	-0.086	0.388	-0.087
0.387	-0.087	0.387	-0.090	0.387	-0.086	0.387	-0.084	0.387	-0.089
0.386	-0.081	0.386	-0.084	0.386	-0.081	0.386	-0.086	0.386	-0.093
0.385	-0.087	0.385	-0.083	0.385	-0.086	0.385	-0.081	0.385	-0.086
0.384	-0.081	0.384	-0.087	0.384	-0.084	0.384	-0.081	0.384	-0.087
0.383	-0.086	0.383	-0.081	0.383	-0.081	0.383	-0.083	0.383	-0.084
0.382	-0.086	0.382	-0.081	0.382	-0.083	0.382	-0.080	0.382	-0.075
0.381	-0.083	0.381	-0.087	0.381	-0.087	0.381	-0.078	0.381	-0.086
0.380	-0.083	0.380	-0.081	0.380	-0.081	0.380	-0.083	0.380	-0.081
0.379	-0.089	0.379	-0.084	0.379	-0.084	0.379	-0.084	0.379	-0.080
0.378	-0.083	0.378	-0.084	0.378	-0.083	0.378	-0.078	0.378	-0.087
0.377	-0.081	0.377	-0.080	0.377	-0.083	0.377	-0.075	0.377	-0.089
0.376	-0.086	0.376	-0.083	0.376	-0.078	0.376	-0.083	0.376	-0.084
0.375	-0.086	0.375	-0.084	0.375	-0.077	0.375	-0.081	0.375	-0.086
0.374	-0.080	0.374	-0.084	0.374	-0.084	0.374	-0.089	0.374	-0.083
0.373	-0.083	0.373	-0.081	0.373	-0.077	0.373	-0.081	0.373	-0.081
0.372	-0.086	0.372	-0.080	0.372	-0.080	0.372	-0.083	0.372	-0.083
0.371	-0.083	0.371	-0.081	0.371	-0.072	0.371	-0.081	0.371	-0.081
0.370	-0.081	0.370	-0.087	0.370	-0.081	0.370	-0.084	0.370	-0.083
0.369	-0.083	0.369	-0.084	0.369	-0.078	0.369	-0.075	0.369	-0.086
0.368	-0.086	0.368	-0.087	0.368	-0.078	0.368	-0.081	0.368	-0.083
0.367	-0.087	0.367	-0.078	0.367	-0.083	0.367	-0.083	0.367	-0.083
0.366	-0.083	0.366	-0.083	0.366	-0.078	0.366	-0.084	0.366	-0.077
0.365	-0.086	0.365	-0.083	0.365	-0.084	0.365	-0.080	0.365	-0.078
0.364	-0.084	0.364	-0.083	0.364	-0.083	0.364	-0.078	0.364	-0.086
0.363	-0.084	0.363	-0.086	0.363	-0.086	0.363	-0.081	0.363	-0.084
0.362	-0.086	0.362	-0.081	0.362	-0.080	0.362	-0.089	0.362	-0.078
0.361	-0.084	0.361	-0.081	0.361	-0.084	0.361	-0.087	0.361	-0.083
0.360	-0.087	0.360	-0.084	0.360	-0.083	0.360	-0.083	0.360	-0.087
0.359	-0.084	0.359	-0.075	0.359	-0.083	0.359	-0.078	0.359	-0.078
0.358	-0.080	0.358	-0.080	0.358	-0.081	0.358	-0.078	0.358	-0.084
0.357	-0.087	0.357	-0.080	0.357	-0.083	0.357	-0.080	0.357	-0.083
0.356	-0.086	0.356	-0.080	0.356	-0.084	0.356	-0.084	0.356	-0.083
0.355	-0.083	0.355	-0.083	0.355	-0.081	0.355	-0.081	0.355	-0.083
0.354	-0.083	0.354	-0.086	0.354	-0.084	0.354	-0.083	0.354	-0.090
0.353	-0.087	0.353	-0.083	0.353	-0.084	0.353	-0.083	0.353	-0.080
0.352	-0.084	0.352	-0.087	0.352	-0.087	0.352	-0.084	0.352	-0.090
0.351	-0.089	0.351	-0.092	0.351	-0.084	0.351	-0.081	0.351	-0.090
0.350	-0.086	0.350	-0.084	0.350	-0.081	0.350	-0.083	0.350	-0.086
0.349	-0.087	0.349	-0.090	0.349	-0.083	0.349	-0.087	0.349	-0.081
0.348	-0.089	0.348	-0.086	0.348	-0.081	0.348	-0.087	0.348	-0.083
0.347	-0.084	0.347	-0.084	0.347	-0.090	0.347	-0.081	0.347	-0.084
0.346	-0.089	0.346	-0.087	0.346	-0.087	0.346	-0.083	0.346	-0.084
0.345	-0.087	0.345	-0.087	0.345	-0.084	0.345	-0.086	0.345	-0.084
0.344	-0.089	0.344	-0.089	0.344	-0.083	0.344	-0.086	0.344	-0.087
0.343	-0.089	0.343	-0.089	0.343	-0.084	0.343	-0.081	0.343	-0.084
0.342	-0.089	0.342	-0.087	0.342	-0.084	0.342	-0.084	0.342	-0.089
0.341	-0.089	0.341	-0.089	0.341	-0.089	0.341	-0.087	0.341	-0.087
0.340	-0.095	0.340	-0.089	0.340	-0.087	0.340	-0.087	0.340	-0.089
0.339	-0.089	0.339	-0.090	0.339	-0.087	0.339	-0.089	0.339	-0.087
0.338	-0.092	0.338	-0.090	0.338	-0.089	0.338	-0.087	0.338	-0.095
0.337	-0.093	0.337	-0.090	0.337	-0.086	0.337	-0.086	0.337	-0.090
0.336	-0.092	0.336	-0.092	0.336	-0.090	0.336	-0.089	0.336	-0.090
0.335	-0.090	0.335	-0.090	0.335	-0.089	0.335	-0.090	0.335	-0.089
0.334	-0.093	0.334	-0.092	0.334	-0.090	0.334	-0.093	0.334	-0.087
0.333	-0.097	0.333	-0.089	0.333	-0.090	0.333	-0.092	0.333	-0.092
0.332	-0.093	0.332	-0.093	0.332	-0.093	0.332	-0.090	0.332	-0.089
0.331	-0.092	0.331	-0.092	0.331	-0.092	0.331	-0.093	0.331	-0.093
0.330	-0.095	0.330	-0.097	0.330	-0.093	0.330	-0.089	0.330	-0.093
0.329	-0.093	0.329	-0.093	0.329	-0.093	0.329	-0.089	0.329	-0.090
0.328	-0.095	0.328	-0.097	0.328	-0.092	0.328	-0.090	0.328	-0.093
0.327	-0.098	0.327	-0.093	0.327	-0.092	0.327	-0.092	0.327	-0.093
0.326	-0.100	0.326	-0.092	0.326	-0.092	0.326	-0.098	0.326	-0.095
0.325	-0.098	0.325	-0.092	0.325	-0.097	0.325	-0.098	0.325	-0.092
0.324	-0.097	0.324	-0.097	0.324	-0.093	0.324	-0.095	0.324	-0.093
0.323	-0.101	0.323	-0.097	0.323	-0.092	0.323	-0.097	0.323	-0.092
0.322	-0.097	0.322	-0.095	0.322	-0.092	0.322	-0.095	0.322	-0.095
0.321	-0.101	0.321	-0.087	0.321	-0.098	0.321	-0.095	0.321	-0.095
0.320	-0.101	0.320	-0.095	0.320	-0.097	0.320	-0.095	0.320	-0.095
0.319	-0.100	0.319	-0.100	0.319	-0.092	0.319	-0.093	0.319	-0.095
0.318	-0.100	0.318	-0.101	0.318	-0.095	0.318	-0.101	0.318	-0.098
0.317	-0.104	0.317	-0.100	0.317	-0.093	0.317	-0.095	0.317	-0.097
0.316	-0.101	0.316	-0.104	0.316	-0.097	0.316	-0.097	0.316	-0.101
0.315	-0.107	0.315	-0.106	0.315	-0.101	0.315	-0.101	0.315	-0.097
0.314	-0.104	0.314	-0.107	0.314	-0.101	0.314	-0.100	0.314	-0.100
0.313	-0.103	0.313	-0.106	0.313	-0.100	0.313	-0.097	0.313	-0.101
0.312	-0.110	0.312	-0.106	0.312	-0.098	0.312	-0.095	0.312	-0.101
0.311	-0.107	0.311	-0.101	0.311	-0.098	0.311	-0.101	0.311	-0.104
0.310	-0.106	0.310	-0.101	0.310	-0.100	0.310	-0.104	0.310	-0.098
0.309	-0.110	0.309	-0.109	0.309	-0.103	0.309	-0.103	0.309	-0.106
0.308	-0.112	0.308	-0.106	0.308	-0.104	0.308	-0.101	0.308	-0.100
0.307	-0.118	0.307	-0.110	0.307	-0.104	0.307	-0.098	0.307	-0.103
0.306	-0.113	0.306	-0.107	0.306	-0.107	0.306	-0.107	0.306	-0.110
0.305	-0.115	0.305	-0.109	0.305	-0.107	0.305	-0.104	0.305	-0.103
0.304	-0.115	0.304	-0.106	0.304	-0.104	0.304	-0.106	0.304	-0.104
0.303	-0.116	0.303	-0.113	0.303	-0.110	0.303	-0.104	0.303	-0.109
0.302	-0.120	0.302	-0.113	0.302	-0.109	0.302	-0.107	0.302	-0.103
0.301	-0.116	0.301	-0.112	0.301	-0.112	0.301	-0.106	0.301	-0.107
0.300	-0.121	0.300	-0.118	0.300	-0.113	0.300	-0.118	0.300	-0.106
0.299	-0.118	0.299	-0.109	0.299	-0.112	0.299	-0.109	0.299	-0.107
0.298	-0.120	0.298	-0.115	0.298	-0.112	0.298	-0.110	0.298	-0.110
0.297	-0.116	0.297	-0.113	0.297	-0.115	0.297	-0.113	0.297	-0.112
0.296	-0.120	0.296	-0.116	0.296	-0.115	0.296	-0.112	0.296	-0.115
0.295	-0.126	0.295	-0.120	0.295	-0.112	0.295	-0.110	0.295	-0.116
0.294	-0.126	0.294	-0.120	0.294	-0.118	0.294	-0.113	0.294	-0.113
0.293	-0.121	0.293	-0.121	0.293	-0.118	0.293	-0.113	0.293	-0.118
0.292	-0.126	0.292	-0.126	0.292	-0.115	0.292	-0.113	0.292	-0.115
0.291	-0.126	0.291	-0.124	0.291	-0.120	0.291	-0.116	0.291	-0.118
0.290	-0.124	0.290	-0.124	0.290	-0.120	0.290	-0.120	0.290	-0.118
0.289	-0.135	0.289	-0.121	0.289	-0.121	0.289	-0.120	0.289	-0.120
0.288	-0.127	0.288	-0.123	0.288	-0.118	0.288	-0.115	0.288	-0.120
0.287	-0.129	0.287	-0.127	0.287	-0.124	0.287	-0.124	0.287	-0.120
0.286	-0.132	0.286	-0.126	0.286	-0.124	0.286	-0.123	0.286	-0.116
0.285	-0.136	0.285	-0.127	0.285	-0.123	0.285	-0.121	0.285	-0.126
0.284	-0.135	0.284	-0.130	0.284	-0.121	0.284	-0.121	0.284	-0.124
0.283	-0.139	0.283	-0.130	0.283	-0.127	0.283	-0.124	0.283	-0.124
0.282	-0.135	0.282	-0.127	0.282	-0.127	0.282	-0.121	0.282	-0.124
0.281	-0.130	0.281	-0.130	0.281	-0.126	0.281	-0.132	0.281	-0.121
0.280	-0.138	0.280	-0.130	0.280	-0.133	0.280	-0.123	0.280	-0.126
0.279	-0.139	0.279	-0.129	0.279	-0.129	0.279	-0.123	0.279	-0.123
0.278	-0.136	0.278	-0.133	0.278	-0.130	0.278	-0.126	0.278	-0.129
0.277	-0.132	0.277	-0.135	0.277	-0.129	0.277	-0.123	0.277	-0.124
0.276	-0.139	0.276	-0.133	0.276	-0.124	0.276	-0.126	0.276	-0.127
0.275	-0.138	0.275	-0.133	0.275	-0.132	0.275	-0.129	0.275	-0.124
0.274	-0.139	0.274	-0.133	0.274	-0.129	0.274	-0.126	0.274	-0.132
0.273	-0.141	0.273	-0.135	0.273	-0.132	0.273	-0.129	0.273	-0.116
0.272	-0.139	0.272	-0.135	0.272	-0.135	0.272	-0.126	0.272	-0.133
0.271	-0.135	0.271	-0.138	0.271	-0.130	0.271	-0.127	0.271	-0.120
0.270	-0.138	0.270	-0.139	0.270	-0.132	0.270	-0.129	0.270	-0.129
0.269	-0.136	0.269	-0.133	0.269	-0.132	0.269	-0.130	0.269	-0.127
0.268	-0.141	0.268	-0.135	0.268	-0.130	0.268	-0.129	0.268	-0.129
0.267	-0.133	0.267	-0.138	0.267	-0.135	0.267	-0.126	0.267	-0.133
0.266	-0.143	0.266	-0.141	0.266	-0.130	0.266	-0.135	0.266	-0.130
0.265	-0.141	0.265	-0.132	0.265	-0.139	0.265	-0.130	0.265	-0.126
0.264	-0.143	0.264	-0.139	0.264	-0.130	0.264	-0.130	0.264	-0.130
0.263	-0.141	0.263	-0.129	0.263	-0.133	0.263	-0.124	0.263	-0.129
0.262	-0.138	0.262	-0.135	0.262	-0.126	0.262	-0.133	0.262	-0.116
0.261	-0.144	0.261	-0.132	0.261	-0.132	0.261	-0.129	0.261	-0.129
0.260	-0.139	0.260	-0.136	0.260	-0.133	0.260	-0.130	0.260	-0.127
0.259	-0.147	0.259	-0.135	0.259	-0.135	0.259	-0.133	0.259	-0.133
0.258	-0.136	0.258	-0.138	0.258	-0.136	0.258	-0.132	0.258	-0.126
0.257	-0.143	0.257	-0.136	0.257	-0.136	0.257	-0.130	0.257	-0.121
0.256	-0.141	0.256	-0.136	0.256	-0.129	0.256	-0.123	0.256	-0.130
0.255	-0.143	0.255	-0.135	0.255	-0.136	0.255	-0.132	0.255	-0.129
0.254	-0.139	0.254	-0.130	0.254	-0.130	0.254	-0.132	0.254	-0.130
0.253	-0.138	0.253	-0.135	0.253	-0.135	0.253	-0.130	0.253	-0.133
0.252	-0.136	0.252	-0.130	0.252	-0.126	0.252	-0.129	0.252	-0.127
0.251	-0.143	0.251	-0.138	0.251	-0.132	0.251	-0.132	0.251	-0.130
0.250	-0.139	0.250	-0.135	0.250	-0.130	0.250	-0.127	0.250	-0.135
0.249	-0.139	0.249	-0.135	0.249	-0.130	0.249	-0.129	0.249	-0.132
0.248	-0.138	0.248	-0.135	0.248	-0.129	0.248	-0.129	0.248	-0.127
0.247	-0.136	0.247	-0.136	0.247	-0.135	0.247	-0.127	0.247	-0.129
0.246	-0.144	0.246	-0.129	0.246	-0.135	0.246	-0.135	0.246	-0.129
0.245	-0.139	0.245	-0.138	0.245	-0.130	0.245	-0.127	0.245	-0.132
0.244	-0.136	0.244	-0.138	0.244	-0.135	0.244	-0.129	0.244	-0.130
0.243	-0.141	0.243	-0.135	0.243	-0.132	0.243	-0.133	0.243	-0.127
0.242	-0.138	0.242	-0.132	0.242	-0.132	0.242	-0.132	0.242	-0.130
0.241	-0.133	0.241	-0.135	0.241	-0.127	0.241	-0.132	0.241	-0.132
0.240	-0.139	0.240	-0.138	0.240	-0.132	0.240	-0.129	0.240	-0.126
0.239	-0.135	0.239	-0.139	0.239	-0.132	0.239	-0.127	0.239	-0.135
0.238	-0.136	0.238	-0.135	0.238	-0.135	0.238	-0.129	0.238	-0.132
0.237	-0.139	0.237	-0.143	0.237	-0.126	0.237	-0.127	0.237	-0.129
0.236	-0.138	0.236	-0.132	0.236	-0.132	0.236	-0.135	0.236	-0.130
0.235	-0.139	0.235	-0.139	0.235	-0.132	0.235	-0.130	0.235	-0.132
0.234	-0.127	0.234	-0.130	0.234	-0.138	0.234	-0.130	0.234	-0.129
0.233	-0.136	0.233	-0.130	0.233	-0.143	0.233	-0.133	0.233	-0.133
0.232	-0.143	0.232	-0.130	0.232	-0.130	0.232	-0.132	0.232	-0.129
0.231	-0.136	0.231	-0.135	0.231	-0.130	0.231	-0.133	0.231	-0.132
0.230	-0.139	0.230	-0.138	0.230	-0.133	0.230	-0.132	0.230	-0.127
0.229	-0.144	0.229	-0.132	0.229	-0.132	0.229	-0.133	0.229	-0.129
0.228	-0.138	0.228	-0.132	0.228	-0.136	0.228	-0.130	0.228	-0.135
0.227	-0.138	0.227	-0.135	0.227	-0.133	0.227	-0.133	0.227	-0.135
0.226	-0.138	0.226	-0.135	0.226	-0.130	0.226	-0.133	0.226	-0.126
0.225	-0.138	0.225	-0.135	0.225	-0.130	0.225	-0.135	0.225	-0.132
0.224	-0.144	0.224	-0.129	0.224	-0.135	0.224	-0.132	0.224	-0.132
0.223	-0.143	0.223	-0.139	0.223	-0.136	0.223	-0.130	0.223	-0.126
0.222	-0.133	0.222	-0.139	0.222	-0.136	0.222	-0.130	0.222	-0.132
0.221	-0.141	0.221	-0.141	0.221	-0.133	0.221	-0.138	0.221	-0.133
0.220	-0.136	0.220	-0.138	0.220	-0.136	0.220	-0.132	0.220	-0.133
0.219	-0.146	0.219	-0.138	0.219	-0.133	0.219	-0.132	0.219	-0.130
0.218	-0.139	0.218	-0.139	0.218	-0.136	0.218	-0.127	0.218	-0.133
0.217	-0.143	0.217	-0.135	0.217	-0.138	0.217	-0.132	0.217	-0.132
0.216	-0.146	0.216	-0.143	0.216	-0.135	0.216	-0.132	0.216	-0.136
0.215	-0.144	0.215	-0.144	0.215	-0.138	0.215	-0.143	0.215	-0.139
0.214	-0.139	0.214	-0.141	0.214	-0.139	0.214	-0.136	0.214	-0.139
0.213	-0.147	0.213	-0.136	0.213	-0.138	0.213	-0.133	0.213	-0.139
0.212	-0.139	0.212	-0.139	0.212	-0.138	0.212	-0.138	0.212	-0.141
0.211	-0.143	0.211	-0.146	0.211	-0.141	0.211	-0.139	0.211	-0.139
0.210	-0.147	0.210	-0.143	0.210	-0.141	0.210	-0.138	0.210	-0.133
0.209	-0.144	0.209	-0.143	0.209	-0.150	0.209	-0.136	0.209	-0.139
0.208	-0.141	0.208	-0.143	0.208	-0.141	0.208	-0.139	0.208	-0.146
0.207	-0.152	0.207	-0.149	0.207	-0.144	0.207	-0.144	0.207	-0.141
0.206	-0.149	0.206	-0.143	0.206	-0.149	0.206	-0.141	0.206	-0.143
0.205	-0.143	0.205	-0.147	0.205	-0.149	0.205	-0.149	0.205	-0.143
0.204	-0.158	0.204	-0.147	0.204	-0.141	0.204	-0.143	0.204	-0.147
0.203	-0.152	0.203	-0.143	0.203	-0.147	0.203	-0.152	0.203	-0.149
0.202	-0.158	0.202	-0.144	0.202	-0.143	0.202	-0.141	0.202	-0.149
0.201	-0.150	0.201	-0.155	0.201	-0.149	0.201	-0.144	0.201	-0.146
0.200	-0.155	0.200	-0.152	0.200	-0.153	0.200	-0.144	0.200	-0.149
0.199	-0.156	0.199	-0.152	0.199	-0.141	0.199	-0.147	0.199	-0.152
0.198	-0.155	0.198	-0.155	0.198	-0.150	0.198	-0.141	0.198	-0.152
0.197	-0.162	0.197	-0.153	0.197	-0.152	0.197	-0.146	0.197	-0.150
0.196	-0.158	0.196	-0.153	0.196	-0.155	0.196	-0.152	0.196	-0.144
0.195	-0.162	0.195	-0.164	0.195	-0.161	0.195	-0.155	0.195	-0.155
0.194	-0.166	0.194	-0.153	0.194	-0.152	0.194	-0.153	0.194	-0.153
0.193	-0.166	0.193	-0.162	0.193	-0.158	0.193	-0.150	0.193	-0.158
0.192	-0.164	0.192	-0.159	0.192	-0.159	0.192	-0.156	0.192	-0.155
0.191	-0.164	0.191	-0.161	0.191	-0.162	0.191	-0.155	0.191	-0.158
0.190	-0.167	0.190	-0.169	0.190	-0.162	0.190	-0.161	0.190	-0.155
0.189	-0.172	0.189	-0.169	0.189	-0.155	0.189	-0.155	0.189	-0.156
0.188	-0.169	0.188	-0.169	0.188	-0.164	0.188	-0.164	0.188	-0.167
0.187	-0.170	0.187	-0.170	0.187	-0.169	0.187	-0.170	0.187	-0.166
0.186	-0.178	0.186	-0.173	0.186	-0.170	0.186	-0.166	0.186	-0.169
0.185	-0.175	0.185	-0.170	0.185	-0.170	0.185	-0.166	0.185	-0.164
0.184	-0.178	0.184	-0.175	0.184	-0.170	0.184	-0.170	0.184	-0.172
0.183	-0.178	0.183	-0.182	0.183	-0.173	0.183	-0.170	0.183	-0.173
0.182	-0.185	0.182	-0.176	0.182	-0.178	0.182	-0.170	0.182	-0.167
0.181	-0.189	0.181	-0.179	0.181	-0.178	0.181	-0.172	0.181	-0.176
0.180	-0.184	0.180	-0.189	0.180	-0.179	0.180	-0.178	0.180	-0.178
0.179	-0.192	0.179	-0.192	0.179	-0.184	0.179	-0.182	0.179	-0.176
0.178	-0.195	0.178	-0.185	0.178	-0.185	0.178	-0.182	0.178	-0.182
0.177	-0.189	0.177	-0.189	0.177	-0.187	0.177	-0.181	0.177	-0.187
0.176	-0.196	0.176	-0.196	0.176	-0.184	0.176	-0.185	0.176	-0.189
0.175	-0.196	0.175	-0.189	0.175	-0.192	0.175	-0.187	0.175	-0.189
0.174	-0.198	0.174	-0.198	0.174	-0.193	0.174	-0.196	0.174	-0.189
0.173	-0.204	0.173	-0.198	0.173	-0.195	0.173	-0.196	0.173	-0.189
0.172	-0.204	0.172	-0.201	0.172	-0.201	0.172	-0.192	0.172	-0.193
0.171	-0.212	0.171	-0.210	0.171	-0.204	0.171	-0.198	0.171	-0.196
0.170	-0.208	0.170	-0.210	0.170	-0.199	0.170	-0.199	0.170	-0.201
0.169	-0.213	0.169	-0.207	0.169	-0.202	0.169	-0.207	0.169	-0.202
0.168	-0.218	0.168	-0.216	0.168	-0.213	0.168	-0.208	0.168	-0.202
0.167	-0.219	0.167	-0.218	0.167	-0.208	0.167	-0.205	0.167	-0.207
0.166	-0.221	0.166	-0.215	0.166	-0.207	0.166	-0.212	0.166	-0.204
0.165	-0.230	0.165	-0.224	0.165	-0.218	0.165	-0.215	0.165	-0.213
0.164	-0.235	0.164	-0.225	0.164	-0.224	0.164	-0.218	0.164	-0.221
0.163	-0.225	0.163	-0.236	0.163	-0.225	0.163	-0.222	0.163	-0.219
0.162	-0.239	0.162	-0.236	0.162	-0.233	0.162	-0.227	0.162	-0.222
0.161	-0.245	0.161	-0.235	0.161	-0.236	0.161	-0.228	0.161	-0.228
0.160	-0.251	0.160	-0.241	0.160	-0.235	0.160	-0.238	0.160	-0.231
0.159	-0.245	0.159	-0.245	0.159	-0.247	0.159	-0.236	0.159	-0.235
0.158	-0.248	0.158	-0.248	0.158	-0.242	0.158	-0.241	0.158	-0.238
0.157	-0.259	0.157	-0.251	0.157	-0.245	0.157	-0.245	0.157	-0.241
0.156	-0.259	0.156	-0.261	0.156	-0.250	0.156	-0.245	0.156	-0.245
0.155	-0.264	0.155	-0.262	0.155	-0.256	0.155	-0.248	0.155	-0.247
0.154	-0.270	0.154	-0.267	0.154	-0.265	0.154	-0.253	0.154	-0.248
0.153	-0.274	0.153	-0.265	0.153	-0.264	0.153	-0.258	0.153	-0.256
0.152	-0.279	0.152	-0.270	0.152	-0.270	0.152	-0.261	0.152	-0.261
0.151	-0.281	0.151	-0.281	0.151	-0.274	0.151	-0.267	0.151	-0.264
0.150	-0.284	0.150	-0.285	0.150	-0.271	0.150	-0.273	0.150	-0.270
0.149	-0.290	0.149	-0.285	0.149	-0.281	0.149	-0.274	0.149	-0.276
0.148	-0.301	0.148	-0.291	0.148	-0.285	0.148	-0.279	0.148	-0.273
0.147	-0.302	0.147	-0.297	0.147	-0.291	0.147	-0.284	0.147	-0.284
0.146	-0.299	0.146	-0.302	0.146	-0.294	0.146	-0.285	0.146	-0.285
0.145	-0.305	0.145	-0.302	0.145	-0.301	0.145	-0.296	0.145	-0.288
0.144	-0.313	0.144	-0.316	0.144	-0.305	0.144	-0.301	0.144	-0.291
0.143	-0.322	0.143	-0.319	0.143	-0.310	0.143	-0.304	0.143	-0.302
0.142	-0.327	0.142	-0.322	0.142	-0.313	0.142	-0.310	0.142	-0.307
0.141	-0.330	0.141	-0.331	0.141	-0.322	0.141	-0.311	0.141	-0.310
0.140	-0.339	0.140	-0.336	0.140	-0.327	0.140	-0.324	0.140	-0.314
0.139	-0.340	0.139	-0.339	0.139	-0.327	0.139	-0.327	0.139	-0.325
0.138	-0.348	0.138	-0.339	0.138	-0.336	0.138	-0.328	0.138	-0.327
0.137	-0.356	0.137	-0.350	0.137	-0.340	0.137	-0.334	0.137	-0.333
0.136	-0.360	0.136	-0.354	0.136	-0.348	0.136	-0.340	0.136	-0.334
0.135	-0.362	0.135	-0.363	0.135	-0.353	0.135	-0.348	0.135	-0.340
0.134	-0.373	0.134	-0.365	0.134	-0.357	0.134	-0.360	0.134	-0.347
0.133	-0.379	0.133	-0.374	0.133	-0.371	0.133	-0.356	0.133	-0.356
0.132	-0.383	0.132	-0.379	0.132	-0.371	0.132	-0.356	0.132	-0.360
0.131	-0.394	0.131	-0.388	0.131	-0.385	0.131	-0.379	0.131	-0.368
0.130	-0.399	0.130	-0.391	0.130	-0.379	0.130	-0.379	0.130	-0.373
0.129	-0.405	0.129	-0.394	0.129	-0.383	0.129	-0.386	0.129	-0.374
0.128	-0.405	0.128	-0.399	0.128	-0.402	0.128	-0.388	0.128	-0.382
0.127	-0.416	0.127	-0.409	0.127	-0.402	0.127	-0.393	0.127	-0.396
0.126	-0.422	0.126	-0.414	0.126	-0.403	0.126	-0.396	0.126	-0.391
0.125	-0.426	0.125	-0.426	0.125	-0.405	0.125	-0.402	0.125	-0.396
0.124	-0.432	0.124	-0.425	0.124	-0.414	0.124	-0.411	0.124	-0.403
0.123	-0.443	0.123	-0.435	0.123	-0.422	0.123	-0.420	0.123	-0.416
0.122	-0.448	0.122	-0.432	0.122	-0.434	0.122	-0.426	0.122	-0.412
0.121	-0.457	0.121	-0.446	0.121	-0.440	0.121	-0.429	0.121	-0.425
0.120	-0.457	0.120	-0.454	0.120	-0.445	0.120	-0.437	0.120	-0.431
0.119	-0.472	0.119	-0.460	0.119	-0.452	0.119	-0.448	0.119	-0.437
0.118	-0.478	0.118	-0.466	0.118	-0.460	0.118	-0.452	0.118	-0.431
0.117	-0.480	0.117	-0.472	0.117	-0.466	0.117	-0.462	0.117	-0.452
0.116	-0.489	0.116	-0.477	0.116	-0.474	0.116	-0.466	0.116	-0.455
0.115	-0.503	0.115	-0.491	0.115	-0.481	0.115	-0.475	0.115	-0.471
0.114	-0.501	0.114	-0.498	0.114	-0.491	0.114	-0.477	0.114	-0.462
0.113	-0.509	0.113	-0.500	0.113	-0.492	0.113	-0.485	0.113	-0.478
0.112	-0.520	0.112	-0.512	0.112	-0.501	0.112	-0.494	0.112	-0.483
0.111	-0.526	0.111	-0.518	0.111	-0.504	0.111	-0.500	0.111	-0.492
0.110	-0.524	0.110	-0.521	0.110	-0.515	0.110	-0.503	0.110	-0.498
0.109	-0.538	0.109	-0.532	0.109	-0.523	0.109	-0.514	0.109	-0.511
0.108	-0.550	0.108	-0.538	0.108	-0.527	0.108	-0.512	0.108	-0.515
0.107	-0.552	0.107	-0.546	0.107	-0.540	0.107	-0.531	0.107	-0.520
0.106	-0.560	0.106	-0.555	0.106	-0.544	0.106	-0.529	0.106	-0.526
0.105	-0.567	0.105	-0.560	0.105	-0.550	0.105	-0.535	0.105	-0.527
0.104	-0.575	0.104	-0.567	0.104	-0.550	0.104	-0.550	0.104	-0.549
0.103	-0.584	0.103	-0.574	0.103	-0.564	0.103	-0.557	0.103	-0.550
0.102	-0.590	0.102	-0.589	0.102	-0.572	0.102	-0.564	0.102	-0.550
0.101	-0.598	0.101	-0.592	0.101	-0.578	0.101	-0.567	0.101	-0.561
