E /V	I /uA	E /V	I /uA
0.100	-0.590	0.100	-1.926
0.099	-1.050	0.099	-1.915
0.098	-1.380	0.098	-1.900
0.097	-1.586	0.097	-1.917
0.096	-1.715	0.096	-1.942
0.095	-1.820	0.095	-1.940
0.094	-1.879	0.094	-1.992
0.093	-1.879	0.093	-1.994
0.092	-1.958	0.092	-2.009
0.091	-1.957	0.091	-2.001
0.090	-2.020	0.090	-2.007
0.089	-2.000	0.089	-2.032
0.088	-2.034	0.088	-2.049
0.087	-2.049	0.087	-2.061
0.086	-2.112	0.086	-2.063
0.085	-2.092	0.085	-2.119
0.084	-2.090	0.084	-2.083
0.083	-2.113	0.083	-2.040
0.082	-2.126	0.082	-2.107
0.081	-2.158		
0.080	-2.146		
0.079	-2.155		
0.078	-2.192		
0.077	-2.202		
0.076	-2.231		
0.075	-2.215		
0.074	-2.282		
0.073	-2.288		
0.072	-2.307		
0.071	-2.304		
0.070	-2.339		
0.069	-2.311		
0.068	-2.302		
0.067	-2.339		
0.066	-2.409		
0.065	-2.383		
0.064	-2.405		
0.063	-2.385		
0.062	-2.348		
0.061	-2.365		
0.060	-2.385		
0.059	-2.429		
0.058	-2.406		
0.057	-2.423		
0.056	-2.435		
0.055	-2.408		
0.054	-2.480		
0.053	-2.437		
0.052	-2.452		
0.051	-2.460		
0.050	-2.452		
0.049	-2.392		
0.048	-2.449		
0.047	-2.431		
0.046	-2.442		
0.045	-2.412		
0.044	-2.446		
0.043	-2.377		
0.042	-2.382		
0.041	-2.365		
0.040	-2.339		
0.039	-2.373		
0.038	-2.334		
0.037	-2.281		
0.036	-2.290		
0.035	-2.261		
0.034	-2.238		
0.033	-2.288		
0.032	-2.242		
0.031	-2.221		
0.030	-2.211		
0.029	-2.207		
0.028	-2.218		
0.027	-2.207		
0.026	-2.185		
0.025	-2.161		
0.024	-2.150		
0.023	-2.188		
0.022	-2.149		
0.021	-2.138		
0.020	-2.156		
0.019	-2.103		
0.018	-2.164		
0.017	-2.084		
0.016	-2.118		
0.015	-2.139		
0.014	-2.136		
0.013	-2.129		
0.012	-2.147		
0.011	-2.101		
0.010	-2.113		
0.009	-2.123		
0.008	-2.150		
0.007	-2.152		
0.006	-2.162		
0.005	-2.170		
0.004	-2.181		
0.003	-2.136		
0.002	-2.187		
0.001	-2.178		
0.000	-2.224		
-0.001	-2.222		
-0.002	-2.198		
-0.003	-2.271		
-0.004	-2.299		
-0.005	-2.319		
-0.006	-2.369		
-0.007	-2.417		
-0.008	-2.449		
-0.009	-2.521		
-0.010	-2.549		
-0.011	-2.555		
-0.012	-2.621		
-0.013	-2.649		
-0.014	-2.718		
-0.015	-2.819		
-0.016	-2.831		
-0.017	-2.915		
-0.018	-3.041		
-0.019	-3.075		
-0.020	-3.239		
-0.021	-3.330		
-0.022	-3.484		
-0.023	-3.564		
-0.024	-3.748		
-0.025	-3.859		
-0.026	-4.024		
-0.027	-4.218		
-0.028	-4.431		
-0.029	-4.644		
-0.030	-4.837		
-0.031	-5.056		
-0.032	-5.285		
-0.033	-5.636		
-0.034	-5.866		
-0.035	-6.242		
-0.036	-6.575		
-0.037	-6.951		
-0.038	-7.382		
-0.039	-7.797		
-0.040	-7.130		
-0.039	-5.833		
-0.038	-4.529		
-0.037	-3.380		
-0.036	-2.475		
-0.035	-1.652		
-0.034	-1.023		
-0.033	-0.443		
-0.032	-0.035		
-0.031	0.302		
-0.030	0.629		
-0.029	0.891		
-0.028	1.074		
-0.027	1.278		
-0.026	1.410		
-0.025	1.514		
-0.024	1.633		
-0.023	1.690		
-0.022	1.745		
-0.021	1.841		
-0.020	1.899		
-0.019	1.910		
-0.018	1.974		
-0.017	1.992		
-0.016	2.006		
-0.015	2.018		
-0.014	2.017		
-0.013	2.045		
-0.012	2.026		
-0.011	2.071		
-0.010	2.058		
-0.009	2.035		
-0.008	2.078		
-0.007	2.075		
-0.006	2.075		
-0.005	2.117		
-0.004	2.094		
-0.003	2.074		
-0.002	2.098		
-0.001	2.087		
0.000	2.064		
0.001	2.012		
0.002	2.054		
0.003	1.982		
0.004	2.011		
0.005	2.011		
0.006	2.015		
0.007	2.032		
0.008	2.015		
0.009	2.049		
0.010	2.048		
0.011	2.015		
0.012	2.028		
0.013	2.028		
0.014	2.032		
0.015	2.015		
0.016	2.006		
0.017	1.992		
0.018	2.005		
0.019	2.026		
0.020	2.012		
0.021	1.986		
0.022	2.005		
0.023	2.014		
0.024	2.014		
0.025	2.029		
0.026	2.052		
0.027	2.025		
0.028	2.057		
0.029	2.060		
0.030	2.081		
0.031	2.098		
0.032	2.106		
0.033	2.114		
0.034	2.091		
0.035	2.124		
0.036	2.083		
0.037	2.124		
0.038	2.120		
0.039	2.153		
0.040	2.158		
0.041	2.181		
0.042	2.173		
0.043	2.212		
0.044	2.181		
0.045	2.199		
0.046	2.222		
0.047	2.213		
0.048	2.215		
0.049	2.222		
0.050	2.259		
0.051	2.287		
0.052	2.255		
0.053	2.291		
0.054	2.213		
0.055	2.247		
0.056	2.232		
0.057	2.244		
0.058	2.235		
0.059	2.239		
0.060	2.282		
0.061	2.229		
0.062	2.224		
0.063	2.255		
0.064	2.218		
0.065	2.236		
0.066	2.242		
0.067	2.202		
0.068	2.199		
0.069	2.192		
0.070	2.189		
0.071	2.187		
0.072	2.183		
0.073	2.206		
0.074	2.195		
0.075	2.158		
0.076	2.118		
0.077	2.150		
0.078	2.152		
0.079	2.103		
0.080	2.081		
0.081	2.051		
0.082	2.057		
0.083	2.048		
0.084	2.057		
0.085	2.069		
0.086	2.038		
0.087	2.008		
0.088	1.975		
0.089	1.960		
0.090	1.954		
0.091	1.891		
0.092	1.929		
0.093	1.910		
0.094	1.914		
0.095	1.916		
0.096	1.925		
0.097	1.873		
0.098	1.871		
0.099	1.802		
0.100	1.819		
0.101	1.853		
0.102	1.793		
0.103	1.739		
0.104	1.749		
0.105	1.761		
0.106	1.773		
0.107	1.706		
0.108	1.727		
0.109	1.672		
0.110	1.676		
0.111	1.690		
0.112	1.673		
0.113	1.684		
0.114	1.684		
0.115	1.656		
0.116	1.653		
0.117	1.638		
0.118	1.610		
0.119	1.589		
0.120	1.617		
0.121	1.586		
0.122	1.564		
0.123	1.549		
0.124	1.546		
0.125	1.540		
0.126	1.569		
0.127	1.528		
0.128	1.512		
0.129	1.509		
0.130	1.469		
0.131	1.463		
0.132	1.463		
0.133	1.445		
0.134	1.449		
0.135	1.420		
0.136	1.419		
0.137	1.414		
0.138	1.431		
0.139	1.426		
0.140	1.408		
0.141	1.370		
0.142	1.400		
0.143	1.367		
0.144	1.354		
0.145	1.368		
0.146	1.327		
0.147	1.327		
0.148	1.291		
0.149	1.331		
0.150	1.291		
0.151	1.270		
0.152	1.267		
0.153	1.265		
0.154	1.270		
0.155	1.270		
0.156	1.226		
0.157	1.252		
0.158	1.249		
0.159	1.239		
0.160	1.295		
0.161	1.241		
0.162	1.226		
0.163	1.245		
0.164	1.215		
0.165	1.207		
0.166	1.203		
0.167	1.229		
0.168	1.212		
0.169	1.215		
0.170	1.224		
0.171	1.224		
0.172	1.230		
0.173	1.232		
0.174	1.276		
0.175	1.230		
0.176	1.249		
0.177	1.301		
0.178	1.285		
0.179	1.362		
0.180	1.405		
0.181	1.420		
0.182	1.492		
0.183	1.638		
0.184	1.722		
0.185	1.877		
0.186	2.018		
0.187	2.215		
0.188	2.521		
0.189	2.903		
0.190	3.382		
0.191	4.057		
0.192	4.871		
0.193	6.021		
0.194	7.521		
0.195	9.484		
0.196	11.697		
0.197	13.997		
0.198	15.536		
0.199	15.315		
0.200	12.113		
0.201	8.383		
0.202	5.853		
0.203	4.287		
0.204	3.282		
0.205	2.653		
0.206	2.242		
0.207	1.893		
0.208	1.686		
0.209	1.486		
0.210	1.385		
0.211	1.203		
0.212	1.143		
0.213	1.069		
0.214	0.991		
0.215	0.968		
0.216	0.837		
0.217	0.836		
0.218	0.787		
0.219	0.722		
0.220	0.658		
0.221	0.630		
0.222	0.634		
0.223	0.594		
0.224	0.586		
0.225	0.557		
0.226	0.545		
0.227	0.471		
0.228	0.497		
0.229	0.491		
0.230	0.454		
0.231	0.420		
0.232	0.425		
0.233	0.379		
0.234	0.374		
0.235	0.370		
0.236	0.367		
0.237	0.350		
0.238	0.348		
0.239	0.348		
0.240	0.341		
0.241	0.339		
0.242	0.315		
0.243	0.310		
0.244	0.278		
0.245	0.278		
0.246	0.272		
0.247	0.272		
0.248	0.265		
0.249	0.255		
0.250	0.241		
0.251	0.249		
0.252	0.245		
0.253	0.247		
0.254	0.249		
0.255	0.239		
0.256	0.230		
0.257	0.235		
0.258	0.238		
0.259	0.233		
0.260	0.230		
0.261	0.229		
0.262	0.215		
0.263	0.193		
0.264	0.206		
0.265	0.204		
0.266	0.230		
0.267	0.213		
0.268	0.221		
0.269	0.192		
0.270	0.199		
0.271	0.193		
0.272	0.183		
0.273	0.192		
0.274	0.193		
0.275	0.201		
0.276	0.190		
0.277	0.176		
0.278	0.186		
0.279	0.196		
0.280	0.173		
0.281	0.201		
0.282	0.192		
0.283	0.190		
0.284	0.183		
0.285	0.190		
0.286	0.192		
0.287	0.196		
0.288	0.189		
0.289	0.203		
0.290	0.209		
0.291	0.210		
0.292	0.178		
0.293	0.203		
0.294	0.210		
0.295	0.206		
0.296	0.207		
0.297	0.213		
0.298	0.207		
0.299	0.192		
0.300	0.209		
0.301	0.219		
0.302	0.201		
0.303	0.201		
0.304	0.216		
0.305	0.229		
0.306	0.226		
0.307	0.239		
0.308	0.235		
0.309	0.230		
0.310	0.247		
0.311	0.221		
0.312	0.222		
0.313	0.227		
0.314	0.222		
0.315	0.232		
0.316	0.222		
0.317	0.258		
0.318	0.236		
0.319	0.245		
0.320	0.209		
0.321	0.253		
0.322	0.238		
0.323	0.232		
0.324	0.261		
0.325	0.265		
0.326	0.275		
0.327	0.245		
0.328	0.242		
0.329	0.244		
0.330	0.253		
0.331	0.259		
0.332	0.253		
0.333	0.291		
0.334	0.276		
0.335	0.296		
0.336	0.287		
0.337	0.288		
0.338	0.295		
0.339	0.293		
0.340	0.330		
0.341	0.321		
0.342	0.296		
0.343	0.308		
0.344	0.304		
0.345	0.330		
0.346	0.322		
0.347	0.338		
0.348	0.331		
0.349	0.319		
0.350	0.348		
0.351	0.364		
0.352	0.348		
0.353	0.322		
0.354	0.351		
0.355	0.351		
0.356	0.364		
0.357	0.357		
0.358	0.359		
0.359	0.405		
0.360	0.426		
0.361	0.419		
0.362	0.413		
0.363	0.423		
0.364	0.433		
0.365	0.439		
0.366	0.436		
0.367	0.440		
0.368	0.451		
0.369	0.428		
0.370	0.433		
0.371	0.430		
0.372	0.443		
0.373	0.465		
0.374	0.492		
0.375	0.466		
0.376	0.472		
0.377	0.495		
0.378	0.506		
0.379	0.546		
0.380	0.526		
0.381	0.545		
0.382	0.537		
0.383	0.548		
0.384	0.538		
0.385	0.560		
0.386	0.552		
0.387	0.564		
0.388	0.568		
0.389	0.574		
0.390	0.597		
0.391	0.594		
0.392	0.618		
0.393	0.577		
0.394	0.603		
0.395	0.611		
0.396	0.603		
0.397	0.667		
0.398	0.663		
0.399	0.652		
0.400	0.667		
0.401	0.673		
0.402	0.655		
0.403	0.658		
0.404	0.672		
0.405	0.670		
0.406	0.653		
0.407	0.687		
0.408	0.673		
0.409	0.676		
0.410	0.724		
0.411	0.667		
0.412	0.686		
0.413	0.710		
0.414	0.706		
0.415	0.726		
0.416	0.699		
0.417	0.742		
0.418	0.749		
0.419	0.747		
0.420	0.750		
0.421	0.750		
0.422	0.787		
0.423	0.750		
0.424	0.750		
0.425	0.745		
0.426	0.778		
0.427	0.756		
0.428	0.712		
0.429	0.745		
0.430	0.778		
0.431	0.787		
0.432	0.742		
0.433	0.752		
0.434	0.745		
0.435	0.726		
0.436	0.736		
0.437	0.742		
0.438	0.759		
0.439	0.758		
0.440	0.729		
0.441	0.713		
0.442	0.761		
0.443	0.722		
0.444	0.718		
0.445	0.730		
0.446	0.742		
0.447	0.716		
0.448	0.718		
0.449	0.712		
0.450	0.733		
0.451	0.733		
0.452	0.722		
0.453	0.709		
0.454	0.707		
0.455	0.716		
0.456	0.670		
0.457	0.693		
0.458	0.701		
0.459	0.729		
0.460	0.706		
0.461	0.664		
0.462	0.686		
0.463	0.663		
0.464	0.666		
0.465	0.667		
0.466	0.653		
0.467	0.624		
0.468	0.655		
0.469	0.632		
0.470	0.643		
0.471	0.640		
0.472	0.664		
0.473	0.669		
0.474	0.666		
0.475	0.641		
0.476	0.624		
0.477	0.626		
0.478	0.601		
0.479	0.624		
0.480	0.623		
0.481	0.603		
0.482	0.592		
0.483	0.569		
0.484	0.560		
0.485	0.532		
0.486	0.587		
0.487	0.614		
0.488	0.583		
0.489	0.566		
0.490	0.564		
0.491	0.558		
0.492	0.551		
0.493	0.538		
0.494	0.568		
0.495	0.538		
0.496	0.541		
0.497	0.503		
0.498	0.523		
0.499	0.509		
0.500	0.520		
0.501	0.503		
0.502	0.508		
0.503	0.508		
0.504	0.489		
0.505	0.508		
0.506	0.479		
0.507	0.486		
0.508	0.459		
0.509	0.472		
0.510	0.506		
0.511	0.442		
0.512	0.483		
0.513	0.457		
0.514	0.509		
0.515	0.468		
0.516	0.483		
0.517	0.488		
0.518	0.437		
0.519	0.462		
0.520	0.471		
0.521	0.457		
0.522	0.433		
0.523	0.430		
0.524	0.437		
0.525	0.437		
0.526	0.416		
0.527	0.414		
0.528	0.423		
0.529	0.408		
0.530	0.433		
0.531	0.411		
0.532	0.449		
0.533	0.420		
0.534	0.416		
0.535	0.440		
0.536	0.393		
0.537	0.403		
0.538	0.351		
0.539	0.403		
0.540	0.370		
0.541	0.397		
0.542	0.393		
0.543	0.414		
0.544	0.405		
0.545	0.417		
0.546	0.416		
0.547	0.397		
0.548	0.391		
0.549	0.376		
0.550	0.359		
0.551	0.364		
0.552	0.364		
0.553	0.391		
0.554	0.361		
0.555	0.371		
0.556	0.377		
0.557	0.371		
0.558	0.370		
0.559	0.371		
0.560	0.351		
0.561	0.334		
0.562	0.353		
0.563	0.345		
0.564	0.339		
0.565	0.376		
0.566	0.365		
0.567	0.342		
0.568	0.342		
0.569	0.334		
0.570	0.338		
0.571	0.361		
0.572	0.365		
0.573	0.331		
0.574	0.361		
0.575	0.354		
0.576	0.344		
0.577	0.336		
0.578	0.359		
0.579	0.342		
0.580	0.348		
0.581	0.336		
0.582	0.333		
0.583	0.325		
0.584	0.305		
0.585	0.305		
0.586	0.305		
0.587	0.322		
0.588	0.321		
0.589	0.310		
0.590	0.287		
0.591	0.324		
0.592	0.291		
0.593	0.302		
0.594	0.298		
0.595	0.284		
0.596	0.313		
0.597	0.311		
0.598	0.318		
0.599	0.299		
0.600	0.310		
0.601	0.295		
0.602	0.313		
0.603	0.298		
0.604	0.304		
0.605	0.304		
0.606	0.275		
0.607	0.285		
0.608	0.299		
0.609	0.290		
0.610	0.305		
0.611	0.264		
0.612	0.305		
0.613	0.282		
0.614	0.285		
0.615	0.301		
0.616	0.295		
0.617	0.293		
0.618	0.287		
0.619	0.278		
0.620	0.268		
0.621	0.281		
0.622	0.273		
0.623	0.285		
0.624	0.281		
0.625	0.281		
0.626	0.285		
0.627	0.290		
0.628	0.278		
0.629	0.270		
0.630	0.270		
0.631	0.272		
0.632	0.281		
0.633	0.262		
0.634	0.272		
0.635	0.268		
0.636	0.270		
0.637	0.256		
0.638	0.241		
0.639	0.244		
0.640	0.250		
0.641	0.238		
0.642	0.245		
0.643	0.235		
0.644	0.241		
0.645	0.241		
0.646	0.238		
0.647	0.259		
0.648	0.242		
0.649	0.236		
0.650	0.242		
0.651	0.236		
0.652	0.236		
0.653	0.244		
0.654	0.249		
0.655	0.242		
0.656	0.244		
0.657	0.245		
0.658	0.245		
0.659	0.242		
0.660	0.252		
0.661	0.236		
0.662	0.232		
0.663	0.227		
0.664	0.230		
0.665	0.242		
0.666	0.222		
0.667	0.221		
0.668	0.215		
0.669	0.218		
0.670	0.238		
0.671	0.230		
0.672	0.222		
0.673	0.222		
0.674	0.215		
0.675	0.213		
0.676	0.222		
0.677	0.227		
0.678	0.224		
0.679	0.221		
0.680	0.212		
0.681	0.213		
0.682	0.219		
0.683	0.218		
0.684	0.209		
0.685	0.207		
0.686	0.209		
0.687	0.215		
0.688	0.216		
0.689	0.203		
0.690	0.204		
0.691	0.204		
0.692	0.210		
0.693	0.209		
0.694	0.207		
0.695	0.210		
0.696	0.219		
0.697	0.201		
0.698	0.204		
0.699	0.201		
0.700	0.132		
0.699	0.068		
0.698	0.014		
0.697	-0.012		
0.696	-0.038		
0.695	-0.066		
0.694	-0.074		
0.693	-0.072		
0.692	-0.080		
0.691	-0.100		
0.690	-0.101		
0.689	-0.103		
0.688	-0.113		
0.687	-0.109		
0.686	-0.110		
0.685	-0.104		
0.684	-0.115		
0.683	-0.127		
0.682	-0.126		
0.681	-0.132		
0.680	-0.129		
0.679	-0.112		
0.678	-0.141		
0.677	-0.139		
0.676	-0.129		
0.675	-0.139		
0.674	-0.143		
0.673	-0.146		
0.672	-0.143		
0.671	-0.143		
0.670	-0.135		
0.669	-0.146		
0.668	-0.150		
0.667	-0.153		
0.666	-0.147		
0.665	-0.162		
0.664	-0.159		
0.663	-0.147		
0.662	-0.158		
0.661	-0.167		
0.660	-0.149		
0.659	-0.172		
0.658	-0.166		
0.657	-0.175		
0.656	-0.169		
0.655	-0.166		
0.654	-0.181		
0.653	-0.181		
0.652	-0.179		
0.651	-0.169		
0.650	-0.175		
0.649	-0.173		
0.648	-0.181		
0.647	-0.181		
0.646	-0.178		
0.645	-0.189		
0.644	-0.190		
0.643	-0.195		
0.642	-0.199		
0.641	-0.190		
0.640	-0.184		
0.639	-0.210		
0.638	-0.201		
0.637	-0.195		
0.636	-0.204		
0.635	-0.201		
0.634	-0.198		
0.633	-0.199		
0.632	-0.213		
0.631	-0.213		
0.630	-0.221		
0.629	-0.215		
0.628	-0.222		
0.627	-0.212		
0.626	-0.221		
0.625	-0.212		
0.624	-0.213		
0.623	-0.207		
0.622	-0.222		
0.621	-0.216		
0.620	-0.222		
0.619	-0.227		
0.618	-0.222		
0.617	-0.230		
0.616	-0.216		
0.615	-0.227		
0.614	-0.245		
0.613	-0.228		
0.612	-0.239		
0.611	-0.244		
0.610	-0.244		
0.609	-0.235		
0.608	-0.238		
0.607	-0.248		
0.606	-0.253		
0.605	-0.271		
0.604	-0.256		
0.603	-0.251		
0.602	-0.254		
0.601	-0.248		
0.600	-0.264		
0.599	-0.258		
0.598	-0.253		
0.597	-0.268		
0.596	-0.281		
0.595	-0.267		
0.594	-0.282		
0.593	-0.304		
0.592	-0.282		
0.591	-0.268		
0.590	-0.256		
0.589	-0.267		
0.588	-0.288		
0.587	-0.299		
0.586	-0.282		
0.585	-0.285		
0.584	-0.302		
0.583	-0.314		
0.582	-0.282		
0.581	-0.294		
0.580	-0.296		
0.579	-0.302		
0.578	-0.302		
0.577	-0.325		
0.576	-0.308		
0.575	-0.334		
0.574	-0.328		
0.573	-0.324		
0.572	-0.327		
0.571	-0.331		
0.570	-0.316		
0.569	-0.337		
0.568	-0.319		
0.567	-0.322		
0.566	-0.342		
0.565	-0.337		
0.564	-0.343		
0.563	-0.356		
0.562	-0.356		
0.561	-0.330		
0.560	-0.322		
0.559	-0.333		
0.558	-0.334		
0.557	-0.345		
0.556	-0.339		
0.555	-0.357		
0.554	-0.363		
0.553	-0.362		
0.552	-0.374		
0.551	-0.356		
0.550	-0.348		
0.549	-0.353		
0.548	-0.360		
0.547	-0.339		
0.546	-0.350		
0.545	-0.328		
0.544	-0.368		
0.543	-0.388		
0.542	-0.373		
0.541	-0.391		
0.540	-0.366		
0.539	-0.411		
0.538	-0.386		
0.537	-0.420		
0.536	-0.399		
0.535	-0.396		
0.534	-0.403		
0.533	-0.405		
0.532	-0.396		
0.531	-0.412		
0.530	-0.408		
0.529	-0.400		
0.528	-0.423		
0.527	-0.428		
0.526	-0.431		
0.525	-0.435		
0.524	-0.446		
0.523	-0.426		
0.522	-0.414		
0.521	-0.423		
0.520	-0.440		
0.519	-0.455		
0.518	-0.437		
0.517	-0.498		
0.516	-0.451		
0.515	-0.434		
0.514	-0.435		
0.513	-0.455		
0.512	-0.471		
0.511	-0.454		
0.510	-0.471		
0.509	-0.488		
0.508	-0.503		
0.507	-0.489		
0.506	-0.501		
0.505	-0.501		
0.504	-0.492		
0.503	-0.465		
0.502	-0.492		
0.501	-0.491		
0.500	-0.504		
0.499	-0.523		
0.498	-0.531		
0.497	-0.523		
0.496	-0.526		
0.495	-0.532		
0.494	-0.520		
0.493	-0.524		
0.492	-0.550		
0.491	-0.523		
0.490	-0.546		
0.489	-0.546		
0.488	-0.543		
0.487	-0.567		
0.486	-0.563		
0.485	-0.560		
0.484	-0.550		
0.483	-0.567		
0.482	-0.581		
0.481	-0.572		
0.480	-0.584		
0.479	-0.603		
0.478	-0.593		
0.477	-0.601		
0.476	-0.584		
0.475	-0.600		
0.474	-0.629		
0.473	-0.641		
0.472	-0.636		
0.471	-0.653		
0.470	-0.638		
0.469	-0.675		
0.468	-0.652		
0.467	-0.687		
0.466	-0.666		
0.465	-0.653		
0.464	-0.647		
0.463	-0.675		
0.462	-0.644		
0.461	-0.676		
0.460	-0.693		
0.459	-0.681		
0.458	-0.690		
0.457	-0.722		
0.456	-0.698		
0.455	-0.695		
0.454	-0.705		
0.453	-0.748		
0.452	-0.748		
0.451	-0.751		
0.450	-0.773		
0.449	-0.745		
0.448	-0.741		
0.447	-0.761		
0.446	-0.750		
0.445	-0.767		
0.444	-0.770		
0.443	-0.739		
0.442	-0.748		
0.441	-0.764		
0.440	-0.710		
0.439	-0.779		
0.438	-0.770		
0.437	-0.745		
0.436	-0.761		
0.435	-0.790		
0.434	-0.804		
0.433	-0.787		
0.432	-0.779		
0.431	-0.781		
0.430	-0.767		
0.429	-0.779		
0.428	-0.797		
0.427	-0.794		
0.426	-0.771		
0.425	-0.767		
0.424	-0.739		
0.423	-0.736		
0.422	-0.785		
0.421	-0.753		
0.420	-0.751		
0.419	-0.762		
0.418	-0.761		
0.417	-0.779		
0.416	-0.764		
0.415	-0.748		
0.414	-0.762		
0.413	-0.764		
0.412	-0.759		
0.411	-0.762		
0.410	-0.742		
0.409	-0.727		
0.408	-0.728		
0.407	-0.754		
0.406	-0.728		
0.405	-0.704		
0.404	-0.730		
0.403	-0.701		
0.402	-0.682		
0.401	-0.701		
0.400	-0.725		
0.399	-0.733		
0.398	-0.692		
0.397	-0.701		
0.396	-0.722		
0.395	-0.667		
0.394	-0.667		
0.393	-0.666		
0.392	-0.708		
0.391	-0.662		
0.390	-0.643		
0.389	-0.682		
0.388	-0.633		
0.387	-0.627		
0.386	-0.601		
0.385	-0.609		
0.384	-0.615		
0.383	-0.597		
0.382	-0.600		
0.381	-0.609		
0.380	-0.595		
0.379	-0.593		
0.378	-0.613		
0.377	-0.589		
0.376	-0.566		
0.375	-0.557		
0.374	-0.561		
0.373	-0.578		
0.372	-0.554		
0.371	-0.552		
0.370	-0.504		
0.369	-0.535		
0.368	-0.511		
0.367	-0.506		
0.366	-0.518		
0.365	-0.500		
0.364	-0.498		
0.363	-0.485		
0.362	-0.491		
0.361	-0.480		
0.360	-0.475		
0.359	-0.475		
0.358	-0.481		
0.357	-0.457		
0.356	-0.425		
0.355	-0.429		
0.354	-0.425		
0.353	-0.434		
0.352	-0.437		
0.351	-0.425		
0.350	-0.394		
0.349	-0.396		
0.348	-0.412		
0.347	-0.409		
0.346	-0.396		
0.345	-0.411		
0.344	-0.408		
0.343	-0.379		
0.342	-0.405		
0.341	-0.386		
0.340	-0.370		
0.339	-0.386		
0.338	-0.353		
0.337	-0.377		
0.336	-0.380		
0.335	-0.348		
0.334	-0.351		
0.333	-0.362		
0.332	-0.339		
0.331	-0.354		
0.330	-0.357		
0.329	-0.357		
0.328	-0.336		
0.327	-0.313		
0.326	-0.308		
0.325	-0.328		
0.324	-0.307		
0.323	-0.291		
0.322	-0.325		
0.321	-0.327		
0.320	-0.291		
0.319	-0.287		
0.318	-0.285		
0.317	-0.320		
0.316	-0.330		
0.315	-0.310		
0.314	-0.281		
0.313	-0.281		
0.312	-0.307		
0.311	-0.271		
0.310	-0.279		
0.309	-0.288		
0.308	-0.281		
0.307	-0.265		
0.306	-0.291		
0.305	-0.285		
0.304	-0.276		
0.303	-0.284		
0.302	-0.291		
0.301	-0.274		
0.300	-0.259		
0.299	-0.279		
0.298	-0.258		
0.297	-0.264		
0.296	-0.288		
0.295	-0.274		
0.294	-0.251		
0.293	-0.270		
0.292	-0.264		
0.291	-0.278		
0.290	-0.239		
0.289	-0.261		
0.288	-0.262		
0.287	-0.270		
0.286	-0.273		
0.285	-0.270		
0.284	-0.258		
0.283	-0.259		
0.282	-0.278		
0.281	-0.259		
0.280	-0.247		
0.279	-0.256		
0.278	-0.267		
0.277	-0.276		
0.276	-0.261		
0.275	-0.247		
0.274	-0.261		
0.273	-0.265		
0.272	-0.256		
0.271	-0.282		
0.270	-0.282		
0.269	-0.296		
0.268	-0.267		
0.267	-0.284		
0.266	-0.271		
0.265	-0.299		
0.264	-0.291		
0.263	-0.276		
0.262	-0.282		
0.261	-0.270		
0.260	-0.274		
0.259	-0.261		
0.258	-0.290		
0.257	-0.279		
0.256	-0.310		
0.255	-0.317		
0.254	-0.307		
0.253	-0.308		
0.252	-0.327		
0.251	-0.311		
0.250	-0.305		
0.249	-0.307		
0.248	-0.322		
0.247	-0.304		
0.246	-0.337		
0.245	-0.334		
0.244	-0.351		
0.243	-0.345		
0.242	-0.360		
0.241	-0.354		
0.240	-0.317		
0.239	-0.379		
0.238	-0.350		
0.237	-0.389		
0.236	-0.400		
0.235	-0.428		
0.234	-0.397		
0.233	-0.420		
0.232	-0.416		
0.231	-0.422		
0.230	-0.457		
0.229	-0.475		
0.228	-0.477		
0.227	-0.466		
0.226	-0.521		
0.225	-0.531		
0.224	-0.560		
0.223	-0.584		
0.222	-0.584		
0.221	-0.587		
0.220	-0.630		
0.219	-0.658		
0.218	-0.670		
0.217	-0.702		
0.216	-0.754		
0.215	-0.758		
0.214	-0.825		
0.213	-0.883		
0.212	-0.916		
0.211	-0.998		
0.210	-1.037		
0.209	-1.092		
0.208	-1.146		
0.207	-1.224		
0.206	-1.348		
0.205	-1.422		
0.204	-1.590		
0.203	-1.802		
0.202	-2.043		
0.201	-2.428		
0.200	-2.894		
0.199	-3.627		
0.198	-4.645		
0.197	-6.104		
0.196	-8.181		
0.195	-11.049		
0.194	-13.608		
0.193	-14.891		
0.192	-14.220		
0.191	-11.923		
0.190	-9.409		
0.189	-7.332		
0.188	-6.041		
0.187	-4.770		
0.186	-3.984		
0.185	-3.426		
0.184	-2.969		
0.183	-2.593		
0.182	-2.360		
0.181	-2.175		
0.180	-2.034		
0.179	-1.883		
0.178	-1.777		
0.177	-1.675		
0.176	-1.607		
0.175	-1.573		
0.174	-1.503		
0.173	-1.498		
0.172	-1.478		
0.171	-1.402		
0.170	-1.422		
0.169	-1.417		
0.168	-1.363		
0.167	-1.397		
0.166	-1.331		
0.165	-1.369		
0.164	-1.342		
0.163	-1.350		
0.162	-1.342		
0.161	-1.389		
0.160	-1.377		
0.159	-1.402		
0.158	-1.399		
0.157	-1.379		
0.156	-1.363		
0.155	-1.400		
0.154	-1.382		
0.153	-1.397		
0.152	-1.408		
0.151	-1.445		
0.150	-1.396		
0.149	-1.409		
0.148	-1.465		
0.147	-1.478		
0.146	-1.445		
0.145	-1.503		
0.144	-1.506		
0.143	-1.517		
0.142	-1.495		
0.141	-1.523		
0.140	-1.529		
0.139	-1.529		
0.138	-1.552		
0.137	-1.537		
0.136	-1.524		
0.135	-1.577		
0.134	-1.578		
0.133	-1.603		
0.132	-1.586		
0.131	-1.632		
0.130	-1.619		
0.129	-1.664		
0.128	-1.609		
0.127	-1.682		
0.126	-1.664		
0.125	-1.642		
0.124	-1.667		
0.123	-1.675		
0.122	-1.687		
0.121	-1.710		
0.120	-1.685		
0.119	-1.733		
0.118	-1.738		
0.117	-1.681		
0.116	-1.719		
0.115	-1.738		
0.114	-1.744		
0.113	-1.753		
0.112	-1.770		
0.111	-1.800		
0.110	-1.784		
0.109	-1.765		
0.108	-1.797		
0.107	-1.790		
0.106	-1.846		
0.105	-1.807		
0.104	-1.839		
0.103	-1.836		
0.102	-1.880		
0.101	-1.906		
