E /V	I /uA	E /V	I /uA
0.100	-0.138	0.100	-0.560
0.100	-0.241	0.100	-0.555
0.099	-0.365	0.099	-0.580
0.099	-0.406	0.099	-0.557
0.098	-0.465	0.098	-0.564
0.098	-0.489	0.098	-0.569
0.097	-0.521	0.097	-0.575
0.097	-0.534	0.097	-0.569
0.096	-0.546	0.096	-0.581
0.096	-0.547	0.096	-0.570
0.095	-0.555	0.095	-0.590
0.095	-0.560	0.095	-0.578
0.094	-0.572	0.094	-0.589
0.093	-0.569	0.093	-0.587
0.093	-0.577	0.093	-0.598
0.092	-0.581	0.092	-0.586
0.092	-0.578	0.092	-0.597
0.091	-0.575	0.091	-0.598
0.091	-0.597	0.091	-0.615
0.090	-0.589	0.090	-0.603
0.090	-0.600	0.090	-0.607
0.089	-0.598	0.089	-0.607
0.089	-0.603	0.089	-0.610
0.088	-0.587	0.088	-0.610
0.088	-0.606	0.088	-0.621
0.087	-0.604	0.087	-0.612
0.087	-0.613	0.087	-0.626
0.086	-0.607	0.086	-0.613
0.086	-0.616	0.086	-0.627
0.086	-0.620	0.086	-0.620
0.085	-0.629	0.085	-0.639
0.085	-0.621	0.085	-0.629
0.084	-0.623	0.084	-0.635
0.084	-0.629	0.084	-0.633
0.083	-0.647	0.083	-0.659
0.083	-0.633	0.083	-0.644
0.082	-0.633	0.082	-0.639
0.082	-0.641	0.082	-0.647
0.081	-0.647	0.081	-0.653
0.081	-0.639	0.081	-0.650
0.080	-0.644	0.080	-0.655
0.080	-0.649	0.080	-0.659
0.079	-0.662	0.079	-0.672
0.079	-0.656	0.079	-0.667
0.078	-0.659	0.078	-0.666
0.077	-0.662	0.077	-0.662
0.077	-0.669	0.077	-0.669
0.076	-0.661	0.076	-0.672
0.076	-0.666	0.076	-0.673
0.075	-0.670	0.075	-0.675
0.075	-0.685	0.075	-0.692
0.074	-0.678	0.074	-0.685
0.074	-0.675	0.074	-0.698
0.073	-0.684	0.073	-0.676
0.073	-0.678	0.073	-0.693
0.072	-0.684	0.072	-0.693
0.072	-0.692	0.072	-0.702
0.071	-0.689	0.071	-0.693
0.071	-0.701	0.071	-0.705
0.070	-0.698	0.070	-0.696
0.070	-0.701	0.070	-0.710
0.070	-0.708	0.070	-0.701
0.069	-0.708	0.069	-0.715
0.069	-0.705	0.069	-0.707
0.068	-0.713	0.068	-0.713
0.068	-0.710	0.068	-0.705
0.067	-0.738	0.067	-0.747
0.067	-0.733	0.067	-0.730
0.066	-0.727	0.066	-0.728
0.066	-0.722	0.066	-0.728
0.065	-0.728	0.065	-0.733
0.065	-0.725	0.065	-0.731
0.064	-0.736	0.064	-0.744
0.064	-0.733	0.064	-0.727
0.063	-0.742	0.063	-0.741
0.063	-0.731	0.063	-0.733
0.062	-0.731	0.062	-0.731
0.061	-0.736	0.061	-0.747
0.061	-0.750	0.061	-0.745
0.060	-0.741	0.060	-0.747
0.060	-0.745	0.060	-0.750
0.059	-0.745	0.059	-0.748
0.059	-0.771	0.059	-0.765
0.059	-0.758	0.059	-0.762
0.058	-0.758	0.058	-0.761
0.058	-0.762	0.058	-0.758
0.057	-0.771	0.057	-0.765
0.057	-0.767	0.057	-0.761
0.056	-0.768	0.056	-0.764
0.056	-0.762	0.056	-0.759
0.055	-0.777	0.055	-0.782
0.054	-0.767	0.054	-0.774
0.054	-0.774	0.054	-0.776
0.053	-0.774	0.053	-0.773
0.053	-0.784	0.053	-0.776
0.052	-0.787	0.052	-0.779
0.052	-0.782	0.052	-0.790
0.051	-0.781	0.051	-0.787
0.051	-0.804	0.051	-0.805
0.051	-0.805	0.051	-0.799
0.050	-0.802	0.050	-0.796
0.050	-0.799	0.050	-0.791
0.049	-0.807	0.049	-0.799
0.049	-0.800	0.049	-0.794
0.048	-0.796	0.048	-0.797
0.048	-0.805	0.048	-0.797
0.047	-0.817	0.047	-0.807
0.046	-0.794	0.046	-0.800
0.046	-0.811	0.046	-0.807
0.045	-0.810	0.045	-0.802
0.045	-0.825	0.045	-0.819
0.044	-0.819	0.044	-0.814
0.044	-0.823	0.044	-0.817
0.043	-0.816	0.043	-0.813
0.043	-0.840	0.043	-0.830
0.043	-0.817	0.043	-0.811
0.042	-0.828	0.042	-0.810
0.042	-0.822	0.042	-0.823
0.041	-0.840	0.041	-0.825
0.041	-0.827	0.041	-0.823
0.040	-0.845	0.040	-0.823
0.040	-0.831	0.040	-0.825
0.039	-0.846	0.039	-0.839
0.038	-0.837	0.038	-0.828
0.038	-0.842	0.038	-0.836
0.037	-0.845	0.037	-0.827
0.037	-0.850	0.037	-0.840
0.036	-0.840	0.036	-0.834
0.036	-0.850	0.036	-0.843
0.035	-0.850	0.035	-0.839
0.035	-0.876	0.035	-0.866
0.035	-0.856	0.035	-0.845
0.034	-0.854	0.034	-0.839
0.034	-0.846	0.034	-0.842
0.033	-0.860	0.033	-0.846
0.033	-0.857	0.033	-0.843
0.032	-0.868	0.032	-0.854
0.032	-0.859	0.032	-0.845
0.031	-0.870	0.031	-0.862
0.030	-0.870	0.030	-0.853
0.030	-0.868	0.030	-0.856
0.029	-0.866	0.029	-0.853
0.029	-0.876	0.029	-0.866
0.029	-0.868	0.029	-0.853
0.028	-0.873	0.028	-0.859
0.028	-0.868	0.028	-0.854
0.027	-0.893	0.027	-0.877
0.026	-0.880	0.026	-0.870
0.026	-0.876	0.026	-0.866
0.025	-0.877	0.025	-0.862
0.025	-0.891	0.025	-0.853
0.025	-0.879	0.025	-0.863
0.024	-0.882	0.024	-0.873
0.024	-0.888	0.024	-0.865
0.023	-0.896	0.023	-0.882
0.022	-0.874	0.022	-0.866
0.022	-0.873	0.022	-0.866
0.021	-0.885	0.021	-0.870
0.021	-0.896	0.021	-0.882
0.021	-0.893	0.021	-0.873
0.020	-0.894	0.020	-0.879
0.020	-0.889	0.020	-0.871
0.019	-0.912	0.019	-0.899
0.018	-0.899	0.018	-0.880
0.018	-0.899	0.018	-0.882
0.018	-0.894	0.018	-0.885
0.017	-0.903	0.017	-0.883
0.017	-0.896	0.017	-0.880
0.016	-0.906	0.016	-0.880
0.015	-0.896	0.015	-0.876
0.015	-0.916	0.015	-0.889
0.015	-0.896	0.015	-0.874
0.014	-0.909	0.014	-0.885
0.013	-0.906	0.013	-0.883
0.013	-0.902	0.013	-0.893
0.013	-0.902	0.013	-0.880
0.012	-0.900	0.012	-0.891
0.011	-0.906	0.011	-0.880
0.011	-0.926	0.011	-0.905
0.011	-0.899	0.011	-0.894
0.010	-0.900	0.010	-0.899
0.009	-0.906	0.009	-0.888
0.009	-0.920	0.009	-0.871
0.009	-0.896	0.009	-0.886
0.008	-0.909	0.008	-0.903
0.007	-0.906	0.007	-0.885
0.007	-0.922	0.007	-0.905
0.006	-0.906	0.006	-0.889
0.006	-0.912	0.006	-0.897
0.005	-0.916	0.005	-0.894
0.005	-0.928	0.005	-0.902
0.004	-0.908	0.004	-0.885
0.004	-0.920	0.004	-0.900
0.004	-0.920	0.004	-0.899
0.003	-0.963	0.003	-0.946
0.003	-0.939	0.003	-0.914
0.002	-0.920	0.002	-0.897
0.002	-0.922	0.002	-0.899
0.001	-0.925	0.001	-0.893
0.001	-0.914	0.001	-0.897
0.000	-0.925	0.000	-0.911
-0.001	-0.917	-0.001	-0.894
-0.001	-0.932	-0.001	-0.903
-0.002	-0.916	-0.002	-0.897
-0.002	-0.922	-0.002	-0.906
-0.003	-0.928	-0.003	-0.906
-0.003	-0.943	-0.003	-0.906
-0.004	-0.929	-0.004	-0.903
-0.004	-0.931	-0.004	-0.905
-0.004	-0.934	-0.004	-0.905
-0.005	-0.952	-0.005	-0.922
-0.005	-0.939	-0.005	-0.903
-0.006	-0.940	-0.006	-0.902
-0.006	-0.937	-0.006	-0.905
-0.007	-0.940	-0.007	-0.916
-0.007	-0.942	-0.007	-0.912
-0.008	-0.943	-0.008	-0.912
-0.009	-0.935	-0.009	-0.911
-0.009	-0.962	-0.009	-0.935
-0.009	-0.940	-0.009	-0.914
-0.010	-0.842	-0.010	-0.802
-0.009	-0.552	-0.009	-0.503
-0.009	-0.239	-0.009	-0.176
-0.009	-0.018	-0.009	-0.001
-0.008	0.153	-0.008	0.170
-0.007	0.267	-0.007	0.276
-0.007	0.351	-0.007	0.351
-0.006	0.399	-0.006	0.396
-0.006	0.442	-0.006	0.434
-0.005	0.466	-0.005	0.445
-0.005	0.495	-0.005	0.494
-0.004	0.495	-0.004	0.497
-0.004	0.517	-0.004	0.503
-0.004	0.508	-0.004	0.512
-0.003	0.526	-0.003	0.534
-0.003	0.517	-0.003	0.520
-0.002	0.540	-0.002	0.541
-0.002	0.540	-0.002	0.538
-0.001	0.554	-0.001	0.558
-0.001	0.549	-0.001	0.551
0.000	0.564	0.000	0.566
0.001	0.561	0.001	0.566
0.001	0.569	0.001	0.568
0.002	0.574	0.002	0.566
0.002	0.571	0.002	0.574
0.003	0.577	0.003	0.583
0.003	0.598	0.003	0.609
0.004	0.591	0.004	0.594
0.004	0.592	0.004	0.591
0.004	0.591	0.004	0.581
0.005	0.601	0.005	0.595
0.005	0.587	0.005	0.592
0.006	0.597	0.006	0.597
0.006	0.595	0.006	0.592
0.007	0.609	0.007	0.603
0.007	0.606	0.007	0.607
0.008	0.615	0.008	0.607
0.009	0.611	0.009	0.611
0.009	0.617	0.009	0.620
0.009	0.621	0.009	0.607
0.010	0.618	0.010	0.612
0.011	0.623	0.011	0.614
0.011	0.638	0.011	0.632
0.011	0.632	0.011	0.629
0.012	0.634	0.012	0.626
0.013	0.630	0.013	0.624
0.013	0.649	0.013	0.640
0.013	0.643	0.013	0.630
0.014	0.641	0.014	0.629
0.015	0.643	0.015	0.618
0.015	0.658	0.015	0.650
0.015	0.649	0.015	0.640
0.016	0.650	0.016	0.635
0.017	0.644	0.017	0.638
0.017	0.652	0.017	0.638
0.018	0.655	0.018	0.650
0.018	0.667	0.018	0.653
0.018	0.647	0.018	0.640
0.019	0.680	0.019	0.667
0.020	0.664	0.020	0.652
0.020	0.676	0.020	0.653
0.021	0.666	0.021	0.650
0.021	0.669	0.021	0.663
0.021	0.666	0.021	0.650
0.022	0.667	0.022	0.658
0.022	0.669	0.022	0.652
0.023	0.673	0.023	0.666
0.024	0.678	0.024	0.664
0.024	0.667	0.024	0.657
0.025	0.667	0.025	0.650
0.025	0.678	0.025	0.672
0.025	0.673	0.025	0.663
0.026	0.676	0.026	0.658
0.026	0.670	0.026	0.663
0.027	0.690	0.027	0.681
0.028	0.680	0.028	0.663
0.028	0.684	0.028	0.666
0.029	0.673	0.029	0.673
0.029	0.683	0.029	0.669
0.029	0.683	0.029	0.672
0.030	0.678	0.030	0.669
0.030	0.678	0.030	0.666
0.031	0.690	0.031	0.673
0.032	0.687	0.032	0.666
0.032	0.689	0.032	0.673
0.033	0.672	0.033	0.666
0.033	0.680	0.033	0.673
0.034	0.686	0.034	0.660
0.034	0.684	0.034	0.667
0.035	0.676	0.035	0.664
0.035	0.695	0.035	0.693
0.035	0.687	0.035	0.672
0.036	0.681	0.036	0.670
0.036	0.676	0.036	0.669
0.037	0.684	0.037	0.680
0.037	0.681	0.037	0.669
0.038	0.687	0.038	0.673
0.038	0.669	0.038	0.661
0.039	0.686	0.039	0.675
0.040	0.684	0.040	0.666
0.040	0.680	0.040	0.675
0.041	0.676	0.041	0.669
0.041	0.681	0.041	0.667
0.042	0.676	0.042	0.663
0.042	0.683	0.042	0.661
0.043	0.669	0.043	0.657
0.043	0.692	0.043	0.678
0.043	0.681	0.043	0.660
0.044	0.681	0.044	0.655
0.044	0.680	0.044	0.661
0.045	0.686	0.045	0.663
0.045	0.678	0.045	0.658
0.046	0.678	0.046	0.658
0.046	0.670	0.046	0.652
0.047	0.670	0.047	0.661
0.048	0.670	0.048	0.652
0.048	0.669	0.048	0.657
0.049	0.673	0.049	0.653
0.049	0.678	0.049	0.663
0.050	0.667	0.050	0.649
0.050	0.667	0.050	0.647
0.051	0.664	0.051	0.652
0.051	0.680	0.051	0.669
0.051	0.669	0.051	0.655
0.052	0.664	0.052	0.644
0.052	0.658	0.052	0.647
0.053	0.670	0.053	0.655
0.053	0.660	0.053	0.647
0.054	0.655	0.054	0.644
0.054	0.644	0.054	0.637
0.055	0.657	0.055	0.655
0.056	0.655	0.056	0.637
0.056	0.650	0.056	0.641
0.057	0.644	0.057	0.634
0.057	0.652	0.057	0.641
0.058	0.650	0.058	0.627
0.058	0.652	0.058	0.643
0.059	0.638	0.059	0.627
0.059	0.655	0.059	0.643
0.059	0.647	0.059	0.627
0.060	0.644	0.060	0.629
0.060	0.640	0.060	0.624
0.061	0.644	0.061	0.630
0.061	0.635	0.061	0.624
0.062	0.640	0.062	0.626
0.063	0.629	0.063	0.623
0.063	0.635	0.063	0.626
0.064	0.630	0.064	0.617
0.064	0.629	0.064	0.621
0.065	0.624	0.065	0.607
0.065	0.623	0.065	0.620
0.066	0.626	0.066	0.611
0.066	0.623	0.066	0.603
0.067	0.611	0.067	0.606
0.067	0.638	0.067	0.634
0.068	0.630	0.068	0.611
0.068	0.626	0.068	0.607
0.069	0.615	0.069	0.603
0.069	0.618	0.069	0.606
0.070	0.607	0.070	0.597
0.070	0.609	0.070	0.600
0.070	0.603	0.070	0.597
0.071	0.611	0.071	0.600
0.071	0.604	0.071	0.587
0.072	0.614	0.072	0.589
0.072	0.597	0.072	0.586
0.073	0.601	0.073	0.587
0.073	0.597	0.073	0.580
0.074	0.595	0.074	0.587
0.074	0.581	0.074	0.581
0.075	0.601	0.075	0.598
0.075	0.591	0.075	0.578
0.076	0.584	0.076	0.575
0.076	0.589	0.076	0.574
0.077	0.595	0.077	0.575
0.077	0.581	0.077	0.580
0.078	0.589	0.078	0.572
0.079	0.566	0.079	0.560
0.079	0.581	0.079	0.574
0.080	0.575	0.080	0.568
0.080	0.569	0.080	0.560
0.081	0.568	0.081	0.560
0.081	0.574	0.081	0.568
0.082	0.560	0.082	0.555
0.082	0.563	0.082	0.552
0.083	0.554	0.083	0.558
0.083	0.580	0.083	0.571
0.084	0.566	0.084	0.548
0.084	0.555	0.084	0.549
0.085	0.558	0.085	0.540
0.085	0.557	0.085	0.545
0.086	0.548	0.086	0.538
0.086	0.551	0.086	0.545
0.086	0.546	0.086	0.532
0.087	0.549	0.087	0.545
0.087	0.540	0.087	0.534
0.088	0.541	0.088	0.528
0.088	0.543	0.088	0.525
0.089	0.532	0.089	0.537
0.089	0.532	0.089	0.522
0.090	0.534	0.090	0.522
0.090	0.523	0.090	0.515
0.091	0.540	0.091	0.529
0.091	0.529	0.091	0.517
0.092	0.528	0.092	0.517
0.092	0.517	0.092	0.509
0.093	0.520	0.093	0.512
0.093	0.512	0.093	0.503
0.094	0.509	0.094	0.506
0.095	0.512	0.095	0.497
0.095	0.518	0.095	0.511
0.096	0.506	0.096	0.499
0.096	0.511	0.096	0.494
0.097	0.503	0.097	0.492
0.097	0.505	0.097	0.499
0.098	0.495	0.098	0.489
0.098	0.502	0.098	0.499
0.099	0.489	0.099	0.483
0.099	0.511	0.099	0.495
0.100	0.495	0.100	0.482
0.100	0.492	0.100	0.483
0.101	0.482	0.101	0.471
0.101	0.488	0.101	0.489
0.102	0.483	0.102	0.472
0.102	0.479	0.102	0.474
0.102	0.476	0.102	0.469
0.103	0.480	0.103	0.479
0.103	0.471	0.103	0.469
0.104	0.472	0.104	0.465
0.104	0.469	0.104	0.468
0.105	0.468	0.105	0.462
0.105	0.468	0.105	0.453
0.106	0.465	0.106	0.456
0.106	0.460	0.106	0.446
0.107	0.457	0.107	0.462
0.107	0.460	0.107	0.453
0.108	0.453	0.108	0.448
0.108	0.453	0.108	0.436
0.109	0.456	0.109	0.448
0.110	0.449	0.110	0.437
0.110	0.445	0.110	0.436
0.111	0.446	0.111	0.431
0.111	0.443	0.111	0.445
0.112	0.442	0.112	0.434
0.112	0.433	0.112	0.430
0.113	0.431	0.113	0.422
0.113	0.433	0.113	0.428
0.114	0.434	0.114	0.419
0.114	0.433	0.114	0.423
0.115	0.426	0.115	0.414
0.115	0.436	0.115	0.428
0.116	0.428	0.116	0.419
0.116	0.426	0.116	0.422
0.117	0.417	0.117	0.403
0.117	0.420	0.117	0.414
0.117	0.414	0.117	0.400
0.118	0.420	0.118	0.407
0.118	0.411	0.118	0.397
0.119	0.413	0.119	0.403
0.119	0.399	0.119	0.393
0.120	0.402	0.120	0.397
0.120	0.402	0.120	0.387
0.121	0.405	0.121	0.385
0.121	0.400	0.121	0.385
0.122	0.387	0.122	0.388
0.122	0.390	0.122	0.380
0.123	0.403	0.123	0.388
0.123	0.393	0.123	0.374
0.124	0.393	0.124	0.388
0.125	0.382	0.125	0.371
0.125	0.393	0.125	0.384
0.126	0.377	0.126	0.370
0.126	0.380	0.126	0.371
0.127	0.373	0.127	0.364
0.127	0.374	0.127	0.370
0.128	0.374	0.128	0.364
0.128	0.376	0.128	0.361
0.129	0.359	0.129	0.359
0.129	0.371	0.129	0.353
0.130	0.354	0.130	0.351
0.130	0.368	0.130	0.354
0.131	0.356	0.131	0.342
0.131	0.370	0.131	0.362
0.132	0.359	0.132	0.348
0.132	0.361	0.132	0.348
0.133	0.347	0.133	0.345
0.133	0.353	0.133	0.345
0.134	0.350	0.134	0.331
0.134	0.345	0.134	0.328
0.135	0.342	0.135	0.341
0.135	0.347	0.135	0.339
0.136	0.338	0.136	0.324
0.136	0.338	0.136	0.333
0.137	0.330	0.137	0.321
0.137	0.328	0.137	0.330
0.138	0.330	0.138	0.319
0.138	0.341	0.138	0.325
0.139	0.324	0.139	0.316
0.139	0.330	0.139	0.322
0.140	0.324	0.140	0.311
0.140	0.325	0.140	0.307
0.141	0.328	0.141	0.301
0.141	0.319	0.141	0.315
0.141	0.318	0.141	0.304
0.142	0.321	0.142	0.301
0.142	0.310	0.142	0.301
0.143	0.315	0.143	0.313
0.143	0.302	0.143	0.296
0.144	0.305	0.144	0.296
0.144	0.304	0.144	0.293
0.145	0.308	0.145	0.293
0.145	0.304	0.145	0.290
0.146	0.299	0.146	0.287
0.146	0.298	0.146	0.287
0.147	0.304	0.147	0.304
0.147	0.301	0.147	0.282
0.148	0.299	0.148	0.281
0.148	0.290	0.148	0.275
0.149	0.290	0.149	0.276
0.149	0.288	0.149	0.275
0.150	0.293	0.150	0.273
0.150	0.282	0.150	0.278
0.151	0.288	0.151	0.278
0.151	0.288	0.151	0.268
0.152	0.284	0.152	0.273
0.152	0.273	0.152	0.265
0.153	0.279	0.153	0.265
0.153	0.273	0.153	0.261
0.154	0.273	0.154	0.262
0.154	0.270	0.154	0.259
0.155	0.282	0.155	0.270
0.155	0.267	0.155	0.249
0.156	0.267	0.156	0.253
0.157	0.268	0.157	0.252
0.157	0.268	0.157	0.255
0.158	0.259	0.158	0.250
0.158	0.272	0.158	0.256
0.159	0.259	0.159	0.249
0.159	0.262	0.159	0.245
0.160	0.261	0.160	0.236
0.160	0.259	0.160	0.242
0.161	0.255	0.161	0.236
0.161	0.250	0.161	0.241
0.162	0.258	0.162	0.235
0.162	0.247	0.162	0.233
0.163	0.244	0.163	0.233
0.163	0.247	0.163	0.239
0.164	0.245	0.164	0.229
0.164	0.239	0.164	0.230
0.165	0.253	0.165	0.232
0.165	0.249	0.165	0.232
0.166	0.235	0.166	0.224
0.166	0.239	0.166	0.226
0.167	0.238	0.167	0.218
0.167	0.241	0.167	0.227
0.168	0.241	0.168	0.219
0.168	0.235	0.168	0.219
0.169	0.230	0.169	0.216
0.169	0.227	0.169	0.226
0.170	0.227	0.170	0.213
0.170	0.229	0.170	0.216
0.171	0.238	0.171	0.212
0.171	0.230	0.171	0.213
0.172	0.227	0.172	0.212
0.172	0.227	0.172	0.209
0.172	0.222	0.172	0.215
0.173	0.219	0.173	0.207
0.173	0.221	0.173	0.203
0.174	0.221	0.174	0.199
0.174	0.213	0.174	0.195
0.175	0.218	0.175	0.201
0.175	0.213	0.175	0.192
0.176	0.213	0.176	0.204
0.176	0.219	0.176	0.195
0.177	0.213	0.177	0.199
0.177	0.216	0.177	0.195
0.178	0.213	0.178	0.196
0.178	0.203	0.178	0.192
0.179	0.210	0.179	0.192
0.179	0.209	0.179	0.184
0.180	0.209	0.180	0.189
0.180	0.204	0.180	0.186
0.181	0.203	0.181	0.190
0.181	0.207	0.181	0.186
0.182	0.196	0.182	0.187
0.182	0.201	0.182	0.183
0.183	0.192	0.183	0.184
0.183	0.203	0.183	0.181
0.184	0.201	0.184	0.178
0.184	0.196	0.184	0.173
0.185	0.210	0.185	0.180
0.185	0.199	0.185	0.173
0.186	0.199	0.186	0.172
0.186	0.189	0.186	0.183
0.187	0.198	0.187	0.176
0.188	0.198	0.188	0.169
0.188	0.196	0.188	0.173
0.189	0.189	0.189	0.176
0.189	0.192	0.189	0.183
0.190	0.186	0.190	0.164
0.190	0.186	0.190	0.172
0.191	0.186	0.191	0.166
0.191	0.187	0.191	0.164
0.192	0.186	0.192	0.164
0.192	0.180	0.192	0.169
0.193	0.178	0.193	0.160
0.193	0.176	0.193	0.170
0.194	0.172	0.194	0.166
0.194	0.178	0.194	0.166
0.195	0.176	0.195	0.161
0.195	0.181	0.195	0.172
0.196	0.178	0.196	0.164
0.196	0.169	0.196	0.155
0.197	0.170	0.197	0.158
0.197	0.175	0.197	0.150
0.198	0.173	0.198	0.155
0.198	0.175	0.198	0.160
0.199	0.169	0.199	0.152
0.199	0.167	0.199	0.160
0.200	0.172	0.200	0.153
0.200	0.169	0.200	0.147
0.201	0.167	0.201	0.155
0.201	0.166	0.201	0.152
0.202	0.163	0.202	0.150
0.202	0.163	0.202	0.152
0.203	0.166	0.203	0.152
0.203	0.164	0.203	0.144
0.203	0.166	0.203	0.147
0.204	0.161	0.204	0.149
0.204	0.164	0.204	0.144
0.205	0.164	0.205	0.143
0.205	0.161	0.205	0.144
0.206	0.160	0.206	0.144
0.206	0.150	0.206	0.143
0.207	0.157	0.207	0.143
0.207	0.153	0.207	0.150
0.208	0.153	0.208	0.138
0.208	0.152	0.208	0.150
0.209	0.157	0.209	0.137
0.209	0.149	0.209	0.144
0.210	0.153	0.210	0.137
0.210	0.147	0.210	0.141
0.211	0.153	0.211	0.143
0.211	0.155	0.211	0.137
0.212	0.150	0.212	0.137
0.212	0.143	0.212	0.137
0.213	0.152	0.213	0.138
0.213	0.150	0.213	0.141
0.214	0.150	0.214	0.140
0.214	0.149	0.214	0.141
0.215	0.144	0.215	0.134
0.215	0.149	0.215	0.137
0.216	0.149	0.216	0.135
0.216	0.144	0.216	0.132
0.217	0.146	0.217	0.138
0.217	0.152	0.217	0.123
0.218	0.147	0.218	0.143
0.219	0.141	0.219	0.134
0.219	0.141	0.219	0.132
0.220	0.149	0.220	0.130
0.220	0.138	0.220	0.135
0.221	0.146	0.221	0.143
0.221	0.143	0.221	0.132
0.222	0.140	0.222	0.130
0.222	0.141	0.222	0.126
0.223	0.138	0.223	0.129
0.223	0.134	0.223	0.130
0.224	0.143	0.224	0.138
0.224	0.137	0.224	0.124
0.225	0.137	0.225	0.123
0.225	0.135	0.225	0.130
0.226	0.140	0.226	0.124
0.226	0.135	0.226	0.124
0.227	0.140	0.227	0.127
0.227	0.143	0.227	0.129
0.228	0.137	0.228	0.120
0.228	0.137	0.228	0.123
0.229	0.134	0.229	0.126
0.229	0.129	0.229	0.124
0.230	0.140	0.230	0.123
0.230	0.132	0.230	0.129
0.231	0.132	0.231	0.124
0.231	0.126	0.231	0.123
0.232	0.135	0.232	0.127
0.232	0.130	0.232	0.120
0.233	0.127	0.233	0.121
0.233	0.138	0.233	0.124
0.234	0.129	0.234	0.121
0.234	0.134	0.234	0.124
0.234	0.130	0.234	0.123
0.235	0.129	0.235	0.129
0.235	0.132	0.235	0.121
0.236	0.126	0.236	0.123
0.236	0.134	0.236	0.124
0.237	0.127	0.237	0.120
0.237	0.127	0.237	0.123
0.238	0.135	0.238	0.123
0.238	0.124	0.238	0.118
0.239	0.132	0.239	0.117
0.239	0.127	0.239	0.123
0.240	0.124	0.240	0.126
0.240	0.120	0.240	0.121
0.241	0.123	0.241	0.124
0.241	0.135	0.241	0.118
0.242	0.124	0.242	0.120
0.242	0.132	0.242	0.114
0.243	0.129	0.243	0.123
0.243	0.127	0.243	0.127
0.244	0.129	0.244	0.114
0.244	0.129	0.244	0.126
0.245	0.130	0.245	0.126
0.245	0.121	0.245	0.126
0.246	0.127	0.246	0.117
0.246	0.130	0.246	0.123
0.247	0.135	0.247	0.123
0.247	0.130	0.247	0.121
0.248	0.126	0.248	0.118
0.248	0.124	0.248	0.121
0.249	0.123	0.249	0.124
0.250	0.130	0.250	0.123
0.250	0.126	0.250	0.127
0.251	0.127	0.251	0.121
0.251	0.132	0.251	0.127
0.252	0.129	0.252	0.124
0.252	0.127	0.252	0.130
0.253	0.127	0.253	0.120
0.253	0.134	0.253	0.126
0.254	0.129	0.254	0.126
0.254	0.137	0.254	0.127
0.255	0.123	0.255	0.127
0.255	0.126	0.255	0.126
0.256	0.135	0.256	0.123
0.256	0.130	0.256	0.118
0.257	0.130	0.257	0.126
0.257	0.129	0.257	0.134
0.258	0.129	0.258	0.130
0.258	0.138	0.258	0.127
0.259	0.132	0.259	0.123
0.259	0.144	0.259	0.146
0.260	0.134	0.260	0.135
0.260	0.135	0.260	0.134
0.261	0.129	0.261	0.129
0.261	0.134	0.261	0.135
0.262	0.135	0.262	0.127
0.262	0.138	0.262	0.129
0.263	0.138	0.263	0.127
0.263	0.132	0.263	0.140
0.264	0.140	0.264	0.134
0.264	0.141	0.264	0.138
0.265	0.134	0.265	0.135
0.265	0.141	0.265	0.143
0.266	0.138	0.266	0.137
0.266	0.137	0.266	0.146
0.267	0.141	0.267	0.143
0.267	0.146	0.267	0.141
0.268	0.147	0.268	0.141
0.268	0.153	0.268	0.146
0.269	0.149	0.269	0.140
0.269	0.143	0.269	0.147
0.270	0.147	0.270	0.150
0.270	0.163	0.270	0.141
0.271	0.150	0.271	0.144
0.271	0.146	0.271	0.155
0.272	0.150	0.272	0.150
0.272	0.157	0.272	0.150
0.273	0.155	0.273	0.147
0.273	0.150	0.273	0.152
0.274	0.155	0.274	0.153
0.274	0.155	0.274	0.153
0.275	0.155	0.275	0.152
0.275	0.155	0.275	0.166
0.276	0.160	0.276	0.163
0.276	0.169	0.276	0.160
0.277	0.166	0.277	0.161
0.277	0.169	0.277	0.170
0.278	0.167	0.278	0.170
0.278	0.176	0.278	0.167
0.279	0.173	0.279	0.170
0.279	0.175	0.279	0.173
0.280	0.172	0.280	0.169
0.280	0.176	0.280	0.173
0.281	0.175	0.281	0.181
0.281	0.176	0.281	0.192
0.281	0.178	0.281	0.187
0.282	0.184	0.282	0.186
0.282	0.184	0.282	0.180
0.283	0.195	0.283	0.190
0.283	0.190	0.283	0.193
0.284	0.186	0.284	0.195
0.284	0.187	0.284	0.193
0.285	0.196	0.285	0.201
0.285	0.201	0.285	0.198
0.286	0.192	0.286	0.207
0.286	0.201	0.286	0.201
0.287	0.204	0.287	0.212
0.287	0.209	0.287	0.206
0.288	0.207	0.288	0.209
0.288	0.204	0.288	0.209
0.289	0.213	0.289	0.218
0.289	0.218	0.289	0.221
0.290	0.222	0.290	0.227
0.290	0.221	0.290	0.224
0.291	0.227	0.291	0.235
0.291	0.224	0.291	0.238
0.292	0.235	0.292	0.239
0.292	0.235	0.292	0.239
0.293	0.236	0.293	0.247
0.293	0.236	0.293	0.247
0.294	0.253	0.294	0.249
0.294	0.249	0.294	0.255
0.295	0.256	0.295	0.275
0.295	0.256	0.295	0.272
0.296	0.262	0.296	0.267
0.296	0.262	0.296	0.268
0.297	0.270	0.297	0.287
0.297	0.268	0.297	0.284
0.298	0.285	0.298	0.298
0.298	0.288	0.298	0.293
0.299	0.284	0.299	0.291
0.299	0.296	0.299	0.316
0.300	0.311	0.300	0.310
0.300	0.311	0.300	0.324
0.301	0.313	0.301	0.330
0.301	0.328	0.301	0.341
0.302	0.333	0.302	0.344
0.302	0.338	0.302	0.348
0.303	0.345	0.303	0.357
0.303	0.342	0.303	0.370
0.304	0.361	0.304	0.379
0.304	0.362	0.304	0.376
0.305	0.385	0.305	0.394
0.305	0.382	0.305	0.402
0.306	0.396	0.306	0.413
0.306	0.396	0.306	0.425
0.307	0.417	0.307	0.433
0.307	0.420	0.307	0.442
0.308	0.436	0.308	0.449
0.308	0.440	0.308	0.469
0.309	0.449	0.309	0.479
0.309	0.463	0.309	0.491
0.310	0.474	0.310	0.502
0.310	0.485	0.310	0.509
0.311	0.502	0.311	0.538
0.311	0.508	0.311	0.540
0.312	0.532	0.312	0.551
0.313	0.537	0.313	0.564
0.313	0.555	0.313	0.587
0.314	0.564	0.314	0.598
0.314	0.587	0.314	0.607
0.315	0.601	0.315	0.624
0.315	0.612	0.315	0.646
0.316	0.627	0.316	0.663
0.316	0.647	0.316	0.675
0.317	0.660	0.317	0.692
0.317	0.676	0.317	0.716
0.318	0.696	0.318	0.729
0.318	0.721	0.318	0.755
0.319	0.726	0.319	0.770
0.319	0.750	0.319	0.796
0.320	0.772	0.320	0.807
0.320	0.788	0.320	0.821
0.321	0.802	0.321	0.851
0.321	0.824	0.321	0.868
0.322	0.844	0.322	0.879
0.322	0.867	0.322	0.910
0.323	0.887	0.323	0.930
0.323	0.913	0.323	0.957
0.324	0.933	0.324	0.985
0.324	0.960	0.324	1.005
0.325	0.977	0.325	1.015
0.325	1.005	0.325	1.051
0.326	1.034	0.326	1.078
0.326	1.057	0.326	1.097
0.327	1.075	0.327	1.118
0.327	1.103	0.327	1.141
0.328	1.124	0.328	1.176
0.328	1.153	0.328	1.192
0.329	1.172	0.329	1.216
0.329	1.192	0.329	1.247
0.330	1.226	0.330	1.262
0.330	1.245	0.330	1.291
0.331	1.273	0.331	1.313
0.331	1.304	0.331	1.348
0.332	1.328	0.332	1.371
0.332	1.356	0.332	1.391
0.333	1.377	0.333	1.416
0.333	1.405	0.333	1.440
0.334	1.433	0.334	1.459
0.334	1.462	0.334	1.483
0.335	1.480	0.335	1.502
0.335	1.509	0.335	1.535
0.336	1.529	0.336	1.557
0.336	1.566	0.336	1.568
0.337	1.583	0.337	1.589
0.337	1.617	0.337	1.614
0.338	1.643	0.338	1.633
0.338	1.670	0.338	1.660
0.339	1.681	0.339	1.664
0.339	1.707	0.339	1.686
0.340	1.730	0.340	1.699
0.340	1.739	0.340	1.713
0.341	1.770	0.341	1.725
0.341	1.793	0.341	1.735
0.342	1.810	0.342	1.735
0.342	1.827	0.342	1.741
0.343	1.837	0.343	1.733
0.343	1.851	0.343	1.739
0.344	1.857	0.344	1.736
0.344	1.870	0.344	1.722
0.344	1.868	0.344	1.712
0.345	1.876	0.345	1.686
0.345	1.864	0.345	1.669
0.346	1.857	0.346	1.641
0.346	1.848	0.346	1.606
0.347	1.836	0.347	1.574
0.347	1.804	0.347	1.529
0.348	1.778	0.348	1.482
0.348	1.752	0.348	1.416
0.349	1.701	0.349	1.360
0.349	1.655	0.349	1.288
0.350	1.595	0.350	1.213
0.350	1.526	0.350	1.129
0.351	1.451	0.351	1.051
0.351	1.373	0.351	0.949
0.352	1.287	0.352	0.856
0.352	1.183	0.352	0.768
0.353	1.077	0.353	0.678
0.353	0.966	0.353	0.595
0.354	0.862	0.354	0.518
0.354	0.755	0.354	0.453
0.355	0.637	0.355	0.396
0.355	0.546	0.355	0.353
0.356	0.469	0.356	0.311
0.356	0.396	0.356	0.276
0.357	0.342	0.357	0.261
0.357	0.298	0.357	0.238
0.358	0.276	0.358	0.232
0.358	0.245	0.358	0.216
0.359	0.224	0.359	0.207
0.359	0.212	0.359	0.207
0.360	0.210	0.360	0.192
0.360	0.192	0.360	0.186
0.361	0.184	0.361	0.176
0.361	0.181	0.361	0.181
0.362	0.184	0.362	0.178
0.362	0.172	0.362	0.172
0.363	0.176	0.363	0.173
0.363	0.170	0.363	0.167
0.364	0.169	0.364	0.172
0.364	0.169	0.364	0.153
0.365	0.163	0.365	0.164
0.365	0.164	0.365	0.167
0.366	0.163	0.366	0.158
0.366	0.166	0.366	0.149
0.367	0.164	0.367	0.150
0.367	0.158	0.367	0.158
0.368	0.152	0.368	0.155
0.368	0.150	0.368	0.155
0.369	0.150	0.369	0.155
0.369	0.149	0.369	0.146
0.370	0.157	0.370	0.147
0.370	0.150	0.370	0.150
0.371	0.153	0.371	0.152
0.371	0.152	0.371	0.147
0.372	0.153	0.372	0.144
0.372	0.144	0.372	0.146
0.373	0.144	0.373	0.146
0.373	0.146	0.373	0.155
0.374	0.144	0.374	0.147
0.375	0.144	0.375	0.141
0.375	0.140	0.375	0.143
0.376	0.143	0.376	0.144
0.376	0.143	0.376	0.143
0.377	0.137	0.377	0.138
0.377	0.137	0.377	0.134
0.378	0.143	0.378	0.134
0.378	0.152	0.378	0.147
0.379	0.138	0.379	0.138
0.379	0.135	0.379	0.140
0.380	0.135	0.380	0.137
0.380	0.135	0.380	0.135
0.381	0.132	0.381	0.134
0.381	0.135	0.381	0.134
0.382	0.137	0.382	0.134
0.382	0.129	0.382	0.130
0.383	0.134	0.383	0.134
0.383	0.135	0.383	0.129
0.384	0.130	0.384	0.135
0.384	0.135	0.384	0.135
0.385	0.134	0.385	0.127
0.385	0.129	0.385	0.140
0.386	0.130	0.386	0.126
0.386	0.129	0.386	0.132
0.387	0.130	0.387	0.129
0.387	0.129	0.387	0.137
0.388	0.124	0.388	0.135
0.388	0.134	0.388	0.127
0.389	0.130	0.389	0.132
0.389	0.127	0.389	0.129
0.390	0.130	0.390	0.129
0.390	0.132	0.390	0.129
0.391	0.124	0.391	0.123
0.391	0.126	0.391	0.129
0.392	0.124	0.392	0.124
0.392	0.124	0.392	0.129
0.393	0.132	0.393	0.123
0.393	0.127	0.393	0.130
0.394	0.124	0.394	0.124
0.394	0.129	0.394	0.127
0.395	0.124	0.395	0.134
0.395	0.121	0.395	0.126
0.396	0.120	0.396	0.130
0.396	0.126	0.396	0.126
0.397	0.124	0.397	0.126
0.397	0.126	0.397	0.127
0.398	0.123	0.398	0.126
0.398	0.132	0.398	0.130
0.399	0.124	0.399	0.120
0.399	0.124	0.399	0.126
0.400	0.120	0.400	0.132
0.400	0.123	0.400	0.123
0.401	0.123	0.401	0.120
0.401	0.127	0.401	0.123
0.402	0.132	0.402	0.129
0.402	0.132	0.402	0.124
0.403	0.117	0.403	0.124
0.403	0.124	0.403	0.112
0.404	0.123	0.404	0.123
0.404	0.132	0.404	0.114
0.405	0.120	0.405	0.124
0.405	0.124	0.405	0.124
0.406	0.126	0.406	0.120
0.406	0.120	0.406	0.123
0.406	0.121	0.406	0.124
0.407	0.120	0.407	0.127
0.407	0.123	0.407	0.129
0.408	0.124	0.408	0.120
0.408	0.121	0.408	0.124
0.409	0.120	0.409	0.120
0.409	0.129	0.409	0.123
0.410	0.126	0.410	0.123
0.410	0.123	0.410	0.118
0.411	0.121	0.411	0.118
0.411	0.121	0.411	0.112
0.412	0.118	0.412	0.121
0.412	0.118	0.412	0.121
0.413	0.117	0.413	0.123
0.413	0.123	0.413	0.118
0.414	0.129	0.414	0.123
0.414	0.124	0.414	0.126
0.415	0.121	0.415	0.118
0.415	0.121	0.415	0.127
0.416	0.121	0.416	0.120
0.416	0.118	0.416	0.115
0.417	0.120	0.417	0.118
0.417	0.120	0.417	0.120
0.418	0.124	0.418	0.132
0.418	0.120	0.418	0.123
0.419	0.120	0.419	0.123
0.419	0.115	0.419	0.118
0.420	0.117	0.420	0.130
0.420	0.118	0.420	0.123
0.421	0.114	0.421	0.120
0.421	0.117	0.421	0.117
0.422	0.112	0.422	0.120
0.422	0.124	0.422	0.120
0.423	0.120	0.423	0.121
0.423	0.115	0.423	0.120
0.424	0.120	0.424	0.115
0.424	0.117	0.424	0.121
0.425	0.120	0.425	0.120
0.425	0.120	0.425	0.121
0.426	0.115	0.426	0.114
0.426	0.120	0.426	0.112
0.427	0.117	0.427	0.117
0.427	0.112	0.427	0.115
0.428	0.117	0.428	0.118
0.428	0.115	0.428	0.118
0.429	0.115	0.429	0.107
0.429	0.118	0.429	0.124
0.430	0.112	0.430	0.112
0.430	0.118	0.430	0.123
0.431	0.117	0.431	0.118
0.431	0.111	0.431	0.120
0.432	0.115	0.432	0.118
0.432	0.120	0.432	0.117
0.433	0.118	0.433	0.111
0.433	0.115	0.433	0.118
0.434	0.118	0.434	0.121
0.434	0.118	0.434	0.111
0.435	0.118	0.435	0.117
0.435	0.101	0.435	0.114
0.436	0.117	0.436	0.120
0.436	0.115	0.436	0.112
0.437	0.106	0.437	0.118
0.438	0.115	0.438	0.115
0.438	0.115	0.438	0.123
0.439	0.112	0.439	0.111
0.439	0.117	0.439	0.123
0.440	0.115	0.440	0.115
0.440	0.117	0.440	0.114
0.441	0.115	0.441	0.117
0.441	0.112	0.441	0.115
0.442	0.112	0.442	0.126
0.442	0.109	0.442	0.112
0.443	0.117	0.443	0.127
0.443	0.117	0.443	0.114
0.444	0.104	0.444	0.114
0.444	0.112	0.444	0.117
0.445	0.117	0.445	0.106
0.445	0.106	0.445	0.114
0.446	0.117	0.446	0.121
0.446	0.111	0.446	0.117
0.447	0.120	0.447	0.115
0.447	0.111	0.447	0.109
0.448	0.107	0.448	0.123
0.448	0.112	0.448	0.117
0.449	0.111	0.449	0.114
0.449	0.107	0.449	0.123
0.450	0.109	0.450	0.118
0.450	0.114	0.450	0.112
0.451	0.114	0.451	0.115
0.451	0.115	0.451	0.120
0.452	0.104	0.452	0.115
0.452	0.126	0.452	0.112
0.453	0.111	0.453	0.107
0.453	0.111	0.453	0.114
0.454	0.114	0.454	0.114
0.454	0.115	0.454	0.115
0.455	0.111	0.455	0.117
0.455	0.107	0.455	0.124
0.456	0.111	0.456	0.123
0.456	0.115	0.456	0.109
0.457	0.106	0.457	0.109
0.457	0.111	0.457	0.111
0.458	0.111	0.458	0.112
0.458	0.124	0.458	0.115
0.459	0.112	0.459	0.117
0.459	0.111	0.459	0.111
0.460	0.111	0.460	0.109
0.460	0.114	0.460	0.114
0.461	0.117	0.461	0.114
0.461	0.107	0.461	0.120
0.462	0.120	0.462	0.120
0.462	0.109	0.462	0.117
0.463	0.118	0.463	0.115
0.463	0.114	0.463	0.124
0.464	0.111	0.464	0.118
0.464	0.117	0.464	0.112
0.465	0.111	0.465	0.118
0.465	0.118	0.465	0.114
0.466	0.109	0.466	0.115
0.466	0.120	0.466	0.121
0.467	0.118	0.467	0.117
0.467	0.115	0.467	0.120
0.468	0.115	0.468	0.111
0.468	0.115	0.468	0.115
0.469	0.115	0.469	0.106
0.469	0.112	0.469	0.117
0.469	0.112	0.469	0.117
0.470	0.117	0.470	0.117
0.470	0.114	0.470	0.112
0.471	0.109	0.471	0.126
0.471	0.118	0.471	0.114
0.472	0.112	0.472	0.120
0.472	0.114	0.472	0.118
0.473	0.115	0.473	0.114
0.473	0.114	0.473	0.120
0.474	0.126	0.474	0.123
0.474	0.112	0.474	0.120
0.475	0.117	0.475	0.117
0.475	0.114	0.475	0.126
0.476	0.121	0.476	0.117
0.476	0.127	0.476	0.118
0.477	0.118	0.477	0.115
0.477	0.103	0.477	0.118
0.478	0.120	0.478	0.126
0.478	0.120	0.478	0.120
0.479	0.111	0.479	0.118
0.479	0.115	0.479	0.120
0.480	0.114	0.480	0.120
0.480	0.117	0.480	0.114
0.481	0.115	0.481	0.123
0.481	0.121	0.481	0.120
0.482	0.120	0.482	0.118
0.482	0.120	0.482	0.118
0.483	0.118	0.483	0.120
0.483	0.117	0.483	0.118
0.484	0.118	0.484	0.123
0.484	0.118	0.484	0.121
0.485	0.118	0.485	0.124
0.485	0.114	0.485	0.124
0.486	0.112	0.486	0.126
0.486	0.117	0.486	0.123
0.487	0.123	0.487	0.126
0.487	0.118	0.487	0.127
0.488	0.118	0.488	0.126
0.488	0.117	0.488	0.123
0.489	0.117	0.489	0.137
0.489	0.123	0.489	0.121
0.490	0.123	0.490	0.123
0.490	0.121	0.490	0.123
0.491	0.123	0.491	0.124
0.491	0.123	0.491	0.127
0.492	0.120	0.492	0.123
0.492	0.115	0.492	0.126
0.493	0.126	0.493	0.126
0.493	0.121	0.493	0.130
0.494	0.120	0.494	0.137
0.494	0.130	0.494	0.132
0.495	0.129	0.495	0.130
0.495	0.123	0.495	0.126
0.496	0.123	0.496	0.138
0.496	0.121	0.496	0.132
0.497	0.126	0.497	0.130
0.497	0.114	0.497	0.126
0.498	0.134	0.498	0.135
0.498	0.115	0.498	0.130
0.499	0.124	0.499	0.129
0.500	0.127	0.500	0.135
0.500	0.103	0.500	0.112
0.500	0.074	0.500	0.075
0.499	0.058	0.499	0.057
0.498	0.046	0.498	0.042
0.498	0.035	0.498	0.034
0.497	0.031	0.497	0.032
0.497	0.025	0.497	0.020
0.496	0.023	0.496	0.025
0.496	0.025	0.496	0.022
0.495	0.025	0.495	0.025
0.495	0.025	0.495	0.023
0.494	0.019	0.494	0.020
0.494	0.017	0.494	0.015
0.493	0.012	0.493	0.017
0.493	0.025	0.493	0.019
0.492	0.022	0.492	0.017
0.492	0.017	0.492	0.015
0.491	0.025	0.491	0.012
0.491	0.020	0.491	0.011
0.490	0.015	0.490	0.014
0.490	0.017	0.490	0.014
0.489	0.019	0.489	0.009
0.489	0.015	0.489	0.011
0.488	0.014	0.488	0.012
0.488	0.009	0.488	0.015
0.487	0.020	0.487	0.006
0.487	0.011	0.487	0.009
0.486	0.020	0.486	0.012
0.486	0.012	0.486	0.017
0.485	0.022	0.485	0.003
0.485	0.012	0.485	0.008
0.484	0.015	0.484	0.006
0.484	0.012	0.484	0.006
0.483	0.014	0.483	0.008
0.483	0.006	0.483	0.009
0.482	0.005	0.482	0.012
0.482	0.019	0.482	0.015
0.481	0.012	0.481	0.009
0.481	0.008	0.481	0.003
0.480	0.015	0.480	0.008
0.480	0.009	0.480	0.002
0.479	0.017	0.479	0.011
0.479	0.011	0.479	0.005
0.478	0.014	0.478	0.008
0.478	0.014	0.478	0.003
0.477	0.008	0.477	0.006
0.477	0.006	0.477	0.006
0.476	0.000	0.476	0.008
0.476	0.006	0.476	0.003
0.475	0.009	0.475	0.008
0.475	0.003	0.475	0.008
0.474	0.005	0.474	0.003
0.474	0.006	0.474	0.005
0.473	0.008	0.473	0.003
0.473	0.006	0.473	0.006
0.472	0.005	0.472	0.005
0.472	0.006	0.472	0.003
0.471	0.008	0.471	-0.003
0.471	0.011	0.471	0.002
0.470	0.003	0.470	0.000
0.470	0.003	0.470	0.008
0.469	0.005	0.469	0.000
0.469	-0.001	0.469	-0.001
0.469	0.000	0.469	0.000
0.468	0.002	0.468	-0.001
0.468	0.006	0.468	-0.009
0.467	-0.001	0.467	-0.001
0.467	0.008	0.467	0.002
0.466	0.003	0.466	-0.001
0.466	0.003	0.466	-0.005
0.465	0.003	0.465	0.003
0.465	-0.005	0.465	0.003
0.464	-0.001	0.464	0.006
0.464	0.002	0.464	-0.006
0.463	0.005	0.463	0.002
0.463	0.000	0.463	-0.015
0.462	0.000	0.462	-0.005
0.462	0.006	0.462	0.002
0.461	-0.001	0.461	-0.001
0.461	0.000	0.461	-0.003
0.460	-0.003	0.460	-0.005
0.460	0.000	0.460	-0.011
0.459	-0.003	0.459	-0.003
0.459	-0.005	0.459	-0.001
0.458	-0.001	0.458	-0.008
0.458	0.000	0.458	-0.005
0.457	-0.001	0.457	-0.006
0.457	-0.003	0.457	-0.011
0.456	0.002	0.456	-0.005
0.456	-0.001	0.456	-0.009
0.455	-0.008	0.455	-0.006
0.455	-0.009	0.455	-0.009
0.454	-0.006	0.454	-0.005
0.454	0.003	0.454	-0.021
0.453	-0.009	0.453	-0.014
0.453	-0.006	0.453	-0.006
0.452	-0.006	0.452	-0.011
0.452	-0.005	0.452	-0.011
0.451	-0.011	0.451	-0.009
0.451	-0.006	0.451	-0.009
0.450	-0.006	0.450	-0.009
0.450	-0.003	0.450	-0.006
0.449	-0.003	0.449	-0.005
0.449	-0.011	0.449	-0.012
0.448	-0.011	0.448	-0.012
0.448	-0.008	0.448	-0.015
0.447	-0.012	0.447	-0.012
0.447	0.000	0.447	-0.011
0.446	-0.014	0.446	-0.014
0.446	-0.005	0.446	-0.008
0.445	-0.008	0.445	-0.024
0.445	-0.006	0.445	-0.008
0.444	-0.011	0.444	-0.012
0.444	-0.006	0.444	-0.012
0.443	0.003	0.443	-0.012
0.443	-0.012	0.443	-0.012
0.442	-0.003	0.442	-0.015
0.442	-0.008	0.442	-0.023
0.441	-0.012	0.441	-0.014
0.441	-0.011	0.441	-0.014
0.440	-0.012	0.440	-0.017
0.440	-0.001	0.440	-0.026
0.439	-0.015	0.439	-0.020
0.439	-0.005	0.439	-0.014
0.438	-0.020	0.438	-0.011
0.438	-0.018	0.438	-0.014
0.437	-0.006	0.437	-0.015
0.436	-0.012	0.436	-0.017
0.436	-0.011	0.436	-0.014
0.435	-0.012	0.435	-0.020
0.435	-0.012	0.435	-0.020
0.434	-0.014	0.434	-0.018
0.434	-0.021	0.434	-0.018
0.433	-0.012	0.433	-0.015
0.433	-0.014	0.433	-0.023
0.432	-0.021	0.432	-0.021
0.432	-0.017	0.432	-0.015
0.431	-0.011	0.431	-0.018
0.431	-0.021	0.431	-0.017
0.430	-0.018	0.430	-0.021
0.430	-0.017	0.430	-0.026
0.429	-0.015	0.429	-0.020
0.429	-0.018	0.429	-0.023
0.428	-0.020	0.428	-0.024
0.428	-0.024	0.428	-0.021
0.427	-0.024	0.427	-0.020
0.427	-0.021	0.427	-0.021
0.426	-0.021	0.426	-0.020
0.426	-0.023	0.426	-0.026
0.425	-0.018	0.425	-0.026
0.425	-0.017	0.425	-0.031
0.424	-0.028	0.424	-0.031
0.424	-0.031	0.424	-0.024
0.423	-0.032	0.423	-0.028
0.423	-0.024	0.423	-0.024
0.422	-0.024	0.422	-0.037
0.422	-0.021	0.422	-0.026
0.421	-0.026	0.421	-0.031
0.421	-0.026	0.421	-0.026
0.420	-0.020	0.420	-0.029
0.420	-0.029	0.420	-0.029
0.419	-0.024	0.419	-0.028
0.419	-0.029	0.419	-0.028
0.418	-0.028	0.418	-0.028
0.418	-0.023	0.418	-0.031
0.417	-0.029	0.417	-0.034
0.417	-0.028	0.417	-0.031
0.416	-0.031	0.416	-0.032
0.416	-0.035	0.416	-0.034
0.415	-0.021	0.415	-0.034
0.415	-0.029	0.415	-0.035
0.414	-0.034	0.414	-0.034
0.414	-0.032	0.414	-0.029
0.413	-0.028	0.413	-0.040
0.413	-0.037	0.413	-0.034
0.412	-0.034	0.412	-0.037
0.412	-0.034	0.412	-0.032
0.411	-0.029	0.411	-0.037
0.411	-0.037	0.411	-0.043
0.410	-0.037	0.410	-0.034
0.410	-0.031	0.410	-0.038
0.409	-0.032	0.409	-0.040
0.409	-0.035	0.409	-0.038
0.408	-0.043	0.408	-0.038
0.408	-0.038	0.408	-0.032
0.407	-0.035	0.407	-0.037
0.407	-0.031	0.407	-0.044
0.406	-0.028	0.406	-0.040
0.406	-0.037	0.406	-0.041
0.406	-0.041	0.406	-0.038
0.405	-0.038	0.405	-0.041
0.405	-0.037	0.405	-0.038
0.404	-0.032	0.404	-0.037
0.404	-0.040	0.404	-0.046
0.403	-0.044	0.403	-0.037
0.403	-0.038	0.403	-0.044
0.402	-0.028	0.402	-0.038
0.402	-0.040	0.402	-0.044
0.401	-0.037	0.401	-0.046
0.401	-0.047	0.401	-0.046
0.400	-0.040	0.400	-0.051
0.400	-0.035	0.400	-0.046
0.399	-0.043	0.399	-0.049
0.399	-0.043	0.399	-0.041
0.398	-0.043	0.398	-0.043
0.398	-0.041	0.398	-0.038
0.397	-0.047	0.397	-0.047
0.397	-0.044	0.397	-0.046
0.396	-0.035	0.396	-0.052
0.396	-0.047	0.396	-0.049
0.395	-0.047	0.395	-0.049
0.395	-0.043	0.395	-0.052
0.394	-0.043	0.394	-0.049
0.394	-0.047	0.394	-0.049
0.393	-0.046	0.393	-0.054
0.393	-0.046	0.393	-0.043
0.392	-0.047	0.392	-0.055
0.392	-0.047	0.392	-0.049
0.391	-0.044	0.391	-0.052
0.391	-0.040	0.391	-0.051
0.390	-0.046	0.390	-0.052
0.390	-0.044	0.390	-0.063
0.389	-0.052	0.389	-0.051
0.389	-0.044	0.389	-0.055
0.388	-0.052	0.388	-0.049
0.388	-0.054	0.388	-0.054
0.387	-0.047	0.387	-0.057
0.387	-0.051	0.387	-0.052
0.386	-0.052	0.386	-0.049
0.386	-0.052	0.386	-0.055
0.385	-0.047	0.385	-0.049
0.385	-0.055	0.385	-0.052
0.384	-0.052	0.384	-0.058
0.384	-0.058	0.384	-0.051
0.383	-0.057	0.383	-0.060
0.383	-0.054	0.383	-0.052
0.382	-0.043	0.382	-0.049
0.382	-0.058	0.382	-0.055
0.381	-0.055	0.381	-0.063
0.381	-0.060	0.381	-0.058
0.380	-0.057	0.380	-0.060
0.380	-0.057	0.380	-0.063
0.379	-0.063	0.379	-0.060
0.379	-0.054	0.379	-0.064
0.378	-0.058	0.378	-0.060
0.378	-0.061	0.378	-0.067
0.377	-0.061	0.377	-0.069
0.377	-0.060	0.377	-0.060
0.376	-0.064	0.376	-0.074
0.376	-0.057	0.376	-0.067
0.375	-0.064	0.375	-0.070
0.375	-0.066	0.375	-0.077
0.374	-0.061	0.374	-0.070
0.373	-0.066	0.373	-0.070
0.373	-0.075	0.373	-0.069
0.372	-0.063	0.372	-0.069
0.372	-0.069	0.372	-0.074
0.371	-0.067	0.371	-0.070
0.371	-0.070	0.371	-0.066
0.370	-0.072	0.370	-0.070
0.370	-0.075	0.370	-0.081
0.369	-0.077	0.369	-0.084
0.369	-0.074	0.369	-0.080
0.368	-0.077	0.368	-0.078
0.368	-0.080	0.368	-0.084
0.367	-0.070	0.367	-0.084
0.367	-0.083	0.367	-0.083
0.366	-0.077	0.366	-0.081
0.366	-0.078	0.366	-0.081
0.365	-0.080	0.365	-0.090
0.365	-0.084	0.365	-0.090
0.364	-0.089	0.364	-0.084
0.364	-0.083	0.364	-0.092
0.363	-0.092	0.363	-0.092
0.363	-0.081	0.363	-0.090
0.362	-0.090	0.362	-0.090
0.362	-0.086	0.362	-0.092
0.361	-0.093	0.361	-0.098
0.361	-0.100	0.361	-0.095
0.360	-0.093	0.360	-0.103
0.360	-0.097	0.360	-0.100
0.359	-0.093	0.359	-0.104
0.359	-0.092	0.359	-0.100
0.358	-0.101	0.358	-0.100
0.358	-0.101	0.358	-0.110
0.357	-0.103	0.357	-0.113
0.357	-0.109	0.357	-0.112
0.356	-0.109	0.356	-0.110
0.356	-0.113	0.356	-0.118
0.355	-0.110	0.355	-0.115
0.355	-0.115	0.355	-0.120
0.354	-0.116	0.354	-0.121
0.354	-0.120	0.354	-0.124
0.353	-0.127	0.353	-0.129
0.353	-0.123	0.353	-0.130
0.352	-0.124	0.352	-0.133
0.352	-0.132	0.352	-0.143
0.351	-0.124	0.351	-0.146
0.351	-0.143	0.351	-0.146
0.350	-0.144	0.350	-0.149
0.350	-0.147	0.350	-0.153
0.349	-0.150	0.349	-0.158
0.349	-0.150	0.349	-0.158
0.348	-0.152	0.348	-0.169
0.348	-0.162	0.348	-0.166
0.347	-0.161	0.347	-0.175
0.347	-0.172	0.347	-0.179
0.346	-0.170	0.346	-0.179
0.346	-0.178	0.346	-0.189
0.345	-0.178	0.345	-0.190
0.345	-0.181	0.345	-0.193
0.344	-0.193	0.344	-0.199
0.344	-0.193	0.344	-0.204
0.344	-0.199	0.344	-0.208
0.343	-0.207	0.343	-0.213
0.343	-0.212	0.343	-0.219
0.342	-0.207	0.342	-0.218
0.342	-0.233	0.342	-0.235
0.341	-0.231	0.341	-0.239
0.341	-0.235	0.341	-0.244
0.340	-0.241	0.340	-0.262
0.340	-0.251	0.340	-0.267
0.339	-0.258	0.339	-0.273
0.339	-0.268	0.339	-0.287
0.338	-0.281	0.338	-0.288
0.338	-0.291	0.338	-0.294
0.337	-0.287	0.337	-0.308
0.337	-0.304	0.337	-0.314
0.336	-0.316	0.336	-0.333
0.336	-0.320	0.336	-0.336
0.335	-0.334	0.335	-0.348
0.335	-0.342	0.335	-0.354
0.334	-0.351	0.334	-0.365
0.334	-0.360	0.334	-0.374
0.333	-0.379	0.333	-0.383
0.333	-0.382	0.333	-0.397
0.332	-0.397	0.332	-0.411
0.332	-0.408	0.332	-0.428
0.331	-0.425	0.331	-0.442
0.331	-0.432	0.331	-0.446
0.330	-0.452	0.330	-0.468
0.330	-0.462	0.330	-0.488
0.329	-0.480	0.329	-0.495
0.329	-0.498	0.329	-0.508
0.328	-0.504	0.328	-0.527
0.328	-0.526	0.328	-0.540
0.327	-0.538	0.327	-0.560
0.327	-0.563	0.327	-0.570
0.326	-0.569	0.326	-0.590
0.326	-0.587	0.326	-0.612
0.325	-0.604	0.325	-0.620
0.325	-0.621	0.325	-0.649
0.324	-0.643	0.324	-0.662
0.324	-0.661	0.324	-0.687
0.323	-0.681	0.323	-0.708
0.323	-0.702	0.323	-0.722
0.322	-0.718	0.322	-0.731
0.322	-0.733	0.322	-0.764
0.321	-0.759	0.321	-0.787
0.321	-0.776	0.321	-0.807
0.320	-0.794	0.320	-0.830
0.320	-0.823	0.320	-0.854
0.319	-0.839	0.319	-0.870
0.319	-0.862	0.319	-0.888
0.318	-0.888	0.318	-0.925
0.318	-0.899	0.318	-0.935
0.317	-0.926	0.317	-0.955
0.317	-0.951	0.317	-0.978
0.316	-0.977	0.316	-1.004
0.316	-0.998	0.316	-1.026
0.315	-1.008	0.315	-1.052
0.315	-1.035	0.315	-1.066
0.314	-1.060	0.314	-1.096
0.314	-1.083	0.314	-1.120
0.313	-1.104	0.313	-1.146
0.313	-1.123	0.313	-1.169
0.312	-1.141	0.312	-1.184
0.311	-1.169	0.311	-1.212
0.311	-1.192	0.311	-1.225
0.310	-1.207	0.310	-1.254
0.310	-1.230	0.310	-1.273
0.309	-1.258	0.309	-1.288
0.309	-1.273	0.309	-1.310
0.308	-1.291	0.308	-1.327
0.308	-1.311	0.308	-1.350
0.307	-1.330	0.307	-1.368
0.307	-1.363	0.307	-1.389
0.306	-1.371	0.306	-1.399
0.306	-1.394	0.306	-1.419
0.305	-1.409	0.305	-1.439
0.305	-1.432	0.305	-1.442
0.304	-1.439	0.304	-1.454
0.304	-1.458	0.304	-1.455
0.303	-1.469	0.303	-1.469
0.303	-1.488	0.303	-1.477
0.302	-1.497	0.302	-1.486
0.302	-1.506	0.302	-1.488
0.301	-1.514	0.301	-1.492
0.301	-1.527	0.301	-1.489
0.300	-1.526	0.300	-1.485
0.300	-1.540	0.300	-1.472
0.299	-1.535	0.299	-1.460
0.299	-1.543	0.299	-1.449
0.298	-1.541	0.298	-1.429
0.298	-1.540	0.298	-1.412
0.297	-1.529	0.297	-1.388
0.297	-1.518	0.297	-1.356
0.296	-1.508	0.296	-1.323
0.296	-1.494	0.296	-1.287
0.295	-1.471	0.295	-1.245
0.295	-1.446	0.295	-1.201
0.294	-1.408	0.294	-1.153
0.294	-1.388	0.294	-1.104
0.293	-1.345	0.293	-1.050
0.293	-1.307	0.293	-0.992
0.292	-1.248	0.292	-0.942
0.292	-1.199	0.292	-0.882
0.291	-1.155	0.291	-0.830
0.291	-1.110	0.291	-0.785
0.290	-1.035	0.290	-0.728
0.290	-0.981	0.290	-0.676
0.289	-0.906	0.289	-0.615
0.289	-0.856	0.289	-0.577
0.288	-0.800	0.288	-0.527
0.288	-0.739	0.288	-0.489
0.287	-0.679	0.287	-0.445
0.287	-0.629	0.287	-0.414
0.286	-0.584	0.286	-0.380
0.286	-0.532	0.286	-0.353
0.285	-0.492	0.285	-0.328
0.285	-0.448	0.285	-0.307
0.284	-0.417	0.284	-0.290
0.284	-0.383	0.284	-0.274
0.283	-0.348	0.283	-0.265
0.283	-0.330	0.283	-0.256
0.282	-0.307	0.282	-0.253
0.282	-0.281	0.282	-0.244
0.281	-0.270	0.281	-0.230
0.281	-0.264	0.281	-0.239
0.281	-0.251	0.281	-0.236
0.280	-0.230	0.280	-0.233
0.280	-0.242	0.280	-0.231
0.279	-0.236	0.279	-0.233
0.279	-0.224	0.279	-0.230
0.278	-0.227	0.278	-0.231
0.278	-0.224	0.278	-0.227
0.277	-0.241	0.277	-0.218
0.277	-0.224	0.277	-0.233
0.276	-0.225	0.276	-0.227
0.276	-0.227	0.276	-0.228
0.275	-0.221	0.275	-0.228
0.275	-0.219	0.275	-0.228
0.274	-0.228	0.274	-0.230
0.274	-0.225	0.274	-0.235
0.273	-0.227	0.273	-0.231
0.273	-0.222	0.273	-0.222
0.272	-0.219	0.272	-0.221
0.272	-0.222	0.272	-0.228
0.271	-0.222	0.271	-0.230
0.271	-0.225	0.271	-0.225
0.270	-0.216	0.270	-0.227
0.270	-0.221	0.270	-0.222
0.269	-0.219	0.269	-0.225
0.269	-0.216	0.269	-0.224
0.268	-0.225	0.268	-0.228
0.268	-0.218	0.268	-0.218
0.267	-0.212	0.267	-0.218
0.267	-0.215	0.267	-0.219
0.266	-0.215	0.266	-0.212
0.266	-0.212	0.266	-0.221
0.265	-0.208	0.265	-0.215
0.265	-0.212	0.265	-0.215
0.264	-0.210	0.264	-0.216
0.264	-0.201	0.264	-0.216
0.263	-0.205	0.263	-0.213
0.263	-0.204	0.263	-0.212
0.262	-0.199	0.262	-0.207
0.262	-0.201	0.262	-0.207
0.261	-0.198	0.261	-0.199
0.261	-0.198	0.261	-0.202
0.260	-0.193	0.260	-0.212
0.260	-0.187	0.260	-0.202
0.259	-0.199	0.259	-0.202
0.259	-0.190	0.259	-0.193
0.258	-0.185	0.258	-0.198
0.258	-0.182	0.258	-0.187
0.257	-0.184	0.257	-0.187
0.257	-0.178	0.257	-0.187
0.256	-0.181	0.256	-0.184
0.256	-0.173	0.256	-0.182
0.255	-0.176	0.255	-0.179
0.255	-0.164	0.255	-0.175
0.254	-0.167	0.254	-0.176
0.254	-0.172	0.254	-0.176
0.253	-0.161	0.253	-0.167
0.253	-0.162	0.253	-0.164
0.252	-0.158	0.252	-0.164
0.252	-0.149	0.252	-0.164
0.251	-0.156	0.251	-0.156
0.251	-0.155	0.251	-0.158
0.250	-0.153	0.250	-0.156
0.250	-0.147	0.250	-0.156
0.249	-0.152	0.249	-0.149
0.248	-0.144	0.248	-0.150
0.248	-0.146	0.248	-0.143
0.247	-0.141	0.247	-0.156
0.247	-0.139	0.247	-0.146
0.246	-0.132	0.246	-0.139
0.246	-0.139	0.246	-0.139
0.245	-0.136	0.245	-0.141
0.245	-0.135	0.245	-0.130
0.244	-0.136	0.244	-0.136
0.244	-0.127	0.244	-0.136
0.243	-0.124	0.243	-0.138
0.243	-0.132	0.243	-0.136
0.242	-0.126	0.242	-0.130
0.242	-0.120	0.242	-0.129
0.241	-0.130	0.241	-0.130
0.241	-0.123	0.241	-0.127
0.240	-0.123	0.240	-0.126
0.240	-0.116	0.240	-0.123
0.239	-0.120	0.239	-0.127
0.239	-0.120	0.239	-0.129
0.238	-0.124	0.238	-0.127
0.238	-0.118	0.238	-0.124
0.237	-0.123	0.237	-0.123
0.237	-0.120	0.237	-0.123
0.236	-0.118	0.236	-0.121
0.236	-0.118	0.236	-0.112
0.235	-0.120	0.235	-0.124
0.235	-0.120	0.235	-0.123
0.234	-0.120	0.234	-0.118
0.234	-0.116	0.234	-0.126
0.234	-0.123	0.234	-0.120
0.233	-0.127	0.233	-0.118
0.233	-0.126	0.233	-0.118
0.232	-0.115	0.232	-0.118
0.232	-0.126	0.232	-0.118
0.231	-0.118	0.231	-0.118
0.231	-0.120	0.231	-0.130
0.230	-0.124	0.230	-0.115
0.230	-0.118	0.230	-0.121
0.229	-0.123	0.229	-0.121
0.229	-0.116	0.229	-0.118
0.228	-0.130	0.228	-0.121
0.228	-0.118	0.228	-0.123
0.227	-0.121	0.227	-0.124
0.227	-0.123	0.227	-0.124
0.226	-0.124	0.226	-0.120
0.226	-0.123	0.226	-0.115
0.225	-0.127	0.225	-0.129
0.225	-0.123	0.225	-0.127
0.224	-0.124	0.224	-0.106
0.224	-0.123	0.224	-0.121
0.223	-0.129	0.223	-0.123
0.223	-0.126	0.223	-0.118
0.222	-0.123	0.222	-0.120
0.222	-0.132	0.222	-0.129
0.221	-0.132	0.221	-0.124
0.221	-0.123	0.221	-0.124
0.220	-0.127	0.220	-0.130
0.220	-0.127	0.220	-0.126
0.219	-0.133	0.219	-0.126
0.219	-0.130	0.219	-0.124
0.218	-0.130	0.218	-0.126
0.217	-0.130	0.217	-0.127
0.217	-0.133	0.217	-0.132
0.216	-0.129	0.216	-0.124
0.216	-0.135	0.216	-0.135
0.215	-0.130	0.215	-0.129
0.215	-0.135	0.215	-0.132
0.214	-0.133	0.214	-0.132
0.214	-0.138	0.214	-0.126
0.213	-0.132	0.213	-0.133
0.213	-0.133	0.213	-0.132
0.212	-0.138	0.212	-0.126
0.212	-0.138	0.212	-0.138
0.211	-0.136	0.211	-0.135
0.211	-0.143	0.211	-0.133
0.210	-0.141	0.210	-0.132
0.210	-0.136	0.210	-0.138
0.209	-0.141	0.209	-0.130
0.209	-0.141	0.209	-0.133
0.208	-0.143	0.208	-0.130
0.208	-0.143	0.208	-0.139
0.207	-0.146	0.207	-0.146
0.207	-0.149	0.207	-0.138
0.206	-0.155	0.206	-0.136
0.206	-0.152	0.206	-0.138
0.205	-0.144	0.205	-0.141
0.205	-0.147	0.205	-0.136
0.204	-0.152	0.204	-0.144
0.204	-0.153	0.204	-0.146
0.203	-0.153	0.203	-0.141
0.203	-0.153	0.203	-0.149
0.203	-0.150	0.203	-0.150
0.202	-0.155	0.202	-0.141
0.202	-0.150	0.202	-0.150
0.201	-0.156	0.201	-0.150
0.201	-0.156	0.201	-0.146
0.200	-0.161	0.200	-0.146
0.200	-0.162	0.200	-0.152
0.199	-0.161	0.199	-0.156
0.199	-0.161	0.199	-0.152
0.198	-0.164	0.198	-0.156
0.198	-0.158	0.198	-0.158
0.197	-0.167	0.197	-0.150
0.197	-0.166	0.197	-0.155
0.196	-0.162	0.196	-0.161
0.196	-0.173	0.196	-0.166
0.195	-0.176	0.195	-0.164
0.195	-0.179	0.195	-0.167
0.194	-0.179	0.194	-0.166
0.194	-0.161	0.194	-0.166
0.193	-0.176	0.193	-0.162
0.193	-0.181	0.193	-0.166
0.192	-0.175	0.192	-0.173
0.192	-0.182	0.192	-0.169
0.191	-0.181	0.191	-0.173
0.191	-0.181	0.191	-0.173
0.190	-0.187	0.190	-0.173
0.190	-0.182	0.190	-0.172
0.189	-0.190	0.189	-0.176
0.189	-0.184	0.189	-0.173
0.188	-0.190	0.188	-0.181
0.188	-0.187	0.188	-0.187
0.187	-0.192	0.187	-0.178
0.186	-0.193	0.186	-0.182
0.186	-0.192	0.186	-0.187
0.185	-0.190	0.185	-0.189
0.185	-0.196	0.185	-0.190
0.184	-0.199	0.184	-0.190
0.184	-0.196	0.184	-0.192
0.183	-0.201	0.183	-0.193
0.183	-0.202	0.183	-0.193
0.182	-0.207	0.182	-0.189
0.182	-0.199	0.182	-0.193
0.181	-0.204	0.181	-0.193
0.181	-0.210	0.181	-0.204
0.180	-0.205	0.180	-0.196
0.180	-0.216	0.180	-0.201
0.179	-0.212	0.179	-0.202
0.179	-0.227	0.179	-0.210
0.178	-0.221	0.178	-0.205
0.178	-0.216	0.178	-0.207
0.177	-0.218	0.177	-0.204
0.177	-0.224	0.177	-0.207
0.176	-0.222	0.176	-0.212
0.176	-0.230	0.176	-0.212
0.175	-0.218	0.175	-0.216
0.175	-0.235	0.175	-0.218
0.174	-0.228	0.174	-0.218
0.174	-0.228	0.174	-0.221
0.173	-0.239	0.173	-0.222
0.173	-0.238	0.173	-0.227
0.172	-0.236	0.172	-0.227
0.172	-0.244	0.172	-0.228
0.172	-0.242	0.172	-0.230
0.171	-0.247	0.171	-0.235
0.171	-0.245	0.171	-0.228
0.170	-0.253	0.170	-0.238
0.170	-0.250	0.170	-0.231
0.169	-0.256	0.169	-0.241
0.169	-0.248	0.169	-0.244
0.168	-0.268	0.168	-0.241
0.168	-0.254	0.168	-0.247
0.167	-0.262	0.167	-0.244
0.167	-0.254	0.167	-0.242
0.166	-0.264	0.166	-0.256
0.166	-0.262	0.166	-0.253
0.165	-0.267	0.165	-0.253
0.165	-0.262	0.165	-0.258
0.164	-0.274	0.164	-0.259
0.164	-0.271	0.164	-0.259
0.163	-0.287	0.163	-0.270
0.163	-0.271	0.163	-0.262
0.162	-0.276	0.162	-0.256
0.162	-0.284	0.162	-0.270
0.161	-0.288	0.161	-0.267
0.161	-0.273	0.161	-0.271
0.160	-0.291	0.160	-0.274
0.160	-0.290	0.160	-0.281
0.159	-0.293	0.159	-0.284
0.159	-0.294	0.159	-0.279
0.158	-0.296	0.158	-0.288
0.158	-0.291	0.158	-0.285
0.157	-0.301	0.157	-0.293
0.157	-0.293	0.157	-0.284
0.156	-0.305	0.156	-0.293
0.155	-0.304	0.155	-0.290
0.155	-0.311	0.155	-0.299
0.154	-0.307	0.154	-0.294
0.154	-0.313	0.154	-0.305
0.153	-0.311	0.153	-0.296
0.153	-0.313	0.153	-0.301
0.152	-0.319	0.152	-0.304
0.152	-0.324	0.152	-0.308
0.151	-0.316	0.151	-0.307
0.151	-0.324	0.151	-0.317
0.150	-0.324	0.150	-0.308
0.150	-0.331	0.150	-0.308
0.149	-0.328	0.149	-0.317
0.149	-0.336	0.149	-0.314
0.148	-0.334	0.148	-0.320
0.148	-0.337	0.148	-0.322
0.147	-0.333	0.147	-0.324
0.147	-0.347	0.147	-0.333
0.146	-0.334	0.146	-0.328
0.146	-0.348	0.146	-0.333
0.145	-0.343	0.145	-0.334
0.145	-0.350	0.145	-0.347
0.144	-0.343	0.144	-0.328
0.144	-0.356	0.144	-0.345
0.143	-0.351	0.143	-0.347
0.143	-0.357	0.143	-0.353
0.142	-0.360	0.142	-0.340
0.142	-0.354	0.142	-0.339
0.141	-0.362	0.141	-0.343
0.141	-0.366	0.141	-0.356
0.141	-0.363	0.141	-0.348
0.140	-0.365	0.140	-0.357
0.140	-0.370	0.140	-0.360
0.139	-0.382	0.139	-0.371
0.139	-0.377	0.139	-0.353
0.138	-0.376	0.138	-0.373
0.138	-0.377	0.138	-0.370
0.137	-0.380	0.137	-0.377
0.137	-0.386	0.137	-0.377
0.136	-0.388	0.136	-0.371
0.136	-0.385	0.136	-0.376
0.135	-0.391	0.135	-0.389
0.135	-0.386	0.135	-0.382
0.134	-0.396	0.134	-0.385
0.134	-0.397	0.134	-0.391
0.133	-0.400	0.133	-0.399
0.133	-0.405	0.133	-0.391
0.132	-0.409	0.132	-0.388
0.132	-0.414	0.132	-0.396
0.131	-0.429	0.131	-0.411
0.131	-0.406	0.131	-0.399
0.130	-0.416	0.130	-0.405
0.130	-0.416	0.130	-0.403
0.129	-0.419	0.129	-0.411
0.129	-0.416	0.129	-0.405
0.128	-0.423	0.128	-0.411
0.128	-0.420	0.128	-0.412
0.127	-0.437	0.127	-0.426
0.127	-0.431	0.127	-0.414
0.126	-0.431	0.126	-0.426
0.126	-0.426	0.126	-0.419
0.125	-0.440	0.125	-0.429
0.125	-0.437	0.125	-0.425
0.124	-0.442	0.124	-0.432
0.123	-0.437	0.123	-0.434
0.123	-0.458	0.123	-0.443
0.122	-0.446	0.122	-0.431
0.122	-0.445	0.122	-0.429
0.121	-0.458	0.121	-0.445
0.121	-0.455	0.121	-0.449
0.120	-0.458	0.120	-0.448
0.120	-0.460	0.120	-0.454
0.119	-0.458	0.119	-0.446
0.119	-0.472	0.119	-0.463
0.118	-0.463	0.118	-0.460
0.118	-0.471	0.118	-0.463
0.117	-0.468	0.117	-0.460
0.117	-0.471	0.117	-0.468
0.117	-0.477	0.117	-0.463
0.116	-0.478	0.116	-0.471
0.116	-0.483	0.116	-0.472
0.115	-0.497	0.115	-0.491
0.115	-0.489	0.115	-0.485
0.114	-0.486	0.114	-0.488
0.114	-0.489	0.114	-0.475
0.113	-0.500	0.113	-0.489
0.113	-0.492	0.113	-0.481
0.112	-0.503	0.112	-0.492
0.112	-0.497	0.112	-0.492
0.111	-0.512	0.111	-0.501
0.111	-0.511	0.111	-0.494
0.110	-0.514	0.110	-0.500
0.110	-0.506	0.110	-0.503
0.109	-0.517	0.109	-0.509
0.108	-0.512	0.108	-0.504
0.108	-0.515	0.108	-0.509
0.107	-0.523	0.107	-0.504
0.107	-0.532	0.107	-0.531
0.106	-0.524	0.106	-0.514
0.106	-0.511	0.106	-0.520
0.105	-0.532	0.105	-0.520
0.105	-0.535	0.105	-0.527
0.104	-0.531	0.104	-0.524
0.104	-0.535	0.104	-0.529
0.103	-0.537	0.103	-0.529
0.103	-0.550	0.103	-0.538
0.102	-0.541	0.102	-0.529
0.102	-0.540	0.102	-0.537
0.102	-0.544	0.102	-0.535
0.101	-0.541	0.101	-0.550
0.101	-0.555	0.101	-0.544
