E /V	I /uA	E /V	I /uA	E /V	I /uA	E /V	I /uA	E /V	I /uA
0.100	-0.098	0.100	-0.713	0.100	-0.710	0.100	-0.695	0.100	-0.682
0.099	-0.264	0.099	-0.728	0.099	-0.721	0.099	-0.716	0.099	-0.702
0.098	-0.391	0.098	-0.730	0.098	-0.721	0.098	-0.715	0.098	-0.696
0.097	-0.492	0.097	-0.735	0.097	-0.722	0.097	-0.719	0.097	-0.705
0.096	-0.564	0.096	-0.744	0.096	-0.733	0.096	-0.725	0.096	-0.719
0.095	-0.616	0.095	-0.750	0.095	-0.744	0.095	-0.736	0.095	-0.727
0.094	-0.655	0.094	-0.758	0.094	-0.751	0.094	-0.742	0.094	-0.738
0.093	-0.685	0.093	-0.770	0.093	-0.762	0.093	-0.753	0.093	-0.738
0.092	-0.708	0.092	-0.774	0.092	-0.765	0.092	-0.759	0.092	-0.745
0.091	-0.730	0.091	-0.785	0.091	-0.774	0.091	-0.771	0.091	-0.761
0.090	-0.745	0.090	-0.790	0.090	-0.785	0.090	-0.776	0.090	-0.767
0.089	-0.754	0.089	-0.796	0.089	-0.791	0.089	-0.784	0.089	-0.776
0.088	-0.770	0.088	-0.808	0.088	-0.797	0.088	-0.790	0.088	-0.773
0.087	-0.777	0.087	-0.817	0.087	-0.804	0.087	-0.799	0.087	-0.787
0.086	-0.785	0.086	-0.819	0.086	-0.816	0.086	-0.805	0.086	-0.799
0.085	-0.800	0.085	-0.833	0.085	-0.822	0.085	-0.804	0.085	-0.788
0.084	-0.810	0.084	-0.837	0.084	-0.830	0.084	-0.817	0.084	-0.811
0.083	-0.830	0.083	-0.854	0.083	-0.846	0.083	-0.836	0.083	-0.828
0.082	-0.823	0.082	-0.851	0.082	-0.846	0.082	-0.842	0.082	-0.822
0.081	-0.834	0.081	-0.857	0.081	-0.853	0.081	-0.843	0.081	-0.833
0.080	-0.843	0.080	-0.862	0.080	-0.863	0.080	-0.850	0.080	-0.836
0.079	-0.854	0.079	-0.874	0.079	-0.868	0.079	-0.856	0.079	-0.848
0.078	-0.857	0.078	-0.882	0.078	-0.866	0.078	-0.863	0.078	-0.848
0.077	-0.866	0.077	-0.891	0.077	-0.882	0.077	-0.873	0.077	-0.860
0.076	-0.874	0.076	-0.899	0.076	-0.883	0.076	-0.877	0.076	-0.865
0.075	-0.889	0.075	-0.903	0.075	-0.902	0.075	-0.886	0.075	-0.885
0.074	-0.893	0.074	-0.916	0.074	-0.900	0.074	-0.891	0.074	-0.883
0.073	-0.900	0.073	-0.914	0.073	-0.906	0.073	-0.899	0.073	-0.888
0.072	-0.908	0.072	-0.923	0.072	-0.919	0.072	-0.905	0.072	-0.889
0.071	-0.919	0.071	-0.931	0.071	-0.922	0.071	-0.912	0.071	-0.902
0.070	-0.922	0.070	-0.937	0.070	-0.923	0.070	-0.917	0.070	-0.908
0.069	-0.931	0.069	-0.948	0.069	-0.942	0.069	-0.923	0.069	-0.914
0.068	-0.939	0.068	-0.948	0.068	-0.942	0.068	-0.934	0.068	-0.922
0.067	-0.965	0.067	-0.972	0.067	-0.966	0.067	-0.952	0.067	-0.942
0.066	-0.955	0.066	-0.962	0.066	-0.955	0.066	-0.949	0.066	-0.942
0.065	-0.958	0.065	-0.968	0.065	-0.963	0.065	-0.955	0.065	-0.942
0.064	-0.960	0.064	-0.978	0.064	-0.966	0.064	-0.965	0.064	-0.949
0.063	-0.974	0.063	-0.985	0.063	-0.972	0.063	-0.965	0.063	-0.955
0.062	-0.978	0.062	-0.981	0.062	-0.980	0.062	-0.966	0.062	-0.960
0.061	-0.981	0.061	-0.989	0.061	-0.983	0.061	-0.975	0.061	-0.971
0.060	-0.986	0.060	-0.995	0.060	-0.988	0.060	-0.980	0.060	-0.968
0.059	-1.003	0.059	-1.008	0.059	-1.006	0.059	-0.986	0.059	-0.980
0.058	-1.004	0.058	-1.011	0.058	-0.998	0.058	-0.989	0.058	-0.983
0.057	-1.011	0.057	-1.017	0.057	-1.008	0.057	-0.997	0.057	-0.989
0.056	-1.012	0.056	-1.012	0.056	-1.017	0.056	-0.998	0.056	-0.989
0.055	-1.018	0.055	-1.026	0.055	-1.018	0.055	-1.017	0.055	-0.998
0.054	-1.032	0.054	-1.032	0.054	-1.020	0.054	-1.014	0.054	-1.003
0.053	-1.038	0.053	-1.034	0.053	-1.034	0.053	-1.021	0.053	-1.012
0.052	-1.043	0.052	-1.041	0.052	-1.035	0.052	-1.024	0.052	-1.017
0.051	-1.061	0.051	-1.058	0.051	-1.049	0.051	-1.050	0.051	-1.035
0.050	-1.061	0.050	-1.057	0.050	-1.050	0.050	-1.043	0.050	-1.031
0.049	-1.064	0.049	-1.060	0.049	-1.055	0.049	-1.040	0.049	-1.035
0.048	-1.070	0.048	-1.061	0.048	-1.063	0.048	-1.052	0.048	-1.035
0.047	-1.078	0.047	-1.072	0.047	-1.064	0.047	-1.060	0.047	-1.049
0.046	-1.080	0.046	-1.075	0.046	-1.067	0.046	-1.063	0.046	-1.047
0.045	-1.086	0.045	-1.080	0.045	-1.073	0.045	-1.064	0.045	-1.054
0.044	-1.092	0.044	-1.090	0.044	-1.078	0.044	-1.066	0.044	-1.058
0.043	-1.107	0.043	-1.100	0.043	-1.095	0.043	-1.086	0.043	-1.075
0.042	-1.107	0.042	-1.095	0.042	-1.083	0.042	-1.075	0.042	-1.069
0.041	-1.113	0.041	-1.103	0.041	-1.095	0.041	-1.093	0.041	-1.077
0.040	-1.110	0.040	-1.110	0.040	-1.101	0.040	-1.092	0.040	-1.087
0.039	-1.123	0.039	-1.116	0.039	-1.112	0.039	-1.100	0.039	-1.096
0.038	-1.130	0.038	-1.116	0.038	-1.109	0.038	-1.101	0.038	-1.096
0.037	-1.136	0.037	-1.121	0.037	-1.120	0.037	-1.112	0.037	-1.100
0.036	-1.139	0.036	-1.129	0.036	-1.124	0.036	-1.112	0.036	-1.103
0.035	-1.166	0.035	-1.149	0.035	-1.141	0.035	-1.127	0.035	-1.116
0.034	-1.150	0.034	-1.127	0.034	-1.127	0.034	-1.120	0.034	-1.115
0.033	-1.158	0.033	-1.136	0.033	-1.133	0.033	-1.116	0.033	-1.124
0.032	-1.161	0.032	-1.143	0.032	-1.138	0.032	-1.126	0.032	-1.113
0.031	-1.167	0.031	-1.149	0.031	-1.144	0.031	-1.139	0.031	-1.129
0.030	-1.179	0.030	-1.153	0.030	-1.147	0.030	-1.150	0.030	-1.135
0.029	-1.181	0.029	-1.164	0.029	-1.152	0.029	-1.146	0.029	-1.143
0.028	-1.179	0.028	-1.166	0.028	-1.158	0.028	-1.150	0.028	-1.144
0.027	-1.199	0.027	-1.179	0.027	-1.170	0.027	-1.164	0.027	-1.159
0.026	-1.190	0.026	-1.172	0.026	-1.169	0.026	-1.166	0.026	-1.156
0.025	-1.199	0.025	-1.169	0.025	-1.173	0.025	-1.169	0.025	-1.156
0.024	-1.201	0.024	-1.181	0.024	-1.175	0.024	-1.170	0.024	-1.161
0.023	-1.213	0.023	-1.193	0.023	-1.184	0.023	-1.178	0.023	-1.175
0.022	-1.210	0.022	-1.185	0.022	-1.182	0.022	-1.175	0.022	-1.176
0.021	-1.222	0.021	-1.196	0.021	-1.192	0.021	-1.189	0.021	-1.178
0.020	-1.228	0.020	-1.199	0.020	-1.201	0.020	-1.190	0.020	-1.185
0.019	-1.248	0.019	-1.222	0.019	-1.212	0.019	-1.210	0.019	-1.199
0.018	-1.245	0.018	-1.215	0.018	-1.208	0.018	-1.198	0.018	-1.195
0.017	-1.242	0.017	-1.215	0.017	-1.207	0.017	-1.201	0.017	-1.201
0.016	-1.247	0.016	-1.221	0.016	-1.213	0.016	-1.212	0.016	-1.205
0.015	-1.256	0.015	-1.228	0.015	-1.222	0.015	-1.213	0.015	-1.208
0.014	-1.256	0.014	-1.225	0.014	-1.225	0.014	-1.219	0.014	-1.212
0.013	-1.264	0.013	-1.230	0.013	-1.228	0.013	-1.224	0.013	-1.218
0.012	-1.262	0.012	-1.235	0.012	-1.235	0.012	-1.228	0.012	-1.228
0.011	-1.274	0.011	-1.250	0.011	-1.248	0.011	-1.239	0.011	-1.239
0.010	-1.281	0.010	-1.247	0.010	-1.242	0.010	-1.236	0.010	-1.227
0.009	-1.281	0.009	-1.253	0.009	-1.245	0.009	-1.242	0.009	-1.233
0.008	-1.285	0.008	-1.251	0.008	-1.250	0.008	-1.253	0.008	-1.230
0.007	-1.294	0.007	-1.261	0.007	-1.262	0.007	-1.253	0.007	-1.251
0.006	-1.296	0.006	-1.267	0.006	-1.268	0.006	-1.251	0.006	-1.248
0.005	-1.294	0.005	-1.270	0.005	-1.267	0.005	-1.262	0.005	-1.254
0.004	-1.304	0.004	-1.264	0.004	-1.270	0.004	-1.262	0.004	-1.258
0.003	-1.334	0.003	-1.299	0.003	-1.293	0.003	-1.287	0.003	-1.285
0.002	-1.316	0.002	-1.281	0.002	-1.281	0.002	-1.270	0.002	-1.265
0.001	-1.308	0.001	-1.276	0.001	-1.273	0.001	-1.270	0.001	-1.271
0.000	-1.311	0.000	-1.284	0.000	-1.274	0.000	-1.273	0.000	-1.270
-0.001	-1.319	-0.001	-1.287	-0.001	-1.288	-0.001	-1.277	-0.001	-1.276
-0.002	-1.317	-0.002	-1.284	-0.002	-1.282	-0.002	-1.281	-0.002	-1.277
-0.003	-1.327	-0.003	-1.300	-0.003	-1.294	-0.003	-1.285	-0.003	-1.285
-0.004	-1.325	-0.004	-1.297	-0.004	-1.304	-0.004	-1.288	-0.004	-1.285
-0.005	-1.336	-0.005	-1.310	-0.005	-1.300	-0.005	-1.296	-0.005	-1.291
-0.006	-1.337	-0.006	-1.302	-0.006	-1.302	-0.006	-1.296	-0.006	-1.293
-0.007	-1.340	-0.007	-1.307	-0.007	-1.310	-0.007	-1.297	-0.007	-1.299
-0.008	-1.342	-0.008	-1.310	-0.008	-1.311	-0.008	-1.300	-0.008	-1.299
-0.009	-1.354	-0.009	-1.319	-0.009	-1.317	-0.009	-1.311	-0.009	-1.308
-0.010	-1.120	-0.010	-1.100	-0.010	-1.100	-0.010	-1.095	-0.010	-1.095
-0.009	-0.612	-0.009	-0.589	-0.009	-0.590	-0.009	-0.590	-0.009	-0.592
-0.008	-0.175	-0.008	-0.150	-0.008	-0.158	-0.008	-0.170	-0.008	-0.167
-0.007	0.152	-0.007	0.170	-0.007	0.163	-0.007	0.155	-0.007	0.146
-0.006	0.390	-0.006	0.399	-0.006	0.388	-0.006	0.384	-0.006	0.371
-0.005	0.564	-0.005	0.577	-0.005	0.568	-0.005	0.552	-0.005	0.557
-0.004	0.670	-0.004	0.689	-0.004	0.670	-0.004	0.666	-0.004	0.660
-0.003	0.764	-0.003	0.765	-0.003	0.761	-0.003	0.755	-0.003	0.745
-0.002	0.819	-0.002	0.822	-0.002	0.816	-0.002	0.799	-0.002	0.807
-0.001	0.870	-0.001	0.877	-0.001	0.868	-0.001	0.865	-0.001	0.844
0.000	0.903	0.000	0.905	0.000	0.896	0.000	0.891	0.000	0.876
0.001	0.934	0.001	0.933	0.001	0.920	0.001	0.913	0.001	0.911
0.002	0.945	0.002	0.953	0.002	0.937	0.002	0.928	0.002	0.920
0.003	0.989	0.003	0.991	0.003	0.983	0.003	0.979	0.003	0.965
0.004	0.980	0.004	0.985	0.004	0.972	0.004	0.968	0.004	0.954
0.005	0.997	0.005	0.997	0.005	0.986	0.005	0.972	0.005	0.971
0.006	0.997	0.006	1.002	0.006	0.985	0.006	0.977	0.006	0.976
0.007	1.017	0.007	1.005	0.007	1.005	0.007	0.997	0.007	0.989
0.008	1.015	0.008	1.017	0.008	0.999	0.008	0.995	0.008	0.986
0.009	1.040	0.009	1.026	0.009	1.018	0.009	1.005	0.009	1.000
0.010	1.031	0.010	1.018	0.010	1.017	0.010	1.003	0.010	0.997
0.011	1.048	0.011	1.045	0.011	1.040	0.011	1.026	0.011	1.014
0.012	1.048	0.012	1.041	0.012	1.029	0.012	1.018	0.012	1.017
0.013	1.049	0.013	1.046	0.013	1.037	0.013	1.035	0.013	1.017
0.014	1.057	0.014	1.048	0.014	1.031	0.014	1.023	0.014	1.026
0.015	1.064	0.015	1.058	0.015	1.043	0.015	1.035	0.015	1.026
0.016	1.060	0.016	1.048	0.016	1.043	0.016	1.034	0.016	1.031
0.017	1.072	0.017	1.058	0.017	1.057	0.017	1.037	0.017	1.034
0.018	1.069	0.018	1.051	0.018	1.045	0.018	1.040	0.018	1.029
0.019	1.091	0.019	1.074	0.019	1.058	0.019	1.057	0.019	1.043
0.020	1.083	0.020	1.063	0.020	1.055	0.020	1.040	0.020	1.038
0.021	1.084	0.021	1.069	0.021	1.054	0.021	1.048	0.021	1.041
0.022	1.080	0.022	1.063	0.022	1.051	0.022	1.041	0.022	1.035
0.023	1.089	0.023	1.068	0.023	1.055	0.023	1.054	0.023	1.043
0.024	1.080	0.024	1.060	0.024	1.058	0.024	1.045	0.024	1.038
0.025	1.083	0.025	1.064	0.025	1.058	0.025	1.046	0.025	1.038
0.026	1.078	0.026	1.064	0.026	1.057	0.026	1.040	0.026	1.037
0.027	1.089	0.027	1.074	0.027	1.063	0.027	1.054	0.027	1.052
0.028	1.083	0.028	1.066	0.028	1.055	0.028	1.045	0.028	1.034
0.029	1.083	0.029	1.072	0.029	1.054	0.029	1.057	0.029	1.038
0.030	1.083	0.030	1.063	0.030	1.049	0.030	1.037	0.030	1.025
0.031	1.084	0.031	1.068	0.031	1.051	0.031	1.048	0.031	1.045
0.032	1.080	0.032	1.052	0.032	1.049	0.032	1.041	0.032	1.026
0.033	1.078	0.033	1.063	0.033	1.049	0.033	1.045	0.033	1.026
0.034	1.077	0.034	1.051	0.034	1.046	0.034	1.040	0.034	1.025
0.035	1.081	0.035	1.069	0.035	1.068	0.035	1.046	0.035	1.037
0.036	1.086	0.036	1.061	0.036	1.041	0.036	1.034	0.036	1.020
0.037	1.074	0.037	1.054	0.037	1.035	0.037	1.031	0.037	1.025
0.038	1.081	0.038	1.048	0.038	1.038	0.038	1.025	0.038	1.012
0.039	1.075	0.039	1.054	0.039	1.040	0.039	1.031	0.039	1.015
0.040	1.069	0.040	1.046	0.040	1.029	0.040	1.023	0.040	1.020
0.041	1.071	0.041	1.048	0.041	1.032	0.041	1.018	0.041	1.011
0.042	1.071	0.042	1.041	0.042	1.028	0.042	1.017	0.042	1.005
0.043	1.077	0.043	1.049	0.043	1.034	0.043	1.018	0.043	1.017
0.044	1.060	0.044	1.034	0.044	1.026	0.044	1.012	0.044	1.000
0.045	1.061	0.045	1.038	0.045	1.020	0.045	1.018	0.045	1.006
0.046	1.055	0.046	1.028	0.046	1.012	0.046	1.008	0.046	0.991
0.047	1.060	0.047	1.029	0.047	1.017	0.047	1.008	0.047	0.995
0.048	1.051	0.048	1.020	0.048	1.009	0.048	0.999	0.048	0.985
0.049	1.051	0.049	1.028	0.049	1.006	0.049	0.995	0.049	0.989
0.050	1.040	0.050	1.015	0.050	1.003	0.050	0.991	0.050	0.983
0.051	1.064	0.051	1.028	0.051	1.012	0.051	1.002	0.051	0.995
0.052	1.041	0.052	1.018	0.052	0.997	0.052	0.991	0.052	0.977
0.053	1.040	0.053	1.012	0.053	0.999	0.053	0.991	0.053	0.979
0.054	1.023	0.054	1.002	0.054	0.988	0.054	0.982	0.054	0.966
0.055	1.031	0.055	1.009	0.055	0.992	0.055	0.982	0.055	0.972
0.056	1.020	0.056	0.988	0.056	0.982	0.056	0.966	0.056	0.962
0.057	1.020	0.057	0.995	0.057	0.983	0.057	0.968	0.057	0.957
0.058	1.014	0.058	0.983	0.058	0.979	0.058	0.959	0.058	0.945
0.059	1.020	0.059	0.997	0.059	0.974	0.059	0.966	0.059	0.959
0.060	1.006	0.060	0.985	0.060	0.963	0.060	0.949	0.060	0.942
0.061	1.000	0.061	0.971	0.061	0.960	0.061	0.949	0.061	0.943
0.062	0.992	0.062	0.962	0.062	0.956	0.062	0.940	0.062	0.930
0.063	0.986	0.063	0.966	0.063	0.953	0.063	0.946	0.063	0.923
0.064	0.994	0.064	0.957	0.064	0.942	0.064	0.931	0.064	0.926
0.065	0.982	0.065	0.953	0.065	0.930	0.065	0.933	0.065	0.919
0.066	0.979	0.066	0.946	0.066	0.933	0.066	0.923	0.066	0.908
0.067	0.995	0.067	0.962	0.067	0.946	0.067	0.939	0.067	0.922
0.068	0.974	0.068	0.943	0.068	0.925	0.068	0.920	0.068	0.911
0.069	0.971	0.069	0.939	0.069	0.928	0.069	0.914	0.069	0.900
0.070	0.956	0.070	0.928	0.070	0.916	0.070	0.894	0.070	0.890
0.071	0.960	0.071	0.928	0.071	0.913	0.071	0.897	0.071	0.890
0.072	0.951	0.072	0.911	0.072	0.897	0.072	0.893	0.072	0.880
0.073	0.946	0.073	0.917	0.073	0.896	0.073	0.883	0.073	0.874
0.074	0.934	0.074	0.902	0.074	0.880	0.074	0.879	0.074	0.867
0.075	0.942	0.075	0.910	0.075	0.896	0.075	0.880	0.075	0.874
0.076	0.928	0.076	0.900	0.076	0.876	0.076	0.874	0.076	0.856
0.077	0.925	0.077	0.890	0.077	0.871	0.077	0.868	0.077	0.853
0.078	0.910	0.078	0.877	0.078	0.865	0.078	0.856	0.078	0.841
0.079	0.908	0.079	0.882	0.079	0.862	0.079	0.853	0.079	0.841
0.080	0.902	0.080	0.865	0.080	0.850	0.080	0.845	0.080	0.828
0.081	0.893	0.081	0.864	0.081	0.848	0.081	0.828	0.081	0.831
0.082	0.880	0.082	0.862	0.082	0.839	0.082	0.831	0.082	0.816
0.083	0.896	0.083	0.860	0.083	0.844	0.083	0.831	0.083	0.821
0.084	0.880	0.084	0.842	0.084	0.831	0.084	0.818	0.084	0.805
0.085	0.870	0.085	0.841	0.085	0.831	0.085	0.818	0.085	0.804
0.086	0.856	0.086	0.827	0.086	0.810	0.086	0.810	0.086	0.791
0.087	0.862	0.087	0.825	0.087	0.804	0.087	0.793	0.087	0.788
0.088	0.848	0.088	0.818	0.088	0.799	0.088	0.788	0.088	0.779
0.089	0.844	0.089	0.811	0.089	0.795	0.089	0.785	0.089	0.775
0.090	0.831	0.090	0.799	0.090	0.784	0.090	0.776	0.090	0.768
0.091	0.834	0.091	0.801	0.091	0.790	0.091	0.779	0.091	0.762
0.092	0.811	0.092	0.790	0.092	0.773	0.092	0.765	0.092	0.747
0.093	0.819	0.093	0.785	0.093	0.767	0.093	0.759	0.093	0.739
0.094	0.810	0.094	0.773	0.094	0.755	0.094	0.745	0.094	0.736
0.095	0.799	0.095	0.768	0.095	0.758	0.095	0.749	0.095	0.735
0.096	0.791	0.096	0.761	0.096	0.741	0.096	0.735	0.096	0.719
0.097	0.787	0.097	0.742	0.097	0.736	0.097	0.724	0.097	0.721
0.098	0.779	0.098	0.742	0.098	0.729	0.098	0.721	0.098	0.706
0.099	0.776	0.099	0.747	0.099	0.732	0.099	0.718	0.099	0.713
0.100	0.761	0.100	0.730	0.100	0.718	0.100	0.704	0.100	0.698
0.101	0.756	0.101	0.724	0.101	0.709	0.101	0.701	0.101	0.690
0.102	0.739	0.102	0.715	0.102	0.699	0.102	0.686	0.102	0.678
0.103	0.738	0.103	0.707	0.103	0.695	0.103	0.683	0.103	0.678
0.104	0.729	0.104	0.698	0.104	0.687	0.104	0.673	0.104	0.663
0.105	0.722	0.105	0.699	0.105	0.676	0.105	0.670	0.105	0.655
0.106	0.710	0.106	0.675	0.106	0.672	0.106	0.660	0.106	0.647
0.107	0.710	0.107	0.680	0.107	0.672	0.107	0.657	0.107	0.646
0.108	0.699	0.108	0.669	0.108	0.657	0.108	0.644	0.108	0.629
0.109	0.693	0.109	0.660	0.109	0.647	0.109	0.640	0.109	0.630
0.110	0.681	0.110	0.652	0.110	0.638	0.110	0.632	0.110	0.617
0.111	0.680	0.111	0.649	0.111	0.637	0.111	0.624	0.111	0.617
0.112	0.667	0.112	0.643	0.112	0.618	0.112	0.620	0.112	0.606
0.113	0.657	0.113	0.627	0.113	0.617	0.113	0.607	0.113	0.598
0.114	0.650	0.114	0.624	0.114	0.604	0.114	0.595	0.114	0.589
0.115	0.652	0.115	0.618	0.115	0.607	0.115	0.607	0.115	0.592
0.116	0.632	0.116	0.604	0.116	0.595	0.116	0.584	0.116	0.577
0.117	0.627	0.117	0.597	0.117	0.589	0.117	0.575	0.117	0.569
0.118	0.621	0.118	0.591	0.118	0.575	0.118	0.569	0.118	0.561
0.119	0.615	0.119	0.586	0.119	0.577	0.119	0.563	0.119	0.546
0.120	0.598	0.120	0.578	0.120	0.560	0.120	0.555	0.120	0.546
0.121	0.595	0.121	0.575	0.121	0.549	0.121	0.554	0.121	0.540
0.122	0.586	0.122	0.563	0.122	0.549	0.122	0.537	0.122	0.531
0.123	0.587	0.123	0.552	0.123	0.546	0.123	0.535	0.123	0.525
0.124	0.574	0.124	0.538	0.124	0.532	0.124	0.528	0.124	0.517
0.125	0.566	0.125	0.538	0.125	0.528	0.125	0.515	0.125	0.509
0.126	0.554	0.126	0.526	0.126	0.517	0.126	0.505	0.126	0.502
0.127	0.548	0.127	0.522	0.127	0.514	0.127	0.506	0.127	0.500
0.128	0.546	0.128	0.515	0.128	0.506	0.128	0.491	0.128	0.486
0.129	0.537	0.129	0.511	0.129	0.497	0.129	0.486	0.129	0.482
0.130	0.523	0.130	0.500	0.130	0.486	0.130	0.482	0.130	0.466
0.131	0.525	0.131	0.500	0.131	0.491	0.131	0.480	0.131	0.477
0.132	0.511	0.132	0.486	0.132	0.476	0.132	0.468	0.132	0.463
0.133	0.502	0.133	0.477	0.133	0.466	0.133	0.460	0.133	0.457
0.134	0.494	0.134	0.468	0.134	0.459	0.134	0.451	0.134	0.446
0.135	0.492	0.135	0.465	0.135	0.453	0.135	0.446	0.135	0.436
0.136	0.482	0.136	0.459	0.136	0.454	0.136	0.433	0.136	0.431
0.137	0.471	0.137	0.457	0.137	0.437	0.137	0.433	0.137	0.428
0.138	0.465	0.138	0.442	0.138	0.434	0.138	0.423	0.138	0.414
0.139	0.460	0.139	0.437	0.139	0.434	0.139	0.423	0.139	0.407
0.140	0.451	0.140	0.426	0.140	0.414	0.140	0.414	0.140	0.405
0.141	0.443	0.141	0.422	0.141	0.411	0.141	0.407	0.141	0.400
0.142	0.439	0.142	0.414	0.142	0.402	0.142	0.396	0.142	0.388
0.143	0.433	0.143	0.408	0.143	0.402	0.143	0.394	0.143	0.388
0.144	0.430	0.144	0.403	0.144	0.397	0.144	0.388	0.144	0.380
0.145	0.420	0.145	0.399	0.145	0.388	0.145	0.385	0.145	0.376
0.146	0.411	0.146	0.390	0.146	0.380	0.146	0.376	0.146	0.371
0.147	0.411	0.147	0.390	0.147	0.380	0.147	0.377	0.147	0.368
0.148	0.402	0.148	0.382	0.148	0.370	0.148	0.367	0.148	0.357
0.149	0.397	0.149	0.373	0.149	0.362	0.149	0.368	0.149	0.348
0.150	0.393	0.150	0.367	0.150	0.357	0.150	0.348	0.150	0.347
0.151	0.391	0.151	0.365	0.151	0.351	0.151	0.348	0.151	0.345
0.152	0.382	0.152	0.357	0.152	0.350	0.152	0.345	0.152	0.339
0.153	0.377	0.153	0.354	0.153	0.345	0.153	0.334	0.153	0.334
0.154	0.370	0.154	0.347	0.154	0.334	0.154	0.333	0.154	0.325
0.155	0.368	0.155	0.345	0.155	0.334	0.155	0.327	0.155	0.321
0.156	0.359	0.156	0.330	0.156	0.330	0.156	0.316	0.156	0.315
0.157	0.353	0.157	0.325	0.157	0.325	0.157	0.316	0.157	0.313
0.158	0.348	0.158	0.324	0.158	0.318	0.158	0.311	0.158	0.307
0.159	0.345	0.159	0.316	0.159	0.310	0.159	0.308	0.159	0.301
0.160	0.338	0.160	0.311	0.160	0.307	0.160	0.301	0.160	0.299
0.161	0.338	0.161	0.315	0.161	0.308	0.161	0.301	0.161	0.299
0.162	0.327	0.162	0.307	0.162	0.298	0.162	0.296	0.162	0.296
0.163	0.330	0.163	0.315	0.163	0.301	0.163	0.291	0.163	0.288
0.164	0.318	0.164	0.299	0.164	0.299	0.164	0.288	0.164	0.287
0.165	0.316	0.165	0.288	0.165	0.288	0.165	0.287	0.165	0.278
0.166	0.310	0.166	0.285	0.166	0.287	0.166	0.276	0.166	0.275
0.167	0.310	0.167	0.287	0.167	0.284	0.167	0.275	0.167	0.273
0.168	0.302	0.168	0.282	0.168	0.276	0.168	0.270	0.168	0.267
0.169	0.301	0.169	0.282	0.169	0.267	0.169	0.267	0.169	0.262
0.170	0.295	0.170	0.276	0.170	0.272	0.170	0.262	0.170	0.256
0.171	0.291	0.171	0.268	0.171	0.264	0.171	0.261	0.171	0.258
0.172	0.288	0.172	0.270	0.172	0.262	0.172	0.256	0.172	0.255
0.173	0.285	0.173	0.261	0.173	0.259	0.173	0.253	0.173	0.249
0.174	0.279	0.174	0.262	0.174	0.253	0.174	0.249	0.174	0.250
0.175	0.282	0.175	0.258	0.175	0.255	0.175	0.247	0.175	0.250
0.176	0.278	0.176	0.258	0.176	0.245	0.176	0.245	0.176	0.236
0.177	0.273	0.177	0.247	0.177	0.249	0.177	0.242	0.177	0.236
0.178	0.272	0.178	0.249	0.178	0.242	0.178	0.236	0.178	0.241
0.179	0.272	0.179	0.249	0.179	0.239	0.179	0.238	0.179	0.235
0.180	0.264	0.180	0.241	0.180	0.238	0.180	0.230	0.180	0.227
0.181	0.256	0.181	0.239	0.181	0.230	0.181	0.227	0.181	0.230
0.182	0.256	0.182	0.238	0.182	0.230	0.182	0.226	0.182	0.224
0.183	0.261	0.183	0.235	0.183	0.238	0.183	0.222	0.183	0.222
0.184	0.255	0.184	0.232	0.184	0.227	0.184	0.221	0.184	0.224
0.185	0.253	0.185	0.232	0.185	0.221	0.185	0.219	0.185	0.218
0.186	0.252	0.186	0.227	0.186	0.222	0.186	0.215	0.186	0.213
0.187	0.247	0.187	0.226	0.187	0.215	0.187	0.213	0.187	0.215
0.188	0.242	0.188	0.222	0.188	0.221	0.188	0.216	0.188	0.213
0.189	0.247	0.189	0.219	0.189	0.218	0.189	0.213	0.189	0.209
0.190	0.238	0.190	0.222	0.190	0.221	0.190	0.209	0.190	0.206
0.191	0.239	0.191	0.216	0.191	0.216	0.191	0.204	0.191	0.213
0.192	0.238	0.192	0.219	0.192	0.204	0.192	0.204	0.192	0.204
0.193	0.235	0.193	0.212	0.193	0.210	0.193	0.204	0.193	0.201
0.194	0.235	0.194	0.216	0.194	0.207	0.194	0.203	0.194	0.203
0.195	0.232	0.195	0.209	0.195	0.212	0.195	0.209	0.195	0.204
0.196	0.232	0.196	0.212	0.196	0.201	0.196	0.206	0.196	0.198
0.197	0.232	0.197	0.207	0.197	0.209	0.197	0.196	0.197	0.198
0.198	0.227	0.198	0.204	0.198	0.206	0.198	0.203	0.198	0.196
0.199	0.233	0.199	0.207	0.199	0.201	0.199	0.199	0.199	0.206
0.200	0.230	0.200	0.206	0.200	0.199	0.200	0.192	0.200	0.192
0.201	0.227	0.201	0.209	0.201	0.196	0.201	0.192	0.201	0.195
0.202	0.224	0.202	0.203	0.202	0.198	0.202	0.195	0.202	0.198
0.203	0.219	0.203	0.206	0.203	0.198	0.203	0.195	0.203	0.196
0.204	0.222	0.204	0.201	0.204	0.198	0.204	0.190	0.204	0.193
0.205	0.222	0.205	0.199	0.205	0.189	0.205	0.187	0.205	0.190
0.206	0.219	0.206	0.196	0.206	0.190	0.206	0.192	0.206	0.192
0.207	0.218	0.207	0.199	0.207	0.193	0.207	0.192	0.207	0.189
0.208	0.221	0.208	0.201	0.208	0.193	0.208	0.190	0.208	0.184
0.209	0.218	0.209	0.193	0.209	0.196	0.209	0.193	0.209	0.183
0.210	0.218	0.210	0.196	0.210	0.186	0.210	0.184	0.210	0.184
0.211	0.224	0.211	0.201	0.211	0.186	0.211	0.192	0.211	0.187
0.212	0.218	0.212	0.196	0.212	0.189	0.212	0.187	0.212	0.184
0.213	0.215	0.213	0.196	0.213	0.192	0.213	0.189	0.213	0.181
0.214	0.218	0.214	0.193	0.214	0.184	0.214	0.190	0.214	0.183
0.215	0.212	0.215	0.192	0.215	0.187	0.215	0.175	0.215	0.180
0.216	0.213	0.216	0.193	0.216	0.186	0.216	0.186	0.216	0.178
0.217	0.219	0.217	0.186	0.217	0.189	0.217	0.183	0.217	0.183
0.218	0.216	0.218	0.195	0.218	0.186	0.218	0.181	0.218	0.181
0.219	0.219	0.219	0.196	0.219	0.186	0.219	0.186	0.219	0.181
0.220	0.210	0.220	0.184	0.220	0.187	0.220	0.186	0.220	0.184
0.221	0.216	0.221	0.190	0.221	0.189	0.221	0.184	0.221	0.181
0.222	0.215	0.222	0.192	0.222	0.184	0.222	0.183	0.222	0.187
0.223	0.216	0.223	0.192	0.223	0.183	0.223	0.181	0.223	0.173
0.224	0.210	0.224	0.192	0.224	0.184	0.224	0.181	0.224	0.176
0.225	0.215	0.225	0.193	0.225	0.189	0.225	0.186	0.225	0.181
0.226	0.210	0.226	0.193	0.226	0.186	0.226	0.187	0.226	0.178
0.227	0.213	0.227	0.187	0.227	0.186	0.227	0.184	0.227	0.183
0.228	0.216	0.228	0.187	0.228	0.190	0.228	0.173	0.228	0.183
0.229	0.213	0.229	0.192	0.229	0.181	0.229	0.184	0.229	0.178
0.230	0.210	0.230	0.192	0.230	0.192	0.230	0.183	0.230	0.175
0.231	0.210	0.231	0.193	0.231	0.189	0.231	0.189	0.231	0.178
0.232	0.212	0.232	0.192	0.232	0.186	0.232	0.184	0.232	0.186
0.233	0.219	0.233	0.193	0.233	0.186	0.233	0.186	0.233	0.183
0.234	0.218	0.234	0.195	0.234	0.186	0.234	0.186	0.234	0.184
0.235	0.213	0.235	0.190	0.235	0.190	0.235	0.183	0.235	0.180
0.236	0.218	0.236	0.189	0.236	0.189	0.236	0.183	0.236	0.181
0.237	0.215	0.237	0.196	0.237	0.189	0.237	0.186	0.237	0.186
0.238	0.219	0.238	0.190	0.238	0.187	0.238	0.190	0.238	0.178
0.239	0.224	0.239	0.199	0.239	0.186	0.239	0.187	0.239	0.186
0.240	0.213	0.240	0.196	0.240	0.192	0.240	0.186	0.240	0.176
0.241	0.219	0.241	0.193	0.241	0.184	0.241	0.186	0.241	0.183
0.242	0.218	0.242	0.193	0.242	0.189	0.242	0.186	0.242	0.181
0.243	0.221	0.243	0.192	0.243	0.192	0.243	0.186	0.243	0.183
0.244	0.219	0.244	0.203	0.244	0.187	0.244	0.187	0.244	0.184
0.245	0.218	0.245	0.199	0.245	0.187	0.245	0.190	0.245	0.181
0.246	0.221	0.246	0.193	0.246	0.189	0.246	0.190	0.246	0.184
0.247	0.224	0.247	0.196	0.247	0.192	0.247	0.184	0.247	0.186
0.248	0.227	0.248	0.198	0.248	0.187	0.248	0.186	0.248	0.187
0.249	0.224	0.249	0.203	0.249	0.199	0.249	0.190	0.249	0.186
0.250	0.222	0.250	0.199	0.250	0.195	0.250	0.190	0.250	0.183
0.251	0.222	0.251	0.203	0.251	0.192	0.251	0.184	0.251	0.186
0.252	0.227	0.252	0.204	0.252	0.193	0.252	0.186	0.252	0.186
0.253	0.226	0.253	0.199	0.253	0.196	0.253	0.193	0.253	0.186
0.254	0.232	0.254	0.203	0.254	0.198	0.254	0.193	0.254	0.187
0.255	0.226	0.255	0.203	0.255	0.193	0.255	0.192	0.255	0.183
0.256	0.232	0.256	0.196	0.256	0.195	0.256	0.189	0.256	0.186
0.257	0.235	0.257	0.204	0.257	0.198	0.257	0.190	0.257	0.187
0.258	0.230	0.258	0.204	0.258	0.193	0.258	0.196	0.258	0.190
0.259	0.230	0.259	0.203	0.259	0.196	0.259	0.192	0.259	0.187
0.260	0.236	0.260	0.199	0.260	0.198	0.260	0.199	0.260	0.186
0.261	0.230	0.261	0.206	0.261	0.198	0.261	0.195	0.261	0.192
0.262	0.226	0.262	0.203	0.262	0.199	0.262	0.195	0.262	0.187
0.263	0.232	0.263	0.207	0.263	0.190	0.263	0.193	0.263	0.196
0.264	0.230	0.264	0.206	0.264	0.198	0.264	0.192	0.264	0.192
0.265	0.230	0.265	0.209	0.265	0.201	0.265	0.189	0.265	0.189
0.266	0.230	0.266	0.201	0.266	0.198	0.266	0.195	0.266	0.190
0.267	0.238	0.267	0.204	0.267	0.198	0.267	0.195	0.267	0.193
0.268	0.227	0.268	0.212	0.268	0.201	0.268	0.196	0.268	0.190
0.269	0.238	0.269	0.207	0.269	0.196	0.269	0.195	0.269	0.193
0.270	0.238	0.270	0.206	0.270	0.198	0.270	0.196	0.270	0.193
0.271	0.235	0.271	0.209	0.271	0.201	0.271	0.196	0.271	0.195
0.272	0.235	0.272	0.207	0.272	0.201	0.272	0.195	0.272	0.190
0.273	0.235	0.273	0.209	0.273	0.204	0.273	0.199	0.273	0.195
0.274	0.241	0.274	0.209	0.274	0.201	0.274	0.199	0.274	0.189
0.275	0.235	0.275	0.209	0.275	0.203	0.275	0.201	0.275	0.193
0.276	0.236	0.276	0.209	0.276	0.195	0.276	0.198	0.276	0.195
0.277	0.235	0.277	0.212	0.277	0.206	0.277	0.201	0.277	0.195
0.278	0.233	0.278	0.219	0.278	0.212	0.278	0.196	0.278	0.189
0.279	0.236	0.279	0.212	0.279	0.206	0.279	0.198	0.279	0.195
0.280	0.238	0.280	0.209	0.280	0.199	0.280	0.199	0.280	0.198
0.281	0.238	0.281	0.212	0.281	0.204	0.281	0.198	0.281	0.192
0.282	0.236	0.282	0.213	0.282	0.203	0.282	0.193	0.282	0.192
0.283	0.239	0.283	0.206	0.283	0.203	0.283	0.198	0.283	0.196
0.284	0.235	0.284	0.209	0.284	0.204	0.284	0.195	0.284	0.195
0.285	0.236	0.285	0.210	0.285	0.203	0.285	0.199	0.285	0.198
0.286	0.238	0.286	0.204	0.286	0.206	0.286	0.201	0.286	0.193
0.287	0.238	0.287	0.210	0.287	0.206	0.287	0.195	0.287	0.195
0.288	0.235	0.288	0.207	0.288	0.204	0.288	0.198	0.288	0.192
0.289	0.238	0.289	0.207	0.289	0.204	0.289	0.193	0.289	0.192
0.290	0.238	0.290	0.210	0.290	0.201	0.290	0.198	0.290	0.193
0.291	0.235	0.291	0.213	0.291	0.203	0.291	0.199	0.291	0.195
0.292	0.238	0.292	0.210	0.292	0.206	0.292	0.199	0.292	0.192
0.293	0.236	0.293	0.206	0.293	0.199	0.293	0.198	0.293	0.192
0.294	0.238	0.294	0.207	0.294	0.198	0.294	0.199	0.294	0.192
0.295	0.235	0.295	0.210	0.295	0.207	0.295	0.195	0.295	0.189
0.296	0.235	0.296	0.206	0.296	0.204	0.296	0.198	0.296	0.192
0.297	0.236	0.297	0.207	0.297	0.203	0.297	0.195	0.297	0.189
0.298	0.235	0.298	0.209	0.298	0.207	0.298	0.193	0.298	0.189
0.299	0.233	0.299	0.215	0.299	0.204	0.299	0.195	0.299	0.193
0.300	0.235	0.300	0.212	0.300	0.198	0.300	0.193	0.300	0.195
0.301	0.236	0.301	0.209	0.301	0.201	0.301	0.198	0.301	0.189
0.302	0.235	0.302	0.206	0.302	0.201	0.302	0.196	0.302	0.195
0.303	0.236	0.303	0.210	0.303	0.201	0.303	0.192	0.303	0.187
0.304	0.232	0.304	0.207	0.304	0.198	0.304	0.192	0.304	0.186
0.305	0.235	0.305	0.206	0.305	0.199	0.305	0.193	0.305	0.189
0.306	0.233	0.306	0.204	0.306	0.204	0.306	0.193	0.306	0.190
0.307	0.235	0.307	0.210	0.307	0.196	0.307	0.192	0.307	0.187
0.308	0.230	0.308	0.207	0.308	0.201	0.308	0.192	0.308	0.186
0.309	0.235	0.309	0.204	0.309	0.203	0.309	0.192	0.309	0.186
0.310	0.236	0.310	0.204	0.310	0.199	0.310	0.192	0.310	0.190
0.311	0.224	0.311	0.195	0.311	0.198	0.311	0.189	0.311	0.181
0.312	0.239	0.312	0.206	0.312	0.204	0.312	0.195	0.312	0.184
0.313	0.238	0.313	0.204	0.313	0.198	0.313	0.195	0.313	0.183
0.314	0.230	0.314	0.201	0.314	0.196	0.314	0.186	0.314	0.178
0.315	0.235	0.315	0.204	0.315	0.196	0.315	0.189	0.315	0.181
0.316	0.229	0.316	0.203	0.316	0.195	0.316	0.190	0.316	0.180
0.317	0.229	0.317	0.204	0.317	0.198	0.317	0.189	0.317	0.178
0.318	0.230	0.318	0.204	0.318	0.196	0.318	0.181	0.318	0.175
0.319	0.229	0.319	0.207	0.319	0.195	0.319	0.184	0.319	0.180
0.320	0.233	0.320	0.199	0.320	0.198	0.320	0.190	0.320	0.178
0.321	0.230	0.321	0.201	0.321	0.195	0.321	0.184	0.321	0.178
0.322	0.236	0.322	0.193	0.322	0.189	0.322	0.183	0.322	0.180
0.323	0.227	0.323	0.201	0.323	0.192	0.323	0.189	0.323	0.176
0.324	0.230	0.324	0.201	0.324	0.189	0.324	0.181	0.324	0.173
0.325	0.227	0.325	0.199	0.325	0.190	0.325	0.183	0.325	0.166
0.326	0.222	0.326	0.196	0.326	0.186	0.326	0.186	0.326	0.175
0.327	0.227	0.327	0.198	0.327	0.184	0.327	0.180	0.327	0.167
0.328	0.222	0.328	0.192	0.328	0.183	0.328	0.178	0.328	0.169
0.329	0.219	0.329	0.193	0.329	0.183	0.329	0.173	0.329	0.167
0.330	0.218	0.330	0.190	0.330	0.187	0.330	0.175	0.330	0.176
0.331	0.219	0.331	0.187	0.331	0.180	0.331	0.172	0.331	0.164
0.332	0.210	0.332	0.189	0.332	0.183	0.332	0.167	0.332	0.166
0.333	0.212	0.333	0.184	0.333	0.173	0.333	0.164	0.333	0.163
0.334	0.218	0.334	0.180	0.334	0.175	0.334	0.167	0.334	0.161
0.335	0.209	0.335	0.180	0.335	0.164	0.335	0.176	0.335	0.161
0.336	0.204	0.336	0.178	0.336	0.170	0.336	0.166	0.336	0.158
0.337	0.209	0.337	0.180	0.337	0.169	0.337	0.164	0.337	0.160
0.338	0.204	0.338	0.170	0.338	0.167	0.338	0.158	0.338	0.155
0.339	0.195	0.339	0.173	0.339	0.169	0.339	0.161	0.339	0.157
0.340	0.193	0.340	0.170	0.340	0.167	0.340	0.155	0.340	0.152
0.341	0.190	0.341	0.167	0.341	0.166	0.341	0.153	0.341	0.149
0.342	0.192	0.342	0.170	0.342	0.161	0.342	0.152	0.342	0.144
0.343	0.192	0.343	0.163	0.343	0.158	0.343	0.152	0.343	0.146
0.344	0.196	0.344	0.163	0.344	0.152	0.344	0.153	0.344	0.152
0.345	0.186	0.345	0.157	0.345	0.155	0.345	0.147	0.345	0.141
0.346	0.181	0.346	0.158	0.346	0.158	0.346	0.144	0.346	0.140
0.347	0.181	0.347	0.160	0.347	0.146	0.347	0.146	0.347	0.149
0.348	0.183	0.348	0.152	0.348	0.147	0.348	0.143	0.348	0.140
0.349	0.176	0.349	0.150	0.349	0.144	0.349	0.138	0.349	0.138
0.350	0.173	0.350	0.153	0.350	0.138	0.350	0.138	0.350	0.144
0.351	0.169	0.351	0.146	0.351	0.149	0.351	0.140	0.351	0.137
0.352	0.172	0.352	0.146	0.352	0.143	0.352	0.135	0.352	0.135
0.353	0.169	0.353	0.146	0.353	0.138	0.353	0.134	0.353	0.132
0.354	0.169	0.354	0.146	0.354	0.141	0.354	0.135	0.354	0.129
0.355	0.170	0.355	0.140	0.355	0.137	0.355	0.137	0.355	0.137
0.356	0.166	0.356	0.138	0.356	0.135	0.356	0.134	0.356	0.126
0.357	0.163	0.357	0.141	0.357	0.134	0.357	0.137	0.357	0.132
0.358	0.164	0.358	0.135	0.358	0.138	0.358	0.134	0.358	0.129
0.359	0.163	0.359	0.140	0.359	0.137	0.359	0.130	0.359	0.124
0.360	0.160	0.360	0.135	0.360	0.137	0.360	0.130	0.360	0.130
0.361	0.161	0.361	0.137	0.361	0.137	0.361	0.129	0.361	0.124
0.362	0.163	0.362	0.135	0.362	0.129	0.362	0.132	0.362	0.130
0.363	0.155	0.363	0.138	0.363	0.130	0.363	0.126	0.363	0.126
0.364	0.153	0.364	0.135	0.364	0.132	0.364	0.129	0.364	0.129
0.365	0.161	0.365	0.137	0.365	0.129	0.365	0.120	0.365	0.127
0.366	0.157	0.366	0.138	0.366	0.127	0.366	0.130	0.366	0.124
0.367	0.155	0.367	0.132	0.367	0.130	0.367	0.124	0.367	0.121
0.368	0.150	0.368	0.126	0.368	0.127	0.368	0.127	0.368	0.117
0.369	0.157	0.369	0.130	0.369	0.132	0.369	0.129	0.369	0.120
0.370	0.152	0.370	0.130	0.370	0.127	0.370	0.123	0.370	0.123
0.371	0.153	0.371	0.132	0.371	0.127	0.371	0.123	0.371	0.118
0.372	0.155	0.372	0.130	0.372	0.127	0.372	0.118	0.372	0.118
0.373	0.155	0.373	0.130	0.373	0.124	0.373	0.124	0.373	0.123
0.374	0.157	0.374	0.129	0.374	0.127	0.374	0.123	0.374	0.123
0.375	0.152	0.375	0.132	0.375	0.127	0.375	0.121	0.375	0.121
0.376	0.155	0.376	0.132	0.376	0.123	0.376	0.126	0.376	0.120
0.377	0.150	0.377	0.126	0.377	0.126	0.377	0.127	0.377	0.118
0.378	0.147	0.378	0.130	0.378	0.127	0.378	0.118	0.378	0.118
0.379	0.152	0.379	0.126	0.379	0.120	0.379	0.121	0.379	0.121
0.380	0.152	0.380	0.129	0.380	0.135	0.380	0.117	0.380	0.121
0.381	0.152	0.381	0.124	0.381	0.127	0.381	0.124	0.381	0.123
0.382	0.147	0.382	0.130	0.382	0.127	0.382	0.120	0.382	0.112
0.383	0.150	0.383	0.127	0.383	0.121	0.383	0.123	0.383	0.118
0.384	0.150	0.384	0.129	0.384	0.126	0.384	0.118	0.384	0.120
0.385	0.149	0.385	0.124	0.385	0.123	0.385	0.124	0.385	0.120
0.386	0.147	0.386	0.129	0.386	0.118	0.386	0.121	0.386	0.117
0.387	0.150	0.387	0.135	0.387	0.126	0.387	0.120	0.387	0.123
0.388	0.149	0.388	0.127	0.388	0.124	0.388	0.127	0.388	0.120
0.389	0.158	0.389	0.129	0.389	0.124	0.389	0.127	0.389	0.118
0.390	0.149	0.390	0.132	0.390	0.127	0.390	0.126	0.390	0.117
0.391	0.144	0.391	0.127	0.391	0.124	0.391	0.127	0.391	0.114
0.392	0.147	0.392	0.124	0.392	0.126	0.392	0.124	0.392	0.121
0.393	0.152	0.393	0.127	0.393	0.124	0.393	0.126	0.393	0.120
0.394	0.147	0.394	0.132	0.394	0.130	0.394	0.126	0.394	0.121
0.395	0.146	0.395	0.132	0.395	0.124	0.395	0.126	0.395	0.120
0.396	0.152	0.396	0.127	0.396	0.124	0.396	0.123	0.396	0.120
0.397	0.150	0.397	0.129	0.397	0.127	0.397	0.124	0.397	0.115
0.398	0.153	0.398	0.124	0.398	0.123	0.398	0.121	0.398	0.120
0.399	0.150	0.399	0.134	0.399	0.134	0.399	0.120	0.399	0.121
0.400	0.150	0.400	0.130	0.400	0.127	0.400	0.121	0.400	0.124
0.401	0.157	0.401	0.137	0.401	0.127	0.401	0.124	0.401	0.124
0.402	0.150	0.402	0.132	0.402	0.129	0.402	0.126	0.402	0.123
0.403	0.147	0.403	0.129	0.403	0.127	0.403	0.126	0.403	0.121
0.404	0.157	0.404	0.130	0.404	0.134	0.404	0.123	0.404	0.118
0.405	0.150	0.405	0.130	0.405	0.124	0.405	0.123	0.405	0.118
0.406	0.143	0.406	0.130	0.406	0.132	0.406	0.124	0.406	0.121
0.407	0.157	0.407	0.132	0.407	0.127	0.407	0.123	0.407	0.120
0.408	0.153	0.408	0.132	0.408	0.134	0.408	0.127	0.408	0.126
0.409	0.152	0.409	0.135	0.409	0.130	0.409	0.123	0.409	0.124
0.410	0.150	0.410	0.132	0.410	0.130	0.410	0.121	0.410	0.124
0.411	0.152	0.411	0.135	0.411	0.129	0.411	0.123	0.411	0.126
0.412	0.150	0.412	0.140	0.412	0.130	0.412	0.130	0.412	0.127
0.413	0.149	0.413	0.135	0.413	0.130	0.413	0.143	0.413	0.127
0.414	0.153	0.414	0.134	0.414	0.132	0.414	0.130	0.414	0.127
0.415	0.155	0.415	0.141	0.415	0.134	0.415	0.127	0.415	0.120
0.416	0.158	0.416	0.140	0.416	0.137	0.416	0.138	0.416	0.127
0.417	0.149	0.417	0.140	0.417	0.130	0.417	0.124	0.417	0.129
0.418	0.158	0.418	0.137	0.418	0.135	0.418	0.130	0.418	0.127
0.419	0.155	0.419	0.146	0.419	0.137	0.419	0.130	0.419	0.126
0.420	0.153	0.420	0.134	0.420	0.140	0.420	0.129	0.420	0.117
0.421	0.158	0.421	0.135	0.421	0.135	0.421	0.132	0.421	0.129
0.422	0.157	0.422	0.140	0.422	0.135	0.422	0.130	0.422	0.129
0.423	0.152	0.423	0.140	0.423	0.135	0.423	0.134	0.423	0.126
0.424	0.149	0.424	0.144	0.424	0.132	0.424	0.130	0.424	0.130
0.425	0.152	0.425	0.138	0.425	0.135	0.425	0.129	0.425	0.127
0.426	0.158	0.426	0.138	0.426	0.135	0.426	0.132	0.426	0.127
0.427	0.153	0.427	0.140	0.427	0.137	0.427	0.132	0.427	0.130
0.428	0.153	0.428	0.140	0.428	0.137	0.428	0.132	0.428	0.127
0.429	0.157	0.429	0.138	0.429	0.140	0.429	0.129	0.429	0.130
0.430	0.161	0.430	0.140	0.430	0.137	0.430	0.127	0.430	0.126
0.431	0.155	0.431	0.141	0.431	0.135	0.431	0.134	0.431	0.134
0.432	0.155	0.432	0.143	0.432	0.138	0.432	0.134	0.432	0.129
0.433	0.158	0.433	0.140	0.433	0.138	0.433	0.132	0.433	0.121
0.434	0.155	0.434	0.144	0.434	0.140	0.434	0.132	0.434	0.127
0.435	0.158	0.435	0.141	0.435	0.134	0.435	0.137	0.435	0.137
0.436	0.160	0.436	0.147	0.436	0.137	0.436	0.135	0.436	0.135
0.437	0.153	0.437	0.138	0.437	0.134	0.437	0.132	0.437	0.134
0.438	0.160	0.438	0.141	0.438	0.134	0.438	0.135	0.438	0.134
0.439	0.157	0.439	0.144	0.439	0.137	0.439	0.130	0.439	0.134
0.440	0.158	0.440	0.144	0.440	0.140	0.440	0.132	0.440	0.130
0.441	0.155	0.441	0.143	0.441	0.135	0.441	0.135	0.441	0.135
0.442	0.158	0.442	0.147	0.442	0.144	0.442	0.134	0.442	0.135
0.443	0.161	0.443	0.143	0.443	0.143	0.443	0.138	0.443	0.137
0.444	0.163	0.444	0.143	0.444	0.141	0.444	0.135	0.444	0.134
0.445	0.157	0.445	0.140	0.445	0.138	0.445	0.137	0.445	0.130
0.446	0.158	0.446	0.144	0.446	0.141	0.446	0.140	0.446	0.134
0.447	0.163	0.447	0.138	0.447	0.137	0.447	0.130	0.447	0.134
0.448	0.158	0.448	0.143	0.448	0.138	0.448	0.138	0.448	0.134
0.449	0.158	0.449	0.147	0.449	0.141	0.449	0.138	0.449	0.135
0.450	0.158	0.450	0.143	0.450	0.137	0.450	0.138	0.450	0.132
0.451	0.157	0.451	0.146	0.451	0.143	0.451	0.138	0.451	0.134
0.452	0.160	0.452	0.149	0.452	0.143	0.452	0.135	0.452	0.134
0.453	0.160	0.453	0.146	0.453	0.141	0.453	0.140	0.453	0.140
0.454	0.163	0.454	0.144	0.454	0.138	0.454	0.140	0.454	0.137
0.455	0.158	0.455	0.146	0.455	0.144	0.455	0.143	0.455	0.130
0.456	0.157	0.456	0.144	0.456	0.140	0.456	0.140	0.456	0.134
0.457	0.163	0.457	0.149	0.457	0.141	0.457	0.140	0.457	0.135
0.458	0.164	0.458	0.146	0.458	0.143	0.458	0.138	0.458	0.140
0.459	0.157	0.459	0.149	0.459	0.138	0.459	0.140	0.459	0.138
0.460	0.164	0.460	0.146	0.460	0.137	0.460	0.140	0.460	0.135
0.461	0.166	0.461	0.149	0.461	0.146	0.461	0.137	0.461	0.140
0.462	0.163	0.462	0.152	0.462	0.146	0.462	0.137	0.462	0.135
0.463	0.161	0.463	0.149	0.463	0.146	0.463	0.141	0.463	0.140
0.464	0.166	0.464	0.147	0.464	0.141	0.464	0.138	0.464	0.137
0.465	0.161	0.465	0.149	0.465	0.146	0.465	0.134	0.465	0.132
0.466	0.166	0.466	0.152	0.466	0.143	0.466	0.146	0.466	0.138
0.467	0.163	0.467	0.152	0.467	0.153	0.467	0.146	0.467	0.138
0.468	0.169	0.468	0.158	0.468	0.147	0.468	0.138	0.468	0.149
0.469	0.166	0.469	0.150	0.469	0.147	0.469	0.140	0.469	0.141
0.470	0.167	0.470	0.152	0.470	0.144	0.470	0.146	0.470	0.138
0.471	0.170	0.471	0.152	0.471	0.149	0.471	0.149	0.471	0.140
0.472	0.169	0.472	0.153	0.472	0.155	0.472	0.149	0.472	0.141
0.473	0.167	0.473	0.155	0.473	0.149	0.473	0.150	0.473	0.144
0.474	0.173	0.474	0.153	0.474	0.149	0.474	0.146	0.474	0.147
0.475	0.169	0.475	0.157	0.475	0.147	0.475	0.144	0.475	0.149
0.476	0.169	0.476	0.160	0.476	0.152	0.476	0.153	0.476	0.149
0.477	0.173	0.477	0.160	0.477	0.152	0.477	0.149	0.477	0.149
0.478	0.176	0.478	0.155	0.478	0.152	0.478	0.147	0.478	0.149
0.479	0.183	0.479	0.164	0.479	0.158	0.479	0.155	0.479	0.155
0.480	0.175	0.480	0.158	0.480	0.157	0.480	0.149	0.480	0.155
0.481	0.181	0.481	0.164	0.481	0.160	0.481	0.150	0.481	0.150
0.482	0.183	0.482	0.169	0.482	0.160	0.482	0.155	0.482	0.152
0.483	0.187	0.483	0.166	0.483	0.161	0.483	0.161	0.483	0.158
0.484	0.189	0.484	0.173	0.484	0.166	0.484	0.158	0.484	0.158
0.485	0.186	0.485	0.167	0.485	0.167	0.485	0.163	0.485	0.160
0.486	0.183	0.486	0.173	0.486	0.166	0.486	0.163	0.486	0.164
0.487	0.190	0.487	0.175	0.487	0.169	0.487	0.160	0.487	0.163
0.488	0.198	0.488	0.176	0.488	0.170	0.488	0.166	0.488	0.167
0.489	0.195	0.489	0.183	0.489	0.170	0.489	0.172	0.489	0.166
0.490	0.195	0.490	0.175	0.490	0.173	0.490	0.166	0.490	0.163
0.491	0.195	0.491	0.183	0.491	0.175	0.491	0.169	0.491	0.170
0.492	0.199	0.492	0.186	0.492	0.176	0.492	0.175	0.492	0.170
0.493	0.209	0.493	0.192	0.493	0.181	0.493	0.178	0.493	0.175
0.494	0.203	0.494	0.192	0.494	0.186	0.494	0.180	0.494	0.178
0.495	0.206	0.495	0.193	0.495	0.187	0.495	0.184	0.495	0.180
0.496	0.209	0.496	0.192	0.496	0.189	0.496	0.187	0.496	0.184
0.497	0.212	0.497	0.201	0.497	0.187	0.497	0.184	0.497	0.181
0.498	0.213	0.498	0.198	0.498	0.196	0.498	0.190	0.498	0.189
0.499	0.218	0.499	0.201	0.499	0.199	0.499	0.201	0.499	0.189
0.500	0.152	0.500	0.141	0.500	0.134	0.500	0.130	0.500	0.132
0.499	0.074	0.499	0.071	0.499	0.061	0.499	0.057	0.499	0.055
0.498	0.022	0.498	0.014	0.498	0.008	0.498	0.003	0.498	0.006
0.497	-0.011	0.497	-0.023	0.497	-0.026	0.497	-0.021	0.497	-0.024
0.496	-0.037	0.496	-0.038	0.496	-0.054	0.496	-0.054	0.496	-0.051
0.495	-0.051	0.495	-0.064	0.495	-0.067	0.495	-0.072	0.495	-0.070
0.494	-0.063	0.494	-0.072	0.494	-0.078	0.494	-0.081	0.494	-0.086
0.493	-0.075	0.493	-0.087	0.493	-0.092	0.493	-0.090	0.493	-0.084
0.492	-0.081	0.492	-0.093	0.492	-0.090	0.492	-0.092	0.492	-0.093
0.491	-0.089	0.491	-0.090	0.491	-0.097	0.491	-0.098	0.491	-0.098
0.490	-0.090	0.490	-0.098	0.490	-0.092	0.490	-0.100	0.490	-0.097
0.489	-0.090	0.489	-0.101	0.489	-0.098	0.489	-0.100	0.489	-0.097
0.488	-0.090	0.488	-0.100	0.488	-0.103	0.488	-0.107	0.488	-0.100
0.487	-0.095	0.487	-0.100	0.487	-0.103	0.487	-0.101	0.487	-0.106
0.486	-0.095	0.486	-0.101	0.486	-0.104	0.486	-0.104	0.486	-0.101
0.485	-0.093	0.485	-0.100	0.485	-0.104	0.485	-0.104	0.485	-0.106
0.484	-0.095	0.484	-0.100	0.484	-0.106	0.484	-0.101	0.484	-0.107
0.483	-0.095	0.483	-0.098	0.483	-0.104	0.483	-0.107	0.483	-0.101
0.482	-0.093	0.482	-0.098	0.482	-0.103	0.482	-0.110	0.482	-0.104
0.481	-0.093	0.481	-0.098	0.481	-0.104	0.481	-0.103	0.481	-0.106
0.480	-0.092	0.480	-0.098	0.480	-0.106	0.480	-0.100	0.480	-0.106
0.479	-0.090	0.479	-0.103	0.479	-0.104	0.479	-0.103	0.479	-0.097
0.478	-0.095	0.478	-0.104	0.478	-0.107	0.478	-0.103	0.478	-0.104
0.477	-0.090	0.477	-0.101	0.477	-0.101	0.477	-0.107	0.477	-0.103
0.476	-0.093	0.476	-0.103	0.476	-0.103	0.476	-0.106	0.476	-0.103
0.475	-0.089	0.475	-0.103	0.475	-0.107	0.475	-0.104	0.475	-0.107
0.474	-0.093	0.474	-0.101	0.474	-0.103	0.474	-0.109	0.474	-0.101
0.473	-0.095	0.473	-0.100	0.473	-0.106	0.473	-0.104	0.473	-0.103
0.472	-0.092	0.472	-0.095	0.472	-0.100	0.472	-0.104	0.472	-0.101
0.471	-0.095	0.471	-0.101	0.471	-0.104	0.471	-0.106	0.471	-0.103
0.470	-0.093	0.470	-0.101	0.470	-0.103	0.470	-0.107	0.470	-0.107
0.469	-0.093	0.469	-0.100	0.469	-0.103	0.469	-0.106	0.469	-0.103
0.468	-0.092	0.468	-0.097	0.468	-0.107	0.468	-0.109	0.468	-0.106
0.467	-0.093	0.467	-0.101	0.467	-0.103	0.467	-0.103	0.467	-0.104
0.466	-0.090	0.466	-0.087	0.466	-0.101	0.466	-0.104	0.466	-0.104
0.465	-0.093	0.465	-0.098	0.465	-0.104	0.465	-0.106	0.465	-0.109
0.464	-0.092	0.464	-0.100	0.464	-0.106	0.464	-0.104	0.464	-0.106
0.463	-0.093	0.463	-0.095	0.463	-0.098	0.463	-0.101	0.463	-0.100
0.462	-0.093	0.462	-0.100	0.462	-0.101	0.462	-0.103	0.462	-0.098
0.461	-0.089	0.461	-0.098	0.461	-0.104	0.461	-0.100	0.461	-0.104
0.460	-0.090	0.460	-0.095	0.460	-0.101	0.460	-0.104	0.460	-0.104
0.459	-0.090	0.459	-0.095	0.459	-0.101	0.459	-0.110	0.459	-0.101
0.458	-0.089	0.458	-0.095	0.458	-0.098	0.458	-0.101	0.458	-0.107
0.457	-0.092	0.457	-0.103	0.457	-0.101	0.457	-0.097	0.457	-0.101
0.456	-0.092	0.456	-0.098	0.456	-0.103	0.456	-0.101	0.456	-0.097
0.455	-0.092	0.455	-0.097	0.455	-0.100	0.455	-0.103	0.455	-0.100
0.454	-0.089	0.454	-0.100	0.454	-0.101	0.454	-0.103	0.454	-0.109
0.453	-0.095	0.453	-0.101	0.453	-0.101	0.453	-0.100	0.453	-0.101
0.452	-0.092	0.452	-0.095	0.452	-0.100	0.452	-0.101	0.452	-0.100
0.451	-0.097	0.451	-0.103	0.451	-0.098	0.451	-0.100	0.451	-0.103
0.450	-0.092	0.450	-0.103	0.450	-0.101	0.450	-0.098	0.450	-0.106
0.449	-0.093	0.449	-0.095	0.449	-0.100	0.449	-0.100	0.449	-0.097
0.448	-0.093	0.448	-0.103	0.448	-0.101	0.448	-0.104	0.448	-0.104
0.447	-0.090	0.447	-0.095	0.447	-0.095	0.447	-0.100	0.447	-0.097
0.446	-0.090	0.446	-0.097	0.446	-0.100	0.446	-0.103	0.446	-0.103
0.445	-0.092	0.445	-0.097	0.445	-0.103	0.445	-0.106	0.445	-0.100
0.444	-0.090	0.444	-0.095	0.444	-0.097	0.444	-0.103	0.444	-0.104
0.443	-0.089	0.443	-0.097	0.443	-0.101	0.443	-0.101	0.443	-0.101
0.442	-0.093	0.442	-0.100	0.442	-0.100	0.442	-0.103	0.442	-0.103
0.441	-0.093	0.441	-0.095	0.441	-0.100	0.441	-0.103	0.441	-0.101
0.440	-0.093	0.440	-0.098	0.440	-0.101	0.440	-0.103	0.440	-0.103
0.439	-0.092	0.439	-0.100	0.439	-0.104	0.439	-0.109	0.439	-0.101
0.438	-0.095	0.438	-0.100	0.438	-0.106	0.438	-0.104	0.438	-0.101
0.437	-0.089	0.437	-0.100	0.437	-0.103	0.437	-0.104	0.437	-0.103
0.436	-0.098	0.436	-0.101	0.436	-0.095	0.436	-0.107	0.436	-0.097
0.435	-0.095	0.435	-0.100	0.435	-0.098	0.435	-0.106	0.435	-0.100
0.434	-0.092	0.434	-0.100	0.434	-0.100	0.434	-0.103	0.434	-0.106
0.433	-0.095	0.433	-0.095	0.433	-0.104	0.433	-0.104	0.433	-0.098
0.432	-0.089	0.432	-0.097	0.432	-0.104	0.432	-0.103	0.432	-0.104
0.431	-0.093	0.431	-0.100	0.431	-0.101	0.431	-0.103	0.431	-0.100
0.430	-0.095	0.430	-0.093	0.430	-0.106	0.430	-0.103	0.430	-0.101
0.429	-0.092	0.429	-0.097	0.429	-0.106	0.429	-0.107	0.429	-0.103
0.428	-0.095	0.428	-0.100	0.428	-0.103	0.428	-0.104	0.428	-0.103
0.427	-0.095	0.427	-0.093	0.427	-0.101	0.427	-0.101	0.427	-0.103
0.426	-0.092	0.426	-0.097	0.426	-0.103	0.426	-0.097	0.426	-0.101
0.425	-0.093	0.425	-0.100	0.425	-0.098	0.425	-0.103	0.425	-0.101
0.424	-0.092	0.424	-0.098	0.424	-0.098	0.424	-0.106	0.424	-0.103
0.423	-0.100	0.423	-0.100	0.423	-0.100	0.423	-0.106	0.423	-0.103
0.422	-0.092	0.422	-0.095	0.422	-0.106	0.422	-0.103	0.422	-0.098
0.421	-0.093	0.421	-0.101	0.421	-0.098	0.421	-0.097	0.421	-0.098
0.420	-0.098	0.420	-0.103	0.420	-0.103	0.420	-0.104	0.420	-0.106
0.419	-0.086	0.419	-0.101	0.419	-0.100	0.419	-0.103	0.419	-0.097
0.418	-0.093	0.418	-0.101	0.418	-0.106	0.418	-0.103	0.418	-0.103
0.417	-0.089	0.417	-0.097	0.417	-0.100	0.417	-0.101	0.417	-0.104
0.416	-0.093	0.416	-0.097	0.416	-0.104	0.416	-0.098	0.416	-0.097
0.415	-0.092	0.415	-0.100	0.415	-0.103	0.415	-0.101	0.415	-0.100
0.414	-0.092	0.414	-0.103	0.414	-0.101	0.414	-0.101	0.414	-0.098
0.413	-0.093	0.413	-0.097	0.413	-0.100	0.413	-0.097	0.413	-0.101
0.412	-0.089	0.412	-0.100	0.412	-0.103	0.412	-0.100	0.412	-0.097
0.411	-0.084	0.411	-0.103	0.411	-0.100	0.411	-0.101	0.411	-0.101
0.410	-0.093	0.410	-0.098	0.410	-0.104	0.410	-0.103	0.410	-0.103
0.409	-0.093	0.409	-0.098	0.409	-0.095	0.409	-0.095	0.409	-0.098
0.408	-0.095	0.408	-0.092	0.408	-0.106	0.408	-0.101	0.408	-0.098
0.407	-0.093	0.407	-0.095	0.407	-0.104	0.407	-0.103	0.407	-0.097
0.406	-0.089	0.406	-0.098	0.406	-0.104	0.406	-0.097	0.406	-0.098
0.405	-0.089	0.405	-0.098	0.405	-0.101	0.405	-0.103	0.405	-0.100
0.404	-0.090	0.404	-0.098	0.404	-0.100	0.404	-0.100	0.404	-0.100
0.403	-0.093	0.403	-0.097	0.403	-0.098	0.403	-0.097	0.403	-0.100
0.402	-0.090	0.402	-0.097	0.402	-0.103	0.402	-0.100	0.402	-0.100
0.401	-0.087	0.401	-0.098	0.401	-0.098	0.401	-0.097	0.401	-0.100
0.400	-0.092	0.400	-0.093	0.400	-0.097	0.400	-0.092	0.400	-0.098
0.399	-0.095	0.399	-0.093	0.399	-0.101	0.399	-0.098	0.399	-0.101
0.398	-0.086	0.398	-0.097	0.398	-0.103	0.398	-0.103	0.398	-0.101
0.397	-0.089	0.397	-0.098	0.397	-0.098	0.397	-0.097	0.397	-0.095
0.396	-0.092	0.396	-0.095	0.396	-0.095	0.396	-0.095	0.396	-0.095
0.395	-0.090	0.395	-0.093	0.395	-0.095	0.395	-0.097	0.395	-0.097
0.394	-0.089	0.394	-0.095	0.394	-0.100	0.394	-0.097	0.394	-0.095
0.393	-0.086	0.393	-0.092	0.393	-0.098	0.393	-0.098	0.393	-0.093
0.392	-0.090	0.392	-0.103	0.392	-0.098	0.392	-0.097	0.392	-0.100
0.391	-0.087	0.391	-0.095	0.391	-0.098	0.391	-0.095	0.391	-0.095
0.390	-0.092	0.390	-0.093	0.390	-0.097	0.390	-0.093	0.390	-0.095
0.389	-0.089	0.389	-0.095	0.389	-0.097	0.389	-0.097	0.389	-0.097
0.388	-0.090	0.388	-0.095	0.388	-0.097	0.388	-0.095	0.388	-0.093
0.387	-0.090	0.387	-0.095	0.387	-0.093	0.387	-0.097	0.387	-0.097
0.386	-0.084	0.386	-0.093	0.386	-0.097	0.386	-0.093	0.386	-0.097
0.385	-0.090	0.385	-0.093	0.385	-0.098	0.385	-0.100	0.385	-0.092
0.384	-0.089	0.384	-0.098	0.384	-0.098	0.384	-0.092	0.384	-0.100
0.383	-0.092	0.383	-0.093	0.383	-0.095	0.383	-0.097	0.383	-0.097
0.382	-0.090	0.382	-0.093	0.382	-0.097	0.382	-0.098	0.382	-0.087
0.381	-0.090	0.381	-0.097	0.381	-0.098	0.381	-0.095	0.381	-0.097
0.380	-0.092	0.380	-0.095	0.380	-0.097	0.380	-0.090	0.380	-0.095
0.379	-0.090	0.379	-0.097	0.379	-0.095	0.379	-0.095	0.379	-0.093
0.378	-0.090	0.378	-0.095	0.378	-0.097	0.378	-0.098	0.378	-0.095
0.377	-0.090	0.377	-0.090	0.377	-0.103	0.377	-0.101	0.377	-0.093
0.376	-0.089	0.376	-0.098	0.376	-0.097	0.376	-0.095	0.376	-0.097
0.375	-0.089	0.375	-0.101	0.375	-0.093	0.375	-0.095	0.375	-0.095
0.374	-0.090	0.374	-0.093	0.374	-0.095	0.374	-0.095	0.374	-0.092
0.373	-0.093	0.373	-0.092	0.373	-0.095	0.373	-0.095	0.373	-0.097
0.372	-0.093	0.372	-0.093	0.372	-0.098	0.372	-0.097	0.372	-0.095
0.371	-0.089	0.371	-0.095	0.371	-0.101	0.371	-0.100	0.371	-0.098
0.370	-0.083	0.370	-0.097	0.370	-0.095	0.370	-0.100	0.370	-0.097
0.369	-0.090	0.369	-0.093	0.369	-0.097	0.369	-0.098	0.369	-0.098
0.368	-0.092	0.368	-0.095	0.368	-0.098	0.368	-0.100	0.368	-0.095
0.367	-0.087	0.367	-0.100	0.367	-0.095	0.367	-0.098	0.367	-0.098
0.366	-0.092	0.366	-0.097	0.366	-0.098	0.366	-0.097	0.366	-0.097
0.365	-0.092	0.365	-0.092	0.365	-0.095	0.365	-0.095	0.365	-0.097
0.364	-0.093	0.364	-0.103	0.364	-0.095	0.364	-0.100	0.364	-0.097
0.363	-0.092	0.363	-0.093	0.363	-0.101	0.363	-0.097	0.363	-0.093
0.362	-0.095	0.362	-0.100	0.362	-0.098	0.362	-0.101	0.362	-0.098
0.361	-0.097	0.361	-0.097	0.361	-0.098	0.361	-0.097	0.361	-0.095
0.360	-0.097	0.360	-0.095	0.360	-0.100	0.360	-0.100	0.360	-0.098
0.359	-0.097	0.359	-0.100	0.359	-0.103	0.359	-0.098	0.359	-0.098
0.358	-0.089	0.358	-0.095	0.358	-0.097	0.358	-0.095	0.358	-0.101
0.357	-0.095	0.357	-0.098	0.357	-0.103	0.357	-0.098	0.357	-0.098
0.356	-0.095	0.356	-0.100	0.356	-0.103	0.356	-0.100	0.356	-0.095
0.355	-0.093	0.355	-0.101	0.355	-0.101	0.355	-0.103	0.355	-0.101
0.354	-0.093	0.354	-0.107	0.354	-0.104	0.354	-0.097	0.354	-0.098
0.353	-0.097	0.353	-0.104	0.353	-0.104	0.353	-0.104	0.353	-0.098
0.352	-0.101	0.352	-0.104	0.352	-0.104	0.352	-0.103	0.352	-0.101
0.351	-0.095	0.351	-0.101	0.351	-0.097	0.351	-0.106	0.351	-0.098
0.350	-0.098	0.350	-0.101	0.350	-0.112	0.350	-0.104	0.350	-0.103
0.349	-0.097	0.349	-0.104	0.349	-0.107	0.349	-0.106	0.349	-0.103
0.348	-0.100	0.348	-0.104	0.348	-0.107	0.348	-0.106	0.348	-0.098
0.347	-0.104	0.347	-0.104	0.347	-0.106	0.347	-0.104	0.347	-0.100
0.346	-0.098	0.346	-0.110	0.346	-0.113	0.346	-0.104	0.346	-0.106
0.345	-0.107	0.345	-0.110	0.345	-0.112	0.345	-0.107	0.345	-0.110
0.344	-0.109	0.344	-0.109	0.344	-0.113	0.344	-0.110	0.344	-0.107
0.343	-0.104	0.343	-0.112	0.343	-0.106	0.343	-0.112	0.343	-0.107
0.342	-0.106	0.342	-0.116	0.342	-0.110	0.342	-0.110	0.342	-0.110
0.341	-0.107	0.341	-0.106	0.341	-0.113	0.341	-0.113	0.341	-0.110
0.340	-0.112	0.340	-0.113	0.340	-0.120	0.340	-0.112	0.340	-0.113
0.339	-0.116	0.339	-0.115	0.339	-0.113	0.339	-0.110	0.339	-0.112
0.338	-0.112	0.338	-0.113	0.338	-0.113	0.338	-0.115	0.338	-0.110
0.337	-0.116	0.337	-0.121	0.337	-0.116	0.337	-0.112	0.337	-0.113
0.336	-0.116	0.336	-0.121	0.336	-0.124	0.336	-0.110	0.336	-0.113
0.335	-0.121	0.335	-0.118	0.335	-0.118	0.335	-0.124	0.335	-0.112
0.334	-0.124	0.334	-0.116	0.334	-0.123	0.334	-0.120	0.334	-0.118
0.333	-0.121	0.333	-0.123	0.333	-0.124	0.333	-0.121	0.333	-0.112
0.332	-0.124	0.332	-0.130	0.332	-0.127	0.332	-0.120	0.332	-0.121
0.331	-0.129	0.331	-0.123	0.331	-0.127	0.331	-0.123	0.331	-0.123
0.330	-0.123	0.330	-0.129	0.330	-0.129	0.330	-0.124	0.330	-0.118
0.329	-0.130	0.329	-0.133	0.329	-0.129	0.329	-0.126	0.329	-0.124
0.328	-0.129	0.328	-0.135	0.328	-0.132	0.328	-0.126	0.328	-0.127
0.327	-0.135	0.327	-0.135	0.327	-0.132	0.327	-0.129	0.327	-0.127
0.326	-0.133	0.326	-0.139	0.326	-0.138	0.326	-0.132	0.326	-0.124
0.325	-0.139	0.325	-0.136	0.325	-0.133	0.325	-0.121	0.325	-0.123
0.324	-0.138	0.324	-0.139	0.324	-0.138	0.324	-0.135	0.324	-0.129
0.323	-0.138	0.323	-0.143	0.323	-0.135	0.323	-0.136	0.323	-0.135
0.322	-0.152	0.322	-0.147	0.322	-0.138	0.322	-0.136	0.322	-0.126
0.321	-0.144	0.321	-0.146	0.321	-0.147	0.321	-0.138	0.321	-0.124
0.320	-0.143	0.320	-0.147	0.320	-0.144	0.320	-0.136	0.320	-0.132
0.319	-0.146	0.319	-0.146	0.319	-0.146	0.319	-0.132	0.319	-0.129
0.318	-0.153	0.318	-0.152	0.318	-0.144	0.318	-0.133	0.318	-0.133
0.317	-0.153	0.317	-0.152	0.317	-0.147	0.317	-0.143	0.317	-0.141
0.316	-0.155	0.316	-0.153	0.316	-0.153	0.316	-0.144	0.316	-0.139
0.315	-0.150	0.315	-0.150	0.315	-0.155	0.315	-0.149	0.315	-0.146
0.314	-0.156	0.314	-0.156	0.314	-0.152	0.314	-0.147	0.314	-0.146
0.313	-0.153	0.313	-0.158	0.313	-0.149	0.313	-0.146	0.313	-0.144
0.312	-0.159	0.312	-0.158	0.312	-0.153	0.312	-0.152	0.312	-0.139
0.311	-0.164	0.311	-0.158	0.311	-0.155	0.311	-0.149	0.311	-0.147
0.310	-0.159	0.310	-0.161	0.310	-0.155	0.310	-0.150	0.310	-0.149
0.309	-0.161	0.309	-0.161	0.309	-0.156	0.309	-0.158	0.309	-0.141
0.308	-0.167	0.308	-0.169	0.308	-0.155	0.308	-0.155	0.308	-0.149
0.307	-0.164	0.307	-0.162	0.307	-0.164	0.307	-0.155	0.307	-0.149
0.306	-0.159	0.306	-0.161	0.306	-0.164	0.306	-0.161	0.306	-0.153
0.305	-0.162	0.305	-0.169	0.305	-0.156	0.305	-0.153	0.305	-0.153
0.304	-0.170	0.304	-0.172	0.304	-0.164	0.304	-0.158	0.304	-0.150
0.303	-0.173	0.303	-0.169	0.303	-0.167	0.303	-0.159	0.303	-0.156
0.302	-0.169	0.302	-0.170	0.302	-0.158	0.302	-0.155	0.302	-0.161
0.301	-0.172	0.301	-0.167	0.301	-0.169	0.301	-0.158	0.301	-0.153
0.300	-0.170	0.300	-0.169	0.300	-0.170	0.300	-0.159	0.300	-0.159
0.299	-0.173	0.299	-0.172	0.299	-0.166	0.299	-0.166	0.299	-0.162
0.298	-0.175	0.298	-0.173	0.298	-0.167	0.298	-0.164	0.298	-0.162
0.297	-0.172	0.297	-0.170	0.297	-0.172	0.297	-0.175	0.297	-0.159
0.296	-0.175	0.296	-0.173	0.296	-0.172	0.296	-0.167	0.296	-0.158
0.295	-0.175	0.295	-0.175	0.295	-0.176	0.295	-0.166	0.295	-0.159
0.294	-0.172	0.294	-0.175	0.294	-0.167	0.294	-0.169	0.294	-0.162
0.293	-0.176	0.293	-0.176	0.293	-0.176	0.293	-0.169	0.293	-0.159
0.292	-0.178	0.292	-0.178	0.292	-0.179	0.292	-0.170	0.292	-0.172
0.291	-0.179	0.291	-0.178	0.291	-0.178	0.291	-0.179	0.291	-0.167
0.290	-0.178	0.290	-0.178	0.290	-0.176	0.290	-0.172	0.290	-0.167
0.289	-0.178	0.289	-0.181	0.289	-0.173	0.289	-0.169	0.289	-0.164
0.288	-0.184	0.288	-0.182	0.288	-0.181	0.288	-0.172	0.288	-0.161
0.287	-0.178	0.287	-0.182	0.287	-0.179	0.287	-0.176	0.287	-0.167
0.286	-0.182	0.286	-0.181	0.286	-0.184	0.286	-0.175	0.286	-0.170
0.285	-0.182	0.285	-0.187	0.285	-0.181	0.285	-0.173	0.285	-0.172
0.284	-0.181	0.284	-0.182	0.284	-0.182	0.284	-0.179	0.284	-0.176
0.283	-0.185	0.283	-0.185	0.283	-0.184	0.283	-0.178	0.283	-0.176
0.282	-0.190	0.282	-0.189	0.282	-0.182	0.282	-0.179	0.282	-0.176
0.281	-0.190	0.281	-0.184	0.281	-0.184	0.281	-0.176	0.281	-0.176
0.280	-0.187	0.280	-0.189	0.280	-0.185	0.280	-0.175	0.280	-0.179
0.279	-0.182	0.279	-0.185	0.279	-0.189	0.279	-0.181	0.279	-0.175
0.278	-0.189	0.278	-0.187	0.278	-0.187	0.278	-0.185	0.278	-0.173
0.277	-0.185	0.277	-0.185	0.277	-0.187	0.277	-0.182	0.277	-0.179
0.276	-0.185	0.276	-0.189	0.276	-0.184	0.276	-0.181	0.276	-0.179
0.275	-0.187	0.275	-0.185	0.275	-0.190	0.275	-0.185	0.275	-0.176
0.274	-0.185	0.274	-0.192	0.274	-0.185	0.274	-0.172	0.274	-0.178
0.273	-0.184	0.273	-0.190	0.273	-0.181	0.273	-0.181	0.273	-0.178
0.272	-0.192	0.272	-0.192	0.272	-0.195	0.272	-0.185	0.272	-0.175
0.271	-0.189	0.271	-0.190	0.271	-0.187	0.271	-0.185	0.271	-0.179
0.270	-0.184	0.270	-0.190	0.270	-0.187	0.270	-0.189	0.270	-0.170
0.269	-0.187	0.269	-0.193	0.269	-0.192	0.269	-0.184	0.269	-0.176
0.268	-0.189	0.268	-0.192	0.268	-0.189	0.268	-0.182	0.268	-0.178
0.267	-0.189	0.267	-0.189	0.267	-0.189	0.267	-0.179	0.267	-0.179
0.266	-0.192	0.266	-0.190	0.266	-0.185	0.266	-0.184	0.266	-0.178
0.265	-0.189	0.265	-0.189	0.265	-0.187	0.265	-0.185	0.265	-0.181
0.264	-0.187	0.264	-0.184	0.264	-0.192	0.264	-0.184	0.264	-0.178
0.263	-0.192	0.263	-0.189	0.263	-0.187	0.263	-0.185	0.263	-0.181
0.262	-0.189	0.262	-0.190	0.262	-0.189	0.262	-0.179	0.262	-0.179
0.261	-0.182	0.261	-0.184	0.261	-0.184	0.261	-0.179	0.261	-0.176
0.260	-0.184	0.260	-0.189	0.260	-0.192	0.260	-0.181	0.260	-0.176
0.259	-0.190	0.259	-0.190	0.259	-0.192	0.259	-0.190	0.259	-0.182
0.258	-0.189	0.258	-0.190	0.258	-0.185	0.258	-0.181	0.258	-0.178
0.257	-0.185	0.257	-0.193	0.257	-0.189	0.257	-0.184	0.257	-0.179
0.256	-0.185	0.256	-0.190	0.256	-0.182	0.256	-0.182	0.256	-0.181
0.255	-0.193	0.255	-0.187	0.255	-0.181	0.255	-0.178	0.255	-0.176
0.254	-0.182	0.254	-0.189	0.254	-0.185	0.254	-0.181	0.254	-0.176
0.253	-0.181	0.253	-0.189	0.253	-0.184	0.253	-0.179	0.253	-0.175
0.252	-0.184	0.252	-0.187	0.252	-0.178	0.252	-0.175	0.252	-0.175
0.251	-0.182	0.251	-0.184	0.251	-0.182	0.251	-0.181	0.251	-0.175
0.250	-0.181	0.250	-0.179	0.250	-0.187	0.250	-0.172	0.250	-0.172
0.249	-0.181	0.249	-0.184	0.249	-0.185	0.249	-0.178	0.249	-0.173
0.248	-0.184	0.248	-0.184	0.248	-0.176	0.248	-0.182	0.248	-0.176
0.247	-0.185	0.247	-0.181	0.247	-0.182	0.247	-0.176	0.247	-0.167
0.246	-0.179	0.246	-0.184	0.246	-0.181	0.246	-0.178	0.246	-0.178
0.245	-0.179	0.245	-0.179	0.245	-0.181	0.245	-0.178	0.245	-0.170
0.244	-0.176	0.244	-0.179	0.244	-0.181	0.244	-0.175	0.244	-0.169
0.243	-0.184	0.243	-0.181	0.243	-0.184	0.243	-0.179	0.243	-0.175
0.242	-0.176	0.242	-0.181	0.242	-0.178	0.242	-0.178	0.242	-0.172
0.241	-0.176	0.241	-0.179	0.241	-0.178	0.241	-0.172	0.241	-0.175
0.240	-0.176	0.240	-0.179	0.240	-0.176	0.240	-0.175	0.240	-0.178
0.239	-0.178	0.239	-0.181	0.239	-0.176	0.239	-0.173	0.239	-0.166
0.238	-0.175	0.238	-0.178	0.238	-0.179	0.238	-0.175	0.238	-0.175
0.237	-0.175	0.237	-0.176	0.237	-0.175	0.237	-0.178	0.237	-0.175
0.236	-0.179	0.236	-0.181	0.236	-0.176	0.236	-0.172	0.236	-0.173
0.235	-0.170	0.235	-0.176	0.235	-0.175	0.235	-0.172	0.235	-0.167
0.234	-0.178	0.234	-0.173	0.234	-0.178	0.234	-0.170	0.234	-0.170
0.233	-0.176	0.233	-0.176	0.233	-0.178	0.233	-0.170	0.233	-0.166
0.232	-0.179	0.232	-0.179	0.232	-0.175	0.232	-0.170	0.232	-0.172
0.231	-0.176	0.231	-0.176	0.231	-0.175	0.231	-0.169	0.231	-0.169
0.230	-0.173	0.230	-0.173	0.230	-0.173	0.230	-0.172	0.230	-0.169
0.229	-0.172	0.229	-0.175	0.229	-0.176	0.229	-0.170	0.229	-0.170
0.228	-0.178	0.228	-0.173	0.228	-0.169	0.228	-0.172	0.228	-0.172
0.227	-0.175	0.227	-0.179	0.227	-0.175	0.227	-0.176	0.227	-0.172
0.226	-0.179	0.226	-0.172	0.226	-0.175	0.226	-0.173	0.226	-0.167
0.225	-0.173	0.225	-0.173	0.225	-0.179	0.225	-0.172	0.225	-0.167
0.224	-0.173	0.224	-0.176	0.224	-0.172	0.224	-0.170	0.224	-0.169
0.223	-0.175	0.223	-0.175	0.223	-0.176	0.223	-0.173	0.223	-0.166
0.222	-0.172	0.222	-0.179	0.222	-0.175	0.222	-0.172	0.222	-0.172
0.221	-0.175	0.221	-0.178	0.221	-0.173	0.221	-0.181	0.221	-0.178
0.220	-0.176	0.220	-0.176	0.220	-0.181	0.220	-0.178	0.220	-0.167
0.219	-0.179	0.219	-0.185	0.219	-0.175	0.219	-0.176	0.219	-0.172
0.218	-0.169	0.218	-0.179	0.218	-0.176	0.218	-0.175	0.218	-0.179
0.217	-0.176	0.217	-0.179	0.217	-0.173	0.217	-0.173	0.217	-0.167
0.216	-0.178	0.216	-0.178	0.216	-0.175	0.216	-0.170	0.216	-0.176
0.215	-0.176	0.215	-0.173	0.215	-0.172	0.215	-0.178	0.215	-0.170
0.214	-0.173	0.214	-0.181	0.214	-0.179	0.214	-0.176	0.214	-0.169
0.213	-0.182	0.213	-0.182	0.213	-0.176	0.213	-0.170	0.213	-0.175
0.212	-0.173	0.212	-0.181	0.212	-0.176	0.212	-0.176	0.212	-0.173
0.211	-0.181	0.211	-0.178	0.211	-0.185	0.211	-0.178	0.211	-0.179
0.210	-0.176	0.210	-0.184	0.210	-0.179	0.210	-0.182	0.210	-0.170
0.209	-0.184	0.209	-0.185	0.209	-0.181	0.209	-0.173	0.209	-0.176
0.208	-0.179	0.208	-0.184	0.208	-0.185	0.208	-0.184	0.208	-0.176
0.207	-0.181	0.207	-0.184	0.207	-0.185	0.207	-0.182	0.207	-0.181
0.206	-0.182	0.206	-0.185	0.206	-0.182	0.206	-0.179	0.206	-0.181
0.205	-0.187	0.205	-0.185	0.205	-0.187	0.205	-0.187	0.205	-0.179
0.204	-0.184	0.204	-0.192	0.204	-0.189	0.204	-0.182	0.204	-0.178
0.203	-0.179	0.203	-0.189	0.203	-0.187	0.203	-0.181	0.203	-0.182
0.202	-0.185	0.202	-0.184	0.202	-0.178	0.202	-0.190	0.202	-0.179
0.201	-0.185	0.201	-0.182	0.201	-0.189	0.201	-0.185	0.201	-0.179
0.200	-0.190	0.200	-0.190	0.200	-0.189	0.200	-0.182	0.200	-0.185
0.199	-0.187	0.199	-0.192	0.199	-0.192	0.199	-0.192	0.199	-0.184
0.198	-0.193	0.198	-0.198	0.198	-0.190	0.198	-0.192	0.198	-0.182
0.197	-0.190	0.197	-0.187	0.197	-0.190	0.197	-0.190	0.197	-0.190
0.196	-0.193	0.196	-0.195	0.196	-0.193	0.196	-0.192	0.196	-0.187
0.195	-0.196	0.195	-0.195	0.195	-0.202	0.195	-0.196	0.195	-0.189
0.194	-0.202	0.194	-0.196	0.194	-0.196	0.194	-0.196	0.194	-0.193
0.193	-0.195	0.193	-0.204	0.193	-0.199	0.193	-0.192	0.193	-0.193
0.192	-0.201	0.192	-0.208	0.192	-0.199	0.192	-0.202	0.192	-0.192
0.191	-0.202	0.191	-0.205	0.191	-0.202	0.191	-0.199	0.191	-0.195
0.190	-0.204	0.190	-0.205	0.190	-0.201	0.190	-0.205	0.190	-0.202
0.189	-0.210	0.189	-0.204	0.189	-0.202	0.189	-0.201	0.189	-0.204
0.188	-0.205	0.188	-0.205	0.188	-0.204	0.188	-0.210	0.188	-0.201
0.187	-0.210	0.187	-0.210	0.187	-0.213	0.187	-0.210	0.187	-0.205
0.186	-0.210	0.186	-0.219	0.186	-0.207	0.186	-0.208	0.186	-0.208
0.185	-0.212	0.185	-0.215	0.185	-0.212	0.185	-0.205	0.185	-0.207
0.184	-0.218	0.184	-0.219	0.184	-0.216	0.184	-0.212	0.184	-0.208
0.183	-0.213	0.183	-0.219	0.183	-0.219	0.183	-0.216	0.183	-0.213
0.182	-0.222	0.182	-0.227	0.182	-0.221	0.182	-0.218	0.182	-0.215
0.181	-0.219	0.181	-0.218	0.181	-0.222	0.181	-0.221	0.181	-0.216
0.180	-0.218	0.180	-0.236	0.180	-0.225	0.180	-0.225	0.180	-0.219
0.179	-0.231	0.179	-0.236	0.179	-0.235	0.179	-0.221	0.179	-0.224
0.178	-0.228	0.178	-0.233	0.178	-0.227	0.178	-0.227	0.178	-0.222
0.177	-0.231	0.177	-0.239	0.177	-0.236	0.177	-0.235	0.177	-0.225
0.176	-0.238	0.176	-0.235	0.176	-0.239	0.176	-0.233	0.176	-0.230
0.175	-0.239	0.175	-0.242	0.175	-0.241	0.175	-0.239	0.175	-0.228
0.174	-0.244	0.174	-0.241	0.174	-0.242	0.174	-0.239	0.174	-0.238
0.173	-0.245	0.173	-0.247	0.173	-0.242	0.173	-0.239	0.173	-0.236
0.172	-0.251	0.172	-0.242	0.172	-0.250	0.172	-0.242	0.172	-0.248
0.171	-0.254	0.171	-0.254	0.171	-0.254	0.171	-0.248	0.171	-0.242
0.170	-0.259	0.170	-0.259	0.170	-0.253	0.170	-0.254	0.170	-0.238
0.169	-0.259	0.169	-0.264	0.169	-0.258	0.169	-0.251	0.169	-0.250
0.168	-0.264	0.168	-0.261	0.168	-0.262	0.168	-0.262	0.168	-0.256
0.167	-0.271	0.167	-0.265	0.167	-0.267	0.167	-0.259	0.167	-0.259
0.166	-0.268	0.166	-0.271	0.166	-0.271	0.166	-0.261	0.166	-0.264
0.165	-0.271	0.165	-0.276	0.165	-0.271	0.165	-0.267	0.165	-0.265
0.164	-0.281	0.164	-0.274	0.164	-0.282	0.164	-0.267	0.164	-0.268
0.163	-0.284	0.163	-0.291	0.163	-0.282	0.163	-0.279	0.163	-0.271
0.162	-0.285	0.162	-0.284	0.162	-0.279	0.162	-0.287	0.162	-0.279
0.161	-0.288	0.161	-0.293	0.161	-0.284	0.161	-0.287	0.161	-0.284
0.160	-0.296	0.160	-0.296	0.160	-0.293	0.160	-0.287	0.160	-0.287
0.159	-0.302	0.159	-0.297	0.159	-0.301	0.159	-0.291	0.159	-0.290
0.158	-0.308	0.158	-0.304	0.158	-0.304	0.158	-0.297	0.158	-0.299
0.157	-0.308	0.157	-0.307	0.157	-0.307	0.157	-0.302	0.157	-0.297
0.156	-0.311	0.156	-0.314	0.156	-0.313	0.156	-0.311	0.156	-0.304
0.155	-0.322	0.155	-0.324	0.155	-0.319	0.155	-0.317	0.155	-0.310
0.154	-0.327	0.154	-0.327	0.154	-0.320	0.154	-0.311	0.154	-0.311
0.153	-0.327	0.153	-0.333	0.153	-0.327	0.153	-0.316	0.153	-0.317
0.152	-0.340	0.152	-0.327	0.152	-0.330	0.152	-0.324	0.152	-0.319
0.151	-0.345	0.151	-0.342	0.151	-0.336	0.151	-0.333	0.151	-0.330
0.150	-0.351	0.150	-0.347	0.150	-0.347	0.150	-0.340	0.150	-0.325
0.149	-0.345	0.149	-0.354	0.149	-0.351	0.149	-0.343	0.149	-0.334
0.148	-0.357	0.148	-0.354	0.148	-0.351	0.148	-0.350	0.148	-0.333
0.147	-0.370	0.147	-0.365	0.147	-0.363	0.147	-0.360	0.147	-0.356
0.146	-0.368	0.146	-0.371	0.146	-0.368	0.146	-0.363	0.146	-0.356
0.145	-0.374	0.145	-0.374	0.145	-0.374	0.145	-0.362	0.145	-0.365
0.144	-0.382	0.144	-0.380	0.144	-0.370	0.144	-0.374	0.144	-0.363
0.143	-0.385	0.143	-0.385	0.143	-0.382	0.143	-0.377	0.143	-0.370
0.142	-0.393	0.142	-0.385	0.142	-0.389	0.142	-0.382	0.142	-0.374
0.141	-0.397	0.141	-0.405	0.141	-0.394	0.141	-0.386	0.141	-0.386
0.140	-0.402	0.140	-0.405	0.140	-0.400	0.140	-0.388	0.140	-0.391
0.139	-0.414	0.139	-0.414	0.139	-0.408	0.139	-0.399	0.139	-0.394
0.138	-0.416	0.138	-0.412	0.138	-0.414	0.138	-0.403	0.138	-0.397
0.137	-0.422	0.137	-0.423	0.137	-0.414	0.137	-0.412	0.137	-0.402
0.136	-0.434	0.136	-0.434	0.136	-0.423	0.136	-0.420	0.136	-0.412
0.135	-0.443	0.135	-0.440	0.135	-0.435	0.135	-0.422	0.135	-0.419
0.134	-0.435	0.134	-0.440	0.134	-0.442	0.134	-0.434	0.134	-0.419
0.133	-0.457	0.133	-0.451	0.133	-0.448	0.133	-0.440	0.133	-0.437
0.132	-0.462	0.132	-0.460	0.132	-0.451	0.132	-0.443	0.132	-0.439
0.131	-0.471	0.131	-0.477	0.131	-0.466	0.131	-0.454	0.131	-0.439
0.130	-0.475	0.130	-0.472	0.130	-0.466	0.130	-0.463	0.130	-0.454
0.129	-0.483	0.129	-0.478	0.129	-0.471	0.129	-0.463	0.129	-0.458
0.128	-0.480	0.128	-0.488	0.128	-0.477	0.128	-0.475	0.128	-0.463
0.127	-0.498	0.127	-0.492	0.127	-0.489	0.127	-0.477	0.127	-0.471
0.126	-0.506	0.126	-0.497	0.126	-0.497	0.126	-0.486	0.126	-0.475
0.125	-0.504	0.125	-0.509	0.125	-0.497	0.125	-0.489	0.125	-0.485
0.124	-0.526	0.124	-0.514	0.124	-0.504	0.124	-0.501	0.124	-0.495
0.123	-0.535	0.123	-0.526	0.123	-0.515	0.123	-0.512	0.123	-0.508
0.122	-0.534	0.122	-0.532	0.122	-0.527	0.122	-0.515	0.122	-0.506
0.121	-0.544	0.121	-0.538	0.121	-0.532	0.121	-0.523	0.121	-0.514
0.120	-0.546	0.120	-0.543	0.120	-0.538	0.120	-0.527	0.120	-0.520
0.119	-0.554	0.119	-0.557	0.119	-0.550	0.119	-0.538	0.119	-0.532
0.118	-0.557	0.118	-0.560	0.118	-0.552	0.118	-0.540	0.118	-0.540
0.117	-0.575	0.117	-0.574	0.117	-0.561	0.117	-0.550	0.117	-0.546
0.116	-0.581	0.116	-0.575	0.116	-0.570	0.116	-0.563	0.116	-0.552
0.115	-0.593	0.115	-0.592	0.115	-0.580	0.115	-0.577	0.115	-0.566
0.114	-0.598	0.114	-0.595	0.114	-0.584	0.114	-0.572	0.114	-0.566
0.113	-0.603	0.113	-0.595	0.113	-0.587	0.113	-0.584	0.113	-0.578
0.112	-0.612	0.112	-0.603	0.112	-0.604	0.112	-0.592	0.112	-0.587
0.111	-0.627	0.111	-0.618	0.111	-0.603	0.111	-0.600	0.111	-0.593
0.110	-0.629	0.110	-0.624	0.110	-0.620	0.110	-0.606	0.110	-0.598
0.109	-0.641	0.109	-0.632	0.109	-0.621	0.109	-0.618	0.109	-0.604
0.108	-0.650	0.108	-0.638	0.108	-0.632	0.108	-0.621	0.108	-0.612
0.107	-0.656	0.107	-0.653	0.107	-0.649	0.107	-0.636	0.107	-0.627
0.106	-0.658	0.106	-0.659	0.106	-0.650	0.106	-0.636	0.106	-0.627
0.105	-0.675	0.105	-0.664	0.105	-0.656	0.105	-0.653	0.105	-0.641
0.104	-0.676	0.104	-0.672	0.104	-0.670	0.104	-0.653	0.104	-0.646
0.103	-0.690	0.103	-0.685	0.103	-0.673	0.103	-0.666	0.103	-0.655
0.102	-0.695	0.102	-0.689	0.102	-0.679	0.102	-0.666	0.102	-0.662
0.101	-0.704	0.101	-0.701	0.101	-0.692	0.101	-0.679	0.101	-0.670
