E /V	I /uA	E /V	I /uA	E /V	I /uA
0.100	-0.133	0.100	-1.144	0.100	-1.110
0.099	-0.396	0.099	-1.161	0.099	-1.126
0.098	-0.590	0.098	-1.159	0.098	-1.126
0.097	-0.748	0.097	-1.158	0.097	-1.135
0.096	-0.856	0.096	-1.176	0.096	-1.144
0.095	-0.939	0.095	-1.185	0.095	-1.146
0.094	-0.994	0.094	-1.192	0.094	-1.161
0.093	-1.037	0.093	-1.204	0.093	-1.172
0.092	-1.067	0.092	-1.204	0.092	-1.179
0.091	-1.101	0.091	-1.230	0.091	-1.198
0.090	-1.115	0.090	-1.230	0.090	-1.195
0.089	-1.136	0.089	-1.235	0.089	-1.208
0.088	-1.149	0.088	-1.242	0.088	-1.207
0.087	-1.169	0.087	-1.256	0.087	-1.238
0.086	-1.179	0.086	-1.265	0.086	-1.228
0.085	-1.187	0.085	-1.281	0.085	-1.248
0.084	-1.204	0.084	-1.282	0.084	-1.253
0.083	-1.231	0.083	-1.307	0.083	-1.273
0.082	-1.222	0.082	-1.300	0.082	-1.273
0.081	-1.230	0.081	-1.308	0.081	-1.282
0.080	-1.244	0.080	-1.314	0.080	-1.284
0.079	-1.254	0.079	-1.331	0.079	-1.294
0.078	-1.261	0.078	-1.330	0.078	-1.294
0.077	-1.270	0.077	-1.340	0.077	-1.310
0.076	-1.285	0.076	-1.354	0.076	-1.320
0.075	-1.297	0.075	-1.354	0.075	-1.333
0.074	-1.299	0.074	-1.366	0.074	-1.336
0.073	-1.316	0.073	-1.373	0.073	-1.345
0.072	-1.320	0.072	-1.377	0.072	-1.342
0.071	-1.333	0.071	-1.389	0.071	-1.359
0.070	-1.340	0.070	-1.389	0.070	-1.357
0.069	-1.348	0.069	-1.405	0.069	-1.373
0.068	-1.351	0.068	-1.405	0.068	-1.368
0.067	-1.383	0.067	-1.439	0.067	-1.408
0.066	-1.377	0.066	-1.431	0.066	-1.391
0.065	-1.380	0.065	-1.428	0.065	-1.396
0.064	-1.385	0.064	-1.434	0.064	-1.399
0.063	-1.397	0.063	-1.443	0.063	-1.419
0.062	-1.396	0.062	-1.452	0.062	-1.412
0.061	-1.408	0.061	-1.455	0.061	-1.416
0.060	-1.417	0.060	-1.465	0.060	-1.422
0.059	-1.435	0.059	-1.477	0.059	-1.446
0.058	-1.426	0.058	-1.474	0.058	-1.435
0.057	-1.446	0.057	-1.477	0.057	-1.439
0.056	-1.446	0.056	-1.478	0.056	-1.445
0.055	-1.455	0.055	-1.491	0.055	-1.462
0.054	-1.466	0.054	-1.498	0.054	-1.462
0.053	-1.478	0.053	-1.506	0.053	-1.469
0.052	-1.486	0.052	-1.506	0.052	-1.480
0.051	-1.501	0.051	-1.540	0.051	-1.494
0.050	-1.495	0.050	-1.526	0.050	-1.486
0.049	-1.509	0.049	-1.529	0.049	-1.489
0.048	-1.512	0.048	-1.534	0.048	-1.491
0.047	-1.523	0.047	-1.544	0.047	-1.503
0.046	-1.518	0.046	-1.543	0.046	-1.506
0.045	-1.534	0.045	-1.550	0.045	-1.501
0.044	-1.543	0.044	-1.555	0.044	-1.517
0.043	-1.564	0.043	-1.575	0.043	-1.529
0.042	-1.560	0.042	-1.572	0.042	-1.529
0.041	-1.569	0.041	-1.569	0.041	-1.534
0.040	-1.569	0.040	-1.577	0.040	-1.538
0.039	-1.592	0.039	-1.587	0.039	-1.552
0.038	-1.589	0.038	-1.584	0.038	-1.543
0.037	-1.593	0.037	-1.589	0.037	-1.558
0.036	-1.603	0.036	-1.601	0.036	-1.558
0.035	-1.626	0.035	-1.618	0.035	-1.572
0.034	-1.613	0.034	-1.607	0.034	-1.563
0.033	-1.619	0.033	-1.616	0.033	-1.569
0.032	-1.630	0.032	-1.618	0.032	-1.570
0.031	-1.635	0.031	-1.624	0.031	-1.580
0.030	-1.641	0.030	-1.627	0.030	-1.583
0.029	-1.652	0.029	-1.638	0.029	-1.589
0.028	-1.659	0.028	-1.639	0.028	-1.596
0.027	-1.676	0.027	-1.664	0.027	-1.610
0.026	-1.675	0.026	-1.652	0.026	-1.609
0.025	-1.681	0.025	-1.646	0.025	-1.610
0.024	-1.684	0.024	-1.662	0.024	-1.613
0.023	-1.702	0.023	-1.676	0.023	-1.629
0.022	-1.707	0.022	-1.675	0.022	-1.624
0.021	-1.710	0.021	-1.676	0.021	-1.633
0.020	-1.719	0.020	-1.682	0.020	-1.635
0.019	-1.751	0.019	-1.707	0.019	-1.649
0.018	-1.738	0.018	-1.695	0.018	-1.659
0.017	-1.741	0.017	-1.707	0.017	-1.659
0.016	-1.756	0.016	-1.705	0.016	-1.659
0.015	-1.759	0.015	-1.721	0.015	-1.672
0.014	-1.770	0.014	-1.718	0.014	-1.673
0.013	-1.767	0.013	-1.730	0.013	-1.679
0.012	-1.785	0.012	-1.733	0.012	-1.679
0.011	-1.797	0.011	-1.744	0.011	-1.701
0.010	-1.794	0.010	-1.739	0.010	-1.696
0.009	-1.814	0.009	-1.751	0.009	-1.705
0.008	-1.816	0.008	-1.758	0.008	-1.708
0.007	-1.830	0.007	-1.770	0.007	-1.719
0.006	-1.834	0.006	-1.773	0.006	-1.721
0.005	-1.840	0.005	-1.781	0.005	-1.730
0.004	-1.859	0.004	-1.785	0.004	-1.735
0.003	-1.903	0.003	-1.830	0.003	-1.776
0.002	-1.880	0.002	-1.794	0.002	-1.756
0.001	-1.886	0.001	-1.808	0.001	-1.758
0.000	-1.891	0.000	-1.816	0.000	-1.767
-0.001	-1.911	-0.001	-1.834	-0.001	-1.773
-0.002	-1.912	-0.002	-1.834	-0.002	-1.774
-0.003	-1.926	-0.003	-1.850	-0.003	-1.797
-0.004	-1.932	-0.004	-1.853	-0.004	-1.810
-0.005	-1.961	-0.005	-1.883	-0.005	-1.813
-0.006	-1.957	-0.006	-1.877	-0.006	-1.816
-0.007	-1.975	-0.007	-1.889	-0.007	-1.828
-0.008	-1.983	-0.008	-1.902	-0.008	-1.842
-0.009	-2.000	-0.009	-1.920	-0.009	-1.856
-0.010	-1.695	-0.010	-1.595	-0.010	-1.549
-0.009	-0.998	-0.009	-0.912	-0.009	-0.863
-0.008	-0.422	-0.008	-0.347	-0.008	-0.301
-0.007	0.008	-0.007	0.078	-0.007	0.117
-0.006	0.319	-0.006	0.374	-0.006	0.408
-0.005	0.561	-0.005	0.609	-0.005	0.640
-0.004	0.712	-0.004	0.755	-0.004	0.785
-0.003	0.837	-0.003	0.870	-0.003	0.902
-0.002	0.931	-0.002	0.954	-0.002	0.980
-0.001	1.003	-0.001	1.029	-0.001	1.043
0.000	1.055	0.000	1.077	0.000	1.089
0.001	1.106	0.001	1.115	0.001	1.133
0.002	1.138	0.002	1.144	0.002	1.164
0.003	1.196	0.003	1.210	0.003	1.224
0.004	1.196	0.004	1.193	0.004	1.207
0.005	1.227	0.005	1.229	0.005	1.229
0.006	1.235	0.006	1.227	0.006	1.241
0.007	1.261	0.007	1.259	0.007	1.264
0.008	1.270	0.008	1.267	0.008	1.273
0.009	1.293	0.009	1.281	0.009	1.288
0.010	1.308	0.010	1.291	0.010	1.293
0.011	1.334	0.011	1.325	0.011	1.318
0.012	1.333	0.012	1.319	0.012	1.319
0.013	1.347	0.013	1.339	0.013	1.331
0.014	1.350	0.014	1.334	0.014	1.328
0.015	1.371	0.015	1.351	0.015	1.348
0.016	1.373	0.016	1.351	0.016	1.339
0.017	1.383	0.017	1.359	0.017	1.360
0.018	1.394	0.018	1.370	0.018	1.357
0.019	1.413	0.019	1.391	0.019	1.377
0.020	1.408	0.020	1.385	0.020	1.373
0.021	1.423	0.021	1.388	0.021	1.382
0.022	1.410	0.022	1.385	0.022	1.379
0.023	1.420	0.023	1.400	0.023	1.388
0.024	1.422	0.024	1.396	0.024	1.385
0.025	1.434	0.025	1.402	0.025	1.391
0.026	1.423	0.026	1.406	0.026	1.387
0.027	1.443	0.027	1.417	0.027	1.403
0.028	1.436	0.028	1.414	0.028	1.402
0.029	1.449	0.029	1.422	0.029	1.405
0.030	1.442	0.030	1.414	0.030	1.397
0.031	1.449	0.031	1.423	0.031	1.411
0.032	1.445	0.032	1.419	0.032	1.408
0.033	1.453	0.033	1.426	0.033	1.411
0.034	1.451	0.034	1.411	0.034	1.406
0.035	1.469	0.035	1.440	0.035	1.436
0.036	1.451	0.036	1.413	0.036	1.408
0.037	1.456	0.037	1.423	0.037	1.405
0.038	1.454	0.038	1.420	0.038	1.399
0.039	1.462	0.039	1.436	0.039	1.408
0.040	1.449	0.040	1.419	0.040	1.405
0.041	1.454	0.041	1.426	0.041	1.411
0.042	1.451	0.042	1.419	0.042	1.396
0.043	1.465	0.043	1.431	0.043	1.417
0.044	1.456	0.044	1.416	0.044	1.400
0.045	1.453	0.045	1.417	0.045	1.400
0.046	1.456	0.046	1.416	0.046	1.402
0.047	1.456	0.047	1.422	0.047	1.400
0.048	1.446	0.048	1.410	0.048	1.393
0.049	1.440	0.049	1.413	0.049	1.397
0.050	1.442	0.050	1.413	0.050	1.387
0.051	1.463	0.051	1.423	0.051	1.399
0.052	1.445	0.052	1.413	0.052	1.391
0.053	1.446	0.053	1.405	0.053	1.380
0.054	1.429	0.054	1.399	0.054	1.377
0.055	1.436	0.055	1.417	0.055	1.383
0.056	1.434	0.056	1.385	0.056	1.368
0.057	1.431	0.057	1.383	0.057	1.368
0.058	1.414	0.058	1.385	0.058	1.365
0.059	1.423	0.059	1.408	0.059	1.373
0.060	1.413	0.060	1.380	0.060	1.359
0.061	1.403	0.061	1.377	0.061	1.354
0.062	1.403	0.062	1.371	0.062	1.342
0.063	1.406	0.063	1.374	0.063	1.348
0.064	1.391	0.064	1.359	0.064	1.337
0.065	1.399	0.065	1.364	0.065	1.337
0.066	1.387	0.066	1.350	0.066	1.328
0.067	1.416	0.067	1.376	0.067	1.342
0.068	1.388	0.068	1.351	0.068	1.327
0.069	1.379	0.069	1.347	0.069	1.321
0.070	1.368	0.070	1.334	0.070	1.301
0.071	1.370	0.071	1.333	0.071	1.313
0.072	1.356	0.072	1.318	0.072	1.298
0.073	1.354	0.073	1.325	0.073	1.295
0.074	1.341	0.074	1.311	0.074	1.284
0.075	1.360	0.075	1.322	0.075	1.296
0.076	1.327	0.076	1.299	0.076	1.276
0.077	1.336	0.077	1.299	0.077	1.270
0.078	1.322	0.078	1.284	0.078	1.265
0.079	1.328	0.079	1.291	0.079	1.259
0.080	1.308	0.080	1.275	0.080	1.250
0.081	1.308	0.081	1.270	0.081	1.247
0.082	1.295	0.082	1.259	0.082	1.236
0.083	1.310	0.083	1.273	0.083	1.242
0.084	1.298	0.084	1.241	0.084	1.221
0.085	1.279	0.085	1.244	0.085	1.229
0.086	1.261	0.086	1.235	0.086	1.204
0.087	1.267	0.087	1.227	0.087	1.206
0.088	1.256	0.088	1.215	0.088	1.190
0.089	1.253	0.089	1.213	0.089	1.199
0.090	1.238	0.090	1.203	0.090	1.178
0.091	1.244	0.091	1.207	0.091	1.181
0.092	1.226	0.092	1.189	0.092	1.163
0.093	1.218	0.093	1.190	0.093	1.161
0.094	1.209	0.094	1.178	0.094	1.146
0.095	1.210	0.095	1.170	0.095	1.149
0.096	1.192	0.096	1.157	0.096	1.135
0.097	1.187	0.097	1.157	0.097	1.127
0.098	1.173	0.098	1.143	0.098	1.118
0.099	1.184	0.099	1.149	0.099	1.120
0.100	1.160	0.100	1.127	0.100	1.101
0.101	1.153	0.101	1.123	0.101	1.094
0.102	1.146	0.102	1.101	0.102	1.080
0.103	1.140	0.103	1.103	0.103	1.077
0.104	1.132	0.104	1.094	0.104	1.071
0.105	1.120	0.105	1.087	0.105	1.063
0.106	1.110	0.106	1.072	0.106	1.049
0.107	1.115	0.107	1.077	0.107	1.049
0.108	1.095	0.108	1.058	0.108	1.035
0.109	1.086	0.109	1.057	0.109	1.028
0.110	1.072	0.110	1.038	0.110	1.017
0.111	1.072	0.111	1.034	0.111	1.015
0.112	1.057	0.112	1.025	0.112	0.995
0.113	1.048	0.113	1.011	0.113	0.999
0.114	1.040	0.114	1.002	0.114	0.983
0.115	1.048	0.115	1.008	0.115	0.985
0.116	1.022	0.116	0.991	0.116	0.966
0.117	1.018	0.117	0.986	0.117	0.954
0.118	1.008	0.118	0.969	0.118	0.949
0.119	1.003	0.119	0.968	0.119	0.936
0.120	0.986	0.120	0.962	0.120	0.933
0.121	0.982	0.121	0.943	0.121	0.917
0.122	0.968	0.122	0.936	0.122	0.910
0.123	0.976	0.123	0.931	0.123	0.911
0.124	0.960	0.124	0.923	0.124	0.897
0.125	0.954	0.125	0.917	0.125	0.887
0.126	0.936	0.126	0.903	0.126	0.880
0.127	0.934	0.127	0.902	0.127	0.879
0.128	0.923	0.128	0.887	0.128	0.865
0.129	0.914	0.129	0.891	0.129	0.859
0.130	0.907	0.130	0.868	0.130	0.851
0.131	0.914	0.131	0.877	0.131	0.856
0.132	0.890	0.132	0.859	0.132	0.834
0.133	0.879	0.133	0.848	0.133	0.818
0.134	0.876	0.134	0.842	0.134	0.810
0.135	0.871	0.135	0.833	0.135	0.813
0.136	0.856	0.136	0.819	0.136	0.793
0.137	0.851	0.137	0.818	0.137	0.791
0.138	0.839	0.138	0.802	0.138	0.782
0.139	0.837	0.139	0.804	0.139	0.781
0.140	0.830	0.140	0.795	0.140	0.770
0.141	0.828	0.141	0.782	0.141	0.770
0.142	0.814	0.142	0.776	0.142	0.753
0.143	0.811	0.143	0.772	0.143	0.752
0.144	0.796	0.144	0.765	0.144	0.735
0.145	0.793	0.145	0.765	0.145	0.738
0.146	0.785	0.146	0.752	0.146	0.721
0.147	0.788	0.147	0.749	0.147	0.730
0.148	0.773	0.148	0.742	0.148	0.718
0.149	0.773	0.149	0.729	0.149	0.709
0.150	0.761	0.150	0.724	0.150	0.698
0.151	0.755	0.151	0.724	0.151	0.696
0.152	0.749	0.152	0.713	0.152	0.681
0.153	0.741	0.153	0.704	0.153	0.689
0.154	0.738	0.154	0.696	0.154	0.675
0.155	0.735	0.155	0.712	0.155	0.681
0.156	0.724	0.156	0.692	0.156	0.667
0.157	0.719	0.157	0.690	0.157	0.663
0.158	0.710	0.158	0.673	0.158	0.658
0.159	0.715	0.159	0.678	0.159	0.657
0.160	0.707	0.160	0.672	0.160	0.647
0.161	0.709	0.161	0.669	0.161	0.644
0.162	0.703	0.162	0.663	0.162	0.644
0.163	0.703	0.163	0.664	0.163	0.644
0.164	0.690	0.164	0.652	0.164	0.632
0.165	0.690	0.165	0.653	0.165	0.634
0.166	0.681	0.166	0.647	0.166	0.626
0.167	0.681	0.167	0.649	0.167	0.630
0.168	0.681	0.168	0.641	0.168	0.615
0.169	0.683	0.169	0.646	0.169	0.620
0.170	0.676	0.170	0.638	0.170	0.618
0.171	0.680	0.171	0.646	0.171	0.614
0.172	0.673	0.172	0.640	0.172	0.609
0.173	0.673	0.173	0.637	0.173	0.617
0.174	0.675	0.174	0.630	0.174	0.611
0.175	0.680	0.175	0.635	0.175	0.609
0.176	0.669	0.176	0.632	0.176	0.607
0.177	0.675	0.177	0.637	0.177	0.612
0.178	0.670	0.178	0.637	0.178	0.609
0.179	0.684	0.179	0.637	0.179	0.617
0.180	0.673	0.180	0.634	0.180	0.618
0.181	0.673	0.181	0.638	0.181	0.615
0.182	0.672	0.182	0.635	0.182	0.614
0.183	0.680	0.183	0.643	0.183	0.620
0.184	0.678	0.184	0.644	0.184	0.618
0.185	0.683	0.185	0.643	0.185	0.624
0.186	0.684	0.186	0.644	0.186	0.618
0.187	0.689	0.187	0.649	0.187	0.630
0.188	0.684	0.188	0.650	0.188	0.620
0.189	0.689	0.189	0.657	0.189	0.632
0.190	0.695	0.190	0.653	0.190	0.635
0.191	0.699	0.191	0.653	0.191	0.635
0.192	0.695	0.192	0.663	0.192	0.635
0.193	0.696	0.193	0.660	0.193	0.634
0.194	0.699	0.194	0.661	0.194	0.638
0.195	0.716	0.195	0.669	0.195	0.647
0.196	0.707	0.196	0.667	0.196	0.637
0.197	0.706	0.197	0.667	0.197	0.641
0.198	0.712	0.198	0.666	0.198	0.637
0.199	0.716	0.199	0.672	0.199	0.641
0.200	0.703	0.200	0.669	0.200	0.637
0.201	0.706	0.201	0.669	0.201	0.637
0.202	0.707	0.202	0.666	0.202	0.638
0.203	0.709	0.203	0.667	0.203	0.635
0.204	0.709	0.204	0.664	0.204	0.629
0.205	0.712	0.205	0.661	0.205	0.626
0.206	0.706	0.206	0.649	0.206	0.630
0.207	0.707	0.207	0.658	0.207	0.629
0.208	0.703	0.208	0.652	0.208	0.615
0.209	0.703	0.209	0.649	0.209	0.623
0.210	0.695	0.210	0.649	0.210	0.621
0.211	0.698	0.211	0.647	0.211	0.621
0.212	0.693	0.212	0.649	0.212	0.612
0.213	0.692	0.213	0.638	0.213	0.612
0.214	0.687	0.214	0.632	0.214	0.600
0.215	0.686	0.215	0.643	0.215	0.601
0.216	0.673	0.216	0.620	0.216	0.600
0.217	0.672	0.217	0.609	0.217	0.589
0.218	0.667	0.218	0.612	0.218	0.583
0.219	0.660	0.219	0.607	0.219	0.581
0.220	0.649	0.220	0.597	0.220	0.569
0.221	0.646	0.221	0.594	0.221	0.564
0.222	0.638	0.222	0.587	0.222	0.552
0.223	0.634	0.223	0.581	0.223	0.548
0.224	0.627	0.224	0.569	0.224	0.537
0.225	0.621	0.225	0.560	0.225	0.529
0.226	0.598	0.226	0.551	0.226	0.517
0.227	0.598	0.227	0.549	0.227	0.514
0.228	0.587	0.228	0.531	0.228	0.505
0.229	0.584	0.229	0.534	0.229	0.495
0.230	0.566	0.230	0.517	0.230	0.483
0.231	0.560	0.231	0.505	0.231	0.471
0.232	0.554	0.232	0.499	0.232	0.466
0.233	0.546	0.233	0.491	0.233	0.460
0.234	0.538	0.234	0.480	0.234	0.448
0.235	0.531	0.235	0.474	0.235	0.442
0.236	0.517	0.236	0.463	0.236	0.426
0.237	0.518	0.237	0.456	0.237	0.423
0.238	0.505	0.238	0.445	0.238	0.422
0.239	0.506	0.239	0.448	0.239	0.405
0.240	0.495	0.240	0.431	0.240	0.403
0.241	0.494	0.241	0.428	0.241	0.397
0.242	0.482	0.242	0.423	0.242	0.397
0.243	0.485	0.243	0.422	0.243	0.393
0.244	0.476	0.244	0.419	0.244	0.384
0.245	0.469	0.245	0.405	0.245	0.382
0.246	0.460	0.246	0.403	0.246	0.376
0.247	0.457	0.247	0.405	0.247	0.368
0.248	0.453	0.248	0.396	0.248	0.365
0.249	0.449	0.249	0.394	0.249	0.370
0.250	0.443	0.250	0.394	0.250	0.364
0.251	0.445	0.251	0.390	0.251	0.368
0.252	0.442	0.252	0.391	0.252	0.362
0.253	0.440	0.253	0.385	0.253	0.364
0.254	0.437	0.254	0.384	0.254	0.357
0.255	0.433	0.255	0.380	0.255	0.364
0.256	0.434	0.256	0.376	0.256	0.356
0.257	0.437	0.257	0.379	0.257	0.361
0.258	0.434	0.258	0.382	0.258	0.353
0.259	0.439	0.259	0.399	0.259	0.365
0.260	0.434	0.260	0.384	0.260	0.357
0.261	0.431	0.261	0.380	0.261	0.359
0.262	0.428	0.262	0.374	0.262	0.359
0.263	0.430	0.263	0.379	0.263	0.361
0.264	0.431	0.264	0.377	0.264	0.356
0.265	0.437	0.265	0.382	0.265	0.361
0.266	0.428	0.266	0.379	0.266	0.359
0.267	0.431	0.267	0.387	0.267	0.357
0.268	0.428	0.268	0.379	0.268	0.357
0.269	0.436	0.269	0.380	0.269	0.362
0.270	0.431	0.270	0.380	0.270	0.364
0.271	0.431	0.271	0.384	0.271	0.362
0.272	0.430	0.272	0.384	0.272	0.359
0.273	0.436	0.273	0.384	0.273	0.367
0.274	0.433	0.274	0.385	0.274	0.362
0.275	0.445	0.275	0.396	0.275	0.373
0.276	0.434	0.276	0.390	0.276	0.365
0.277	0.439	0.277	0.390	0.277	0.370
0.278	0.436	0.278	0.385	0.278	0.365
0.279	0.436	0.279	0.391	0.279	0.371
0.280	0.440	0.280	0.391	0.280	0.368
0.281	0.442	0.281	0.394	0.281	0.374
0.282	0.440	0.282	0.396	0.282	0.373
0.283	0.446	0.283	0.402	0.283	0.377
0.284	0.448	0.284	0.390	0.284	0.388
0.285	0.445	0.285	0.400	0.285	0.380
0.286	0.456	0.286	0.400	0.286	0.377
0.287	0.453	0.287	0.407	0.287	0.380
0.288	0.462	0.288	0.402	0.288	0.377
0.289	0.454	0.289	0.408	0.289	0.390
0.290	0.457	0.290	0.411	0.290	0.388
0.291	0.465	0.291	0.414	0.291	0.391
0.292	0.457	0.292	0.413	0.292	0.384
0.293	0.460	0.293	0.414	0.293	0.391
0.294	0.468	0.294	0.414	0.294	0.396
0.295	0.472	0.295	0.416	0.295	0.399
0.296	0.477	0.296	0.425	0.296	0.400
0.297	0.482	0.297	0.423	0.297	0.397
0.298	0.480	0.298	0.423	0.298	0.399
0.299	0.485	0.299	0.426	0.299	0.411
0.300	0.488	0.300	0.434	0.300	0.411
0.301	0.495	0.301	0.434	0.301	0.413
0.302	0.500	0.302	0.440	0.302	0.408
0.303	0.502	0.303	0.445	0.303	0.420
0.304	0.500	0.304	0.448	0.304	0.422
0.305	0.511	0.305	0.451	0.305	0.423
0.306	0.514	0.306	0.453	0.306	0.433
0.307	0.525	0.307	0.469	0.307	0.434
0.308	0.523	0.308	0.469	0.308	0.436
0.309	0.531	0.309	0.472	0.309	0.439
0.310	0.534	0.310	0.474	0.310	0.443
0.311	0.537	0.311	0.480	0.311	0.451
0.312	0.545	0.312	0.482	0.312	0.456
0.313	0.551	0.313	0.489	0.313	0.459
0.314	0.566	0.314	0.494	0.314	0.460
0.315	0.563	0.315	0.505	0.315	0.465
0.316	0.575	0.316	0.512	0.316	0.472
0.317	0.581	0.317	0.512	0.317	0.474
0.318	0.584	0.318	0.514	0.318	0.480
0.319	0.587	0.319	0.517	0.319	0.485
0.320	0.592	0.320	0.531	0.320	0.486
0.321	0.601	0.321	0.528	0.321	0.492
0.322	0.597	0.322	0.529	0.322	0.488
0.323	0.609	0.323	0.537	0.323	0.500
0.324	0.600	0.324	0.535	0.324	0.488
0.325	0.600	0.325	0.541	0.325	0.489
0.326	0.597	0.326	0.529	0.326	0.489
0.327	0.595	0.327	0.532	0.327	0.494
0.328	0.594	0.328	0.520	0.328	0.485
0.329	0.587	0.329	0.523	0.329	0.483
0.330	0.578	0.330	0.506	0.330	0.476
0.331	0.574	0.331	0.503	0.331	0.472
0.332	0.560	0.332	0.497	0.332	0.459
0.333	0.554	0.333	0.489	0.333	0.448
0.334	0.529	0.334	0.477	0.334	0.449
0.335	0.526	0.335	0.469	0.335	0.426
0.336	0.505	0.336	0.453	0.336	0.416
0.337	0.494	0.337	0.442	0.337	0.414
0.338	0.482	0.338	0.426	0.338	0.400
0.339	0.466	0.339	0.417	0.339	0.400
0.340	0.454	0.340	0.408	0.340	0.379
0.341	0.436	0.341	0.391	0.341	0.362
0.342	0.422	0.342	0.382	0.342	0.356
0.343	0.410	0.343	0.373	0.343	0.347
0.344	0.399	0.344	0.361	0.344	0.339
0.345	0.387	0.345	0.347	0.345	0.319
0.346	0.376	0.346	0.336	0.346	0.311
0.347	0.373	0.347	0.327	0.347	0.308
0.348	0.351	0.348	0.318	0.348	0.295
0.349	0.345	0.349	0.307	0.349	0.290
0.350	0.334	0.350	0.295	0.350	0.276
0.351	0.331	0.351	0.291	0.351	0.276
0.352	0.324	0.352	0.282	0.352	0.265
0.353	0.310	0.353	0.281	0.353	0.267
0.354	0.307	0.354	0.268	0.354	0.259
0.355	0.302	0.355	0.267	0.355	0.256
0.356	0.296	0.356	0.265	0.356	0.239
0.357	0.287	0.357	0.258	0.357	0.236
0.358	0.290	0.358	0.253	0.358	0.236
0.359	0.278	0.359	0.253	0.359	0.238
0.360	0.273	0.360	0.245	0.360	0.227
0.361	0.270	0.361	0.238	0.361	0.227
0.362	0.270	0.362	0.239	0.362	0.221
0.363	0.270	0.363	0.241	0.363	0.221
0.364	0.261	0.364	0.229	0.364	0.219
0.365	0.261	0.365	0.226	0.365	0.210
0.366	0.255	0.366	0.222	0.366	0.213
0.367	0.249	0.367	0.221	0.367	0.209
0.368	0.252	0.368	0.216	0.368	0.207
0.369	0.245	0.369	0.216	0.369	0.201
0.370	0.249	0.370	0.213	0.370	0.196
0.371	0.241	0.371	0.212	0.371	0.198
0.372	0.239	0.372	0.210	0.372	0.196
0.373	0.236	0.373	0.213	0.373	0.193
0.374	0.235	0.374	0.206	0.374	0.195
0.375	0.233	0.375	0.204	0.375	0.192
0.376	0.233	0.376	0.213	0.376	0.192
0.377	0.232	0.377	0.207	0.377	0.192
0.378	0.227	0.378	0.204	0.378	0.192
0.379	0.233	0.379	0.198	0.379	0.187
0.380	0.233	0.380	0.204	0.380	0.186
0.381	0.224	0.381	0.196	0.381	0.187
0.382	0.224	0.382	0.195	0.382	0.187
0.383	0.219	0.383	0.199	0.383	0.187
0.384	0.219	0.384	0.196	0.384	0.181
0.385	0.221	0.385	0.199	0.385	0.187
0.386	0.218	0.386	0.193	0.386	0.181
0.387	0.227	0.387	0.195	0.387	0.187
0.388	0.227	0.388	0.199	0.388	0.181
0.389	0.216	0.389	0.193	0.389	0.178
0.390	0.216	0.390	0.195	0.390	0.176
0.391	0.210	0.391	0.193	0.391	0.181
0.392	0.216	0.392	0.190	0.392	0.183
0.393	0.212	0.393	0.201	0.393	0.183
0.394	0.226	0.394	0.192	0.394	0.176
0.395	0.215	0.395	0.196	0.395	0.176
0.396	0.218	0.396	0.192	0.396	0.180
0.397	0.215	0.397	0.189	0.397	0.181
0.398	0.212	0.398	0.190	0.398	0.181
0.399	0.215	0.399	0.193	0.399	0.183
0.400	0.215	0.400	0.187	0.400	0.183
0.401	0.212	0.401	0.195	0.401	0.183
0.402	0.213	0.402	0.192	0.402	0.189
0.403	0.218	0.403	0.196	0.403	0.184
0.404	0.215	0.404	0.186	0.404	0.178
0.405	0.216	0.405	0.195	0.405	0.183
0.406	0.216	0.406	0.186	0.406	0.184
0.407	0.215	0.407	0.190	0.407	0.189
0.408	0.213	0.408	0.192	0.408	0.181
0.409	0.210	0.409	0.190	0.409	0.181
0.410	0.215	0.410	0.193	0.410	0.181
0.411	0.216	0.411	0.195	0.411	0.184
0.412	0.210	0.412	0.199	0.412	0.183
0.413	0.216	0.413	0.192	0.413	0.187
0.414	0.215	0.414	0.190	0.414	0.178
0.415	0.212	0.415	0.198	0.415	0.178
0.416	0.215	0.416	0.193	0.416	0.184
0.417	0.213	0.417	0.193	0.417	0.184
0.418	0.215	0.418	0.193	0.418	0.176
0.419	0.216	0.419	0.192	0.419	0.183
0.420	0.215	0.420	0.195	0.420	0.178
0.421	0.210	0.421	0.196	0.421	0.183
0.422	0.213	0.422	0.190	0.422	0.186
0.423	0.212	0.423	0.196	0.423	0.183
0.424	0.209	0.424	0.192	0.424	0.181
0.425	0.212	0.425	0.196	0.425	0.181
0.426	0.213	0.426	0.189	0.426	0.183
0.427	0.215	0.427	0.184	0.427	0.181
0.428	0.209	0.428	0.195	0.428	0.180
0.429	0.210	0.429	0.192	0.429	0.181
0.430	0.215	0.430	0.198	0.430	0.183
0.431	0.207	0.431	0.193	0.431	0.187
0.432	0.210	0.432	0.190	0.432	0.184
0.433	0.209	0.433	0.195	0.433	0.183
0.434	0.222	0.434	0.195	0.434	0.184
0.435	0.212	0.435	0.190	0.435	0.183
0.436	0.209	0.436	0.195	0.436	0.183
0.437	0.203	0.437	0.193	0.437	0.186
0.438	0.204	0.438	0.190	0.438	0.183
0.439	0.215	0.439	0.190	0.439	0.183
0.440	0.207	0.440	0.190	0.440	0.186
0.441	0.209	0.441	0.187	0.441	0.183
0.442	0.213	0.442	0.189	0.442	0.187
0.443	0.209	0.443	0.187	0.443	0.176
0.444	0.207	0.444	0.189	0.444	0.183
0.445	0.209	0.445	0.190	0.445	0.181
0.446	0.212	0.446	0.192	0.446	0.180
0.447	0.206	0.447	0.195	0.447	0.183
0.448	0.213	0.448	0.195	0.448	0.181
0.449	0.212	0.449	0.196	0.449	0.183
0.450	0.206	0.450	0.192	0.450	0.183
0.451	0.213	0.451	0.192	0.451	0.187
0.452	0.210	0.452	0.196	0.452	0.181
0.453	0.207	0.453	0.189	0.453	0.184
0.454	0.215	0.454	0.192	0.454	0.190
0.455	0.212	0.455	0.195	0.455	0.184
0.456	0.213	0.456	0.192	0.456	0.186
0.457	0.210	0.457	0.196	0.457	0.187
0.458	0.212	0.458	0.193	0.458	0.180
0.459	0.213	0.459	0.189	0.459	0.189
0.460	0.216	0.460	0.198	0.460	0.184
0.461	0.218	0.461	0.192	0.461	0.190
0.462	0.210	0.462	0.199	0.462	0.189
0.463	0.215	0.463	0.187	0.463	0.189
0.464	0.209	0.464	0.193	0.464	0.186
0.465	0.218	0.465	0.199	0.465	0.189
0.466	0.210	0.466	0.201	0.466	0.196
0.467	0.219	0.467	0.203	0.467	0.190
0.468	0.218	0.468	0.203	0.468	0.198
0.469	0.213	0.469	0.201	0.469	0.195
0.470	0.221	0.470	0.198	0.470	0.195
0.471	0.224	0.471	0.204	0.471	0.196
0.472	0.222	0.472	0.206	0.472	0.193
0.473	0.224	0.473	0.204	0.473	0.193
0.474	0.235	0.474	0.203	0.474	0.195
0.475	0.227	0.475	0.206	0.475	0.196
0.476	0.222	0.476	0.209	0.476	0.196
0.477	0.226	0.477	0.213	0.477	0.198
0.478	0.229	0.478	0.216	0.478	0.203
0.479	0.224	0.479	0.210	0.479	0.199
0.480	0.227	0.480	0.215	0.480	0.206
0.481	0.229	0.481	0.219	0.481	0.213
0.482	0.236	0.482	0.215	0.482	0.207
0.483	0.235	0.483	0.219	0.483	0.210
0.484	0.236	0.484	0.218	0.484	0.207
0.485	0.244	0.485	0.219	0.485	0.219
0.486	0.239	0.486	0.221	0.486	0.216
0.487	0.242	0.487	0.226	0.487	0.219
0.488	0.245	0.488	0.226	0.488	0.222
0.489	0.245	0.489	0.229	0.489	0.221
0.490	0.250	0.490	0.235	0.490	0.224
0.491	0.253	0.491	0.236	0.491	0.233
0.492	0.255	0.492	0.236	0.492	0.233
0.493	0.262	0.493	0.239	0.493	0.227
0.494	0.262	0.494	0.238	0.494	0.235
0.495	0.267	0.495	0.242	0.495	0.239
0.496	0.265	0.496	0.249	0.496	0.241
0.497	0.268	0.497	0.253	0.497	0.245
0.498	0.273	0.498	0.249	0.498	0.245
0.499	0.276	0.499	0.259	0.499	0.255
0.500	0.186	0.500	0.172	0.500	0.161
0.499	0.089	0.499	0.061	0.499	0.065
0.498	0.012	0.498	-0.008	0.498	-0.005
0.497	-0.032	0.497	-0.052	0.497	-0.055
0.496	-0.075	0.496	-0.086	0.496	-0.087
0.495	-0.095	0.495	-0.103	0.495	-0.104
0.494	-0.106	0.494	-0.116	0.494	-0.123
0.493	-0.124	0.493	-0.135	0.493	-0.130
0.492	-0.132	0.492	-0.141	0.492	-0.141
0.491	-0.141	0.491	-0.143	0.491	-0.143
0.490	-0.144	0.490	-0.153	0.490	-0.150
0.489	-0.143	0.489	-0.146	0.489	-0.150
0.488	-0.153	0.488	-0.155	0.488	-0.156
0.487	-0.150	0.487	-0.155	0.487	-0.156
0.486	-0.150	0.486	-0.155	0.486	-0.156
0.485	-0.146	0.485	-0.155	0.485	-0.162
0.484	-0.155	0.484	-0.158	0.484	-0.158
0.483	-0.153	0.483	-0.155	0.483	-0.162
0.482	-0.152	0.482	-0.159	0.482	-0.156
0.481	-0.155	0.481	-0.152	0.481	-0.161
0.480	-0.156	0.480	-0.158	0.480	-0.152
0.479	-0.150	0.479	-0.162	0.479	-0.156
0.478	-0.153	0.478	-0.155	0.478	-0.158
0.477	-0.147	0.477	-0.155	0.477	-0.158
0.476	-0.156	0.476	-0.159	0.476	-0.156
0.475	-0.150	0.475	-0.152	0.475	-0.149
0.474	-0.152	0.474	-0.153	0.474	-0.158
0.473	-0.150	0.473	-0.153	0.473	-0.155
0.472	-0.153	0.472	-0.156	0.472	-0.155
0.471	-0.149	0.471	-0.153	0.471	-0.152
0.470	-0.158	0.470	-0.153	0.470	-0.155
0.469	-0.150	0.469	-0.153	0.469	-0.155
0.468	-0.144	0.468	-0.153	0.468	-0.152
0.467	-0.152	0.467	-0.155	0.467	-0.150
0.466	-0.152	0.466	-0.149	0.466	-0.152
0.465	-0.150	0.465	-0.156	0.465	-0.152
0.464	-0.152	0.464	-0.153	0.464	-0.153
0.463	-0.146	0.463	-0.155	0.463	-0.149
0.462	-0.149	0.462	-0.159	0.462	-0.153
0.461	-0.149	0.461	-0.152	0.461	-0.155
0.460	-0.159	0.460	-0.152	0.460	-0.155
0.459	-0.152	0.459	-0.155	0.459	-0.152
0.458	-0.155	0.458	-0.155	0.458	-0.158
0.457	-0.152	0.457	-0.156	0.457	-0.155
0.456	-0.159	0.456	-0.152	0.456	-0.155
0.455	-0.155	0.455	-0.153	0.455	-0.153
0.454	-0.152	0.454	-0.159	0.454	-0.149
0.453	-0.153	0.453	-0.152	0.453	-0.156
0.452	-0.149	0.452	-0.152	0.452	-0.153
0.451	-0.156	0.451	-0.150	0.451	-0.156
0.450	-0.155	0.450	-0.153	0.450	-0.156
0.449	-0.152	0.449	-0.147	0.449	-0.149
0.448	-0.149	0.448	-0.150	0.448	-0.146
0.447	-0.150	0.447	-0.155	0.447	-0.158
0.446	-0.156	0.446	-0.155	0.446	-0.153
0.445	-0.150	0.445	-0.150	0.445	-0.153
0.444	-0.152	0.444	-0.152	0.444	-0.150
0.443	-0.149	0.443	-0.153	0.443	-0.152
0.442	-0.150	0.442	-0.158	0.442	-0.150
0.441	-0.155	0.441	-0.149	0.441	-0.152
0.440	-0.152	0.440	-0.156	0.440	-0.153
0.439	-0.159	0.439	-0.162	0.439	-0.153
0.438	-0.152	0.438	-0.150	0.438	-0.155
0.437	-0.155	0.437	-0.150	0.437	-0.150
0.436	-0.150	0.436	-0.155	0.436	-0.150
0.435	-0.156	0.435	-0.156	0.435	-0.153
0.434	-0.156	0.434	-0.156	0.434	-0.159
0.433	-0.156	0.433	-0.159	0.433	-0.159
0.432	-0.153	0.432	-0.156	0.432	-0.161
0.431	-0.153	0.431	-0.162	0.431	-0.156
0.430	-0.158	0.430	-0.153	0.430	-0.152
0.429	-0.155	0.429	-0.153	0.429	-0.159
0.428	-0.156	0.428	-0.156	0.428	-0.159
0.427	-0.161	0.427	-0.158	0.427	-0.158
0.426	-0.158	0.426	-0.159	0.426	-0.159
0.425	-0.162	0.425	-0.162	0.425	-0.156
0.424	-0.161	0.424	-0.159	0.424	-0.162
0.423	-0.159	0.423	-0.162	0.423	-0.162
0.422	-0.162	0.422	-0.164	0.422	-0.158
0.421	-0.161	0.421	-0.162	0.421	-0.161
0.420	-0.164	0.420	-0.161	0.420	-0.167
0.419	-0.158	0.419	-0.161	0.419	-0.161
0.418	-0.161	0.418	-0.161	0.418	-0.162
0.417	-0.161	0.417	-0.166	0.417	-0.162
0.416	-0.161	0.416	-0.161	0.416	-0.161
0.415	-0.167	0.415	-0.164	0.415	-0.159
0.414	-0.164	0.414	-0.164	0.414	-0.164
0.413	-0.162	0.413	-0.161	0.413	-0.166
0.412	-0.167	0.412	-0.164	0.412	-0.162
0.411	-0.159	0.411	-0.166	0.411	-0.161
0.410	-0.164	0.410	-0.167	0.410	-0.166
0.409	-0.167	0.409	-0.158	0.409	-0.162
0.408	-0.167	0.408	-0.164	0.408	-0.164
0.407	-0.162	0.407	-0.162	0.407	-0.166
0.406	-0.169	0.406	-0.164	0.406	-0.162
0.405	-0.169	0.405	-0.166	0.405	-0.161
0.404	-0.169	0.404	-0.167	0.404	-0.166
0.403	-0.175	0.403	-0.162	0.403	-0.164
0.402	-0.167	0.402	-0.164	0.402	-0.164
0.401	-0.172	0.401	-0.169	0.401	-0.164
0.400	-0.169	0.400	-0.167	0.400	-0.167
0.399	-0.170	0.399	-0.166	0.399	-0.164
0.398	-0.176	0.398	-0.169	0.398	-0.159
0.397	-0.170	0.397	-0.164	0.397	-0.162
0.396	-0.166	0.396	-0.169	0.396	-0.166
0.395	-0.170	0.395	-0.164	0.395	-0.169
0.394	-0.176	0.394	-0.170	0.394	-0.167
0.393	-0.170	0.393	-0.175	0.393	-0.169
0.392	-0.172	0.392	-0.162	0.392	-0.172
0.391	-0.172	0.391	-0.167	0.391	-0.164
0.390	-0.176	0.390	-0.167	0.390	-0.162
0.389	-0.172	0.389	-0.167	0.389	-0.167
0.388	-0.170	0.388	-0.166	0.388	-0.162
0.387	-0.173	0.387	-0.172	0.387	-0.162
0.386	-0.170	0.386	-0.172	0.386	-0.167
0.385	-0.172	0.385	-0.170	0.385	-0.167
0.384	-0.173	0.384	-0.170	0.384	-0.172
0.383	-0.178	0.383	-0.170	0.383	-0.170
0.382	-0.172	0.382	-0.175	0.382	-0.169
0.381	-0.164	0.381	-0.172	0.381	-0.164
0.380	-0.173	0.380	-0.170	0.380	-0.169
0.379	-0.176	0.379	-0.166	0.379	-0.169
0.378	-0.179	0.378	-0.176	0.378	-0.172
0.377	-0.176	0.377	-0.178	0.377	-0.169
0.376	-0.181	0.376	-0.173	0.376	-0.172
0.375	-0.184	0.375	-0.175	0.375	-0.166
0.374	-0.185	0.374	-0.179	0.374	-0.173
0.373	-0.179	0.373	-0.175	0.373	-0.175
0.372	-0.185	0.372	-0.182	0.372	-0.170
0.371	-0.184	0.371	-0.182	0.371	-0.176
0.370	-0.185	0.370	-0.176	0.370	-0.176
0.369	-0.187	0.369	-0.181	0.369	-0.179
0.368	-0.192	0.368	-0.184	0.368	-0.182
0.367	-0.182	0.367	-0.179	0.367	-0.179
0.366	-0.195	0.366	-0.185	0.366	-0.181
0.365	-0.192	0.365	-0.187	0.365	-0.182
0.364	-0.190	0.364	-0.187	0.364	-0.182
0.363	-0.198	0.363	-0.190	0.363	-0.184
0.362	-0.196	0.362	-0.185	0.362	-0.182
0.361	-0.199	0.361	-0.193	0.361	-0.189
0.360	-0.202	0.360	-0.195	0.360	-0.181
0.359	-0.202	0.359	-0.199	0.359	-0.187
0.358	-0.208	0.358	-0.195	0.358	-0.189
0.357	-0.205	0.357	-0.195	0.357	-0.195
0.356	-0.210	0.356	-0.202	0.356	-0.190
0.355	-0.213	0.355	-0.207	0.355	-0.202
0.354	-0.216	0.354	-0.205	0.354	-0.196
0.353	-0.219	0.353	-0.207	0.353	-0.205
0.352	-0.221	0.352	-0.218	0.352	-0.201
0.351	-0.227	0.351	-0.218	0.351	-0.205
0.350	-0.228	0.350	-0.218	0.350	-0.216
0.349	-0.231	0.349	-0.219	0.349	-0.213
0.348	-0.236	0.348	-0.225	0.348	-0.213
0.347	-0.236	0.347	-0.231	0.347	-0.225
0.346	-0.239	0.346	-0.238	0.346	-0.224
0.345	-0.247	0.345	-0.241	0.345	-0.225
0.344	-0.254	0.344	-0.241	0.344	-0.227
0.343	-0.258	0.343	-0.238	0.343	-0.235
0.342	-0.265	0.342	-0.251	0.342	-0.238
0.341	-0.264	0.341	-0.253	0.341	-0.236
0.340	-0.267	0.340	-0.261	0.340	-0.250
0.339	-0.268	0.339	-0.259	0.339	-0.251
0.338	-0.281	0.338	-0.267	0.338	-0.258
0.337	-0.288	0.337	-0.274	0.337	-0.258
0.336	-0.296	0.336	-0.281	0.336	-0.268
0.335	-0.301	0.335	-0.282	0.335	-0.270
0.334	-0.307	0.334	-0.287	0.334	-0.271
0.333	-0.308	0.333	-0.291	0.333	-0.281
0.332	-0.319	0.332	-0.301	0.332	-0.288
0.331	-0.328	0.331	-0.308	0.331	-0.294
0.330	-0.331	0.330	-0.319	0.330	-0.297
0.329	-0.340	0.329	-0.314	0.329	-0.305
0.328	-0.350	0.328	-0.328	0.328	-0.314
0.327	-0.359	0.327	-0.336	0.327	-0.310
0.326	-0.363	0.326	-0.343	0.326	-0.324
0.325	-0.371	0.325	-0.348	0.325	-0.333
0.324	-0.373	0.324	-0.353	0.324	-0.337
0.323	-0.393	0.323	-0.368	0.323	-0.350
0.322	-0.396	0.322	-0.371	0.322	-0.350
0.321	-0.403	0.321	-0.376	0.321	-0.354
0.320	-0.412	0.320	-0.385	0.320	-0.362
0.319	-0.419	0.319	-0.393	0.319	-0.373
0.318	-0.428	0.318	-0.397	0.318	-0.382
0.317	-0.434	0.317	-0.405	0.317	-0.382
0.316	-0.439	0.316	-0.409	0.316	-0.386
0.315	-0.451	0.315	-0.417	0.315	-0.397
0.314	-0.454	0.314	-0.417	0.314	-0.400
0.313	-0.454	0.313	-0.428	0.313	-0.397
0.312	-0.460	0.312	-0.434	0.312	-0.405
0.311	-0.469	0.311	-0.440	0.311	-0.409
0.310	-0.472	0.310	-0.448	0.310	-0.417
0.309	-0.472	0.309	-0.435	0.309	-0.416
0.308	-0.478	0.308	-0.451	0.308	-0.420
0.307	-0.478	0.307	-0.449	0.307	-0.420
0.306	-0.474	0.306	-0.443	0.306	-0.423
0.305	-0.481	0.305	-0.440	0.305	-0.419
0.304	-0.472	0.304	-0.435	0.304	-0.414
0.303	-0.469	0.303	-0.443	0.303	-0.417
0.302	-0.465	0.302	-0.440	0.302	-0.419
0.301	-0.463	0.301	-0.434	0.301	-0.412
0.300	-0.457	0.300	-0.432	0.300	-0.408
0.299	-0.457	0.299	-0.431	0.299	-0.411
0.298	-0.449	0.298	-0.425	0.298	-0.403
0.297	-0.448	0.297	-0.419	0.297	-0.397
0.296	-0.443	0.296	-0.428	0.296	-0.397
0.295	-0.435	0.295	-0.419	0.295	-0.394
0.294	-0.428	0.294	-0.416	0.294	-0.394
0.293	-0.426	0.293	-0.406	0.293	-0.388
0.292	-0.419	0.292	-0.405	0.292	-0.388
0.291	-0.420	0.291	-0.409	0.291	-0.388
0.290	-0.420	0.290	-0.402	0.290	-0.385
0.289	-0.409	0.289	-0.399	0.289	-0.380
0.288	-0.408	0.288	-0.399	0.288	-0.374
0.287	-0.412	0.287	-0.397	0.287	-0.377
0.286	-0.403	0.286	-0.402	0.286	-0.380
0.285	-0.409	0.285	-0.388	0.285	-0.374
0.284	-0.402	0.284	-0.391	0.284	-0.376
0.283	-0.400	0.283	-0.389	0.283	-0.374
0.282	-0.399	0.282	-0.385	0.282	-0.373
0.281	-0.396	0.281	-0.385	0.281	-0.374
0.280	-0.399	0.280	-0.383	0.280	-0.371
0.279	-0.393	0.279	-0.385	0.279	-0.368
0.278	-0.393	0.278	-0.379	0.278	-0.373
0.277	-0.393	0.277	-0.382	0.277	-0.370
0.276	-0.393	0.276	-0.383	0.276	-0.371
0.275	-0.397	0.275	-0.385	0.275	-0.377
0.274	-0.394	0.274	-0.380	0.274	-0.370
0.273	-0.385	0.273	-0.380	0.273	-0.366
0.272	-0.386	0.272	-0.379	0.272	-0.366
0.271	-0.388	0.271	-0.379	0.271	-0.368
0.270	-0.382	0.270	-0.376	0.270	-0.368
0.269	-0.380	0.269	-0.379	0.269	-0.365
0.268	-0.386	0.268	-0.376	0.268	-0.363
0.267	-0.388	0.267	-0.370	0.267	-0.365
0.266	-0.385	0.266	-0.377	0.266	-0.370
0.265	-0.383	0.265	-0.377	0.265	-0.370
0.264	-0.386	0.264	-0.373	0.264	-0.359
0.263	-0.383	0.263	-0.374	0.263	-0.368
0.262	-0.379	0.262	-0.371	0.262	-0.362
0.261	-0.380	0.261	-0.371	0.261	-0.360
0.260	-0.380	0.260	-0.370	0.260	-0.362
0.259	-0.388	0.259	-0.377	0.259	-0.368
0.258	-0.382	0.258	-0.376	0.258	-0.357
0.257	-0.377	0.257	-0.365	0.257	-0.359
0.256	-0.377	0.256	-0.368	0.256	-0.353
0.255	-0.376	0.255	-0.368	0.255	-0.363
0.254	-0.382	0.254	-0.366	0.254	-0.357
0.253	-0.379	0.253	-0.366	0.253	-0.351
0.252	-0.377	0.252	-0.371	0.252	-0.359
0.251	-0.374	0.251	-0.365	0.251	-0.362
0.250	-0.376	0.250	-0.368	0.250	-0.360
0.249	-0.379	0.249	-0.362	0.249	-0.359
0.248	-0.370	0.248	-0.365	0.248	-0.356
0.247	-0.376	0.247	-0.368	0.247	-0.357
0.246	-0.377	0.246	-0.368	0.246	-0.354
0.245	-0.380	0.245	-0.363	0.245	-0.360
0.244	-0.377	0.244	-0.366	0.244	-0.354
0.243	-0.383	0.243	-0.366	0.243	-0.362
0.242	-0.376	0.242	-0.368	0.242	-0.357
0.241	-0.379	0.241	-0.366	0.241	-0.359
0.240	-0.383	0.240	-0.366	0.240	-0.366
0.239	-0.385	0.239	-0.370	0.239	-0.368
0.238	-0.386	0.238	-0.373	0.238	-0.371
0.237	-0.386	0.237	-0.374	0.237	-0.368
0.236	-0.393	0.236	-0.377	0.236	-0.368
0.235	-0.393	0.235	-0.377	0.235	-0.379
0.234	-0.396	0.234	-0.389	0.234	-0.374
0.233	-0.399	0.233	-0.386	0.233	-0.377
0.232	-0.403	0.232	-0.393	0.232	-0.386
0.231	-0.409	0.231	-0.400	0.231	-0.391
0.230	-0.414	0.230	-0.405	0.230	-0.394
0.229	-0.419	0.229	-0.403	0.229	-0.396
0.228	-0.425	0.228	-0.412	0.228	-0.400
0.227	-0.435	0.227	-0.416	0.227	-0.408
0.226	-0.432	0.226	-0.423	0.226	-0.403
0.225	-0.439	0.225	-0.426	0.225	-0.416
0.224	-0.446	0.224	-0.431	0.224	-0.423
0.223	-0.451	0.223	-0.437	0.223	-0.425
0.222	-0.463	0.222	-0.451	0.222	-0.432
0.221	-0.463	0.221	-0.458	0.221	-0.440
0.220	-0.471	0.220	-0.457	0.220	-0.449
0.219	-0.485	0.219	-0.465	0.219	-0.455
0.218	-0.491	0.218	-0.475	0.218	-0.462
0.217	-0.497	0.217	-0.478	0.217	-0.469
0.216	-0.504	0.216	-0.488	0.216	-0.472
0.215	-0.515	0.215	-0.495	0.215	-0.481
0.214	-0.524	0.214	-0.498	0.214	-0.494
0.213	-0.529	0.213	-0.514	0.213	-0.498
0.212	-0.538	0.212	-0.521	0.212	-0.504
0.211	-0.550	0.211	-0.532	0.211	-0.514
0.210	-0.549	0.210	-0.529	0.210	-0.520
0.209	-0.563	0.209	-0.541	0.209	-0.517
0.208	-0.560	0.208	-0.549	0.208	-0.529
0.207	-0.574	0.207	-0.557	0.207	-0.538
0.206	-0.580	0.206	-0.558	0.206	-0.541
0.205	-0.586	0.205	-0.566	0.205	-0.543
0.204	-0.590	0.204	-0.567	0.204	-0.549
0.203	-0.600	0.203	-0.578	0.203	-0.563
0.202	-0.601	0.202	-0.580	0.202	-0.569
0.201	-0.598	0.201	-0.584	0.201	-0.566
0.200	-0.607	0.200	-0.589	0.200	-0.570
0.199	-0.623	0.199	-0.600	0.199	-0.580
0.198	-0.616	0.198	-0.601	0.198	-0.581
0.197	-0.624	0.197	-0.604	0.197	-0.586
0.196	-0.623	0.196	-0.606	0.196	-0.586
0.195	-0.638	0.195	-0.618	0.195	-0.597
0.194	-0.641	0.194	-0.623	0.194	-0.601
0.193	-0.644	0.193	-0.615	0.193	-0.600
0.192	-0.646	0.192	-0.623	0.192	-0.600
0.191	-0.650	0.191	-0.624	0.191	-0.604
0.190	-0.641	0.190	-0.623	0.190	-0.607
0.189	-0.646	0.189	-0.626	0.189	-0.607
0.188	-0.655	0.188	-0.635	0.188	-0.615
0.187	-0.662	0.187	-0.629	0.187	-0.610
0.186	-0.661	0.186	-0.641	0.186	-0.615
0.185	-0.664	0.185	-0.635	0.185	-0.615
0.184	-0.658	0.184	-0.635	0.184	-0.618
0.183	-0.666	0.183	-0.638	0.183	-0.612
0.182	-0.662	0.182	-0.639	0.182	-0.615
0.181	-0.670	0.181	-0.635	0.181	-0.615
0.180	-0.672	0.180	-0.643	0.180	-0.623
0.179	-0.673	0.179	-0.641	0.179	-0.623
0.178	-0.675	0.178	-0.644	0.178	-0.618
0.177	-0.656	0.177	-0.649	0.177	-0.618
0.176	-0.670	0.176	-0.646	0.176	-0.620
0.175	-0.667	0.175	-0.647	0.175	-0.623
0.174	-0.679	0.174	-0.647	0.174	-0.627
0.173	-0.675	0.173	-0.646	0.173	-0.626
0.172	-0.670	0.172	-0.649	0.172	-0.624
0.171	-0.679	0.171	-0.650	0.171	-0.623
0.170	-0.678	0.170	-0.646	0.170	-0.623
0.169	-0.676	0.169	-0.644	0.169	-0.629
0.168	-0.676	0.168	-0.650	0.168	-0.624
0.167	-0.675	0.167	-0.652	0.167	-0.630
0.166	-0.687	0.166	-0.647	0.166	-0.626
0.165	-0.676	0.165	-0.652	0.165	-0.630
0.164	-0.682	0.164	-0.664	0.164	-0.639
0.163	-0.682	0.163	-0.666	0.163	-0.636
0.162	-0.679	0.162	-0.659	0.162	-0.635
0.161	-0.689	0.161	-0.662	0.161	-0.639
0.160	-0.690	0.160	-0.662	0.160	-0.643
0.159	-0.696	0.159	-0.667	0.159	-0.646
0.158	-0.693	0.158	-0.664	0.158	-0.650
0.157	-0.695	0.157	-0.669	0.157	-0.650
0.156	-0.698	0.156	-0.673	0.156	-0.656
0.155	-0.710	0.155	-0.682	0.155	-0.670
0.154	-0.708	0.154	-0.681	0.154	-0.659
0.153	-0.708	0.153	-0.690	0.153	-0.661
0.152	-0.718	0.152	-0.690	0.152	-0.670
0.151	-0.724	0.151	-0.696	0.151	-0.679
0.150	-0.728	0.150	-0.704	0.150	-0.676
0.149	-0.727	0.149	-0.713	0.149	-0.682
0.148	-0.741	0.148	-0.712	0.148	-0.693
0.147	-0.745	0.147	-0.722	0.147	-0.699
0.146	-0.750	0.146	-0.725	0.146	-0.704
0.145	-0.750	0.145	-0.722	0.145	-0.702
0.144	-0.762	0.144	-0.739	0.144	-0.718
0.143	-0.770	0.143	-0.742	0.143	-0.718
0.142	-0.770	0.142	-0.747	0.142	-0.725
0.141	-0.782	0.141	-0.756	0.141	-0.735
0.140	-0.790	0.140	-0.758	0.140	-0.731
0.139	-0.799	0.139	-0.770	0.139	-0.750
0.138	-0.800	0.138	-0.774	0.138	-0.754
0.137	-0.805	0.137	-0.777	0.137	-0.756
0.136	-0.823	0.136	-0.787	0.136	-0.767
0.135	-0.827	0.135	-0.797	0.135	-0.777
0.134	-0.830	0.134	-0.802	0.134	-0.777
0.133	-0.837	0.133	-0.810	0.133	-0.794
0.132	-0.848	0.132	-0.817	0.132	-0.791
0.131	-0.866	0.131	-0.846	0.131	-0.817
0.130	-0.866	0.130	-0.834	0.130	-0.813
0.129	-0.874	0.129	-0.843	0.129	-0.822
0.128	-0.880	0.128	-0.853	0.128	-0.825
0.127	-0.888	0.127	-0.865	0.127	-0.839
0.126	-0.899	0.126	-0.871	0.126	-0.843
0.125	-0.903	0.125	-0.874	0.125	-0.857
0.124	-0.917	0.124	-0.885	0.124	-0.860
0.123	-0.923	0.123	-0.897	0.123	-0.873
0.122	-0.931	0.122	-0.899	0.122	-0.883
0.121	-0.939	0.121	-0.912	0.121	-0.886
0.120	-0.943	0.120	-0.914	0.120	-0.902
0.119	-0.958	0.119	-0.934	0.119	-0.906
0.118	-0.969	0.118	-0.945	0.118	-0.914
0.117	-0.966	0.117	-0.948	0.117	-0.925
0.116	-0.989	0.116	-0.958	0.116	-0.931
0.115	-1.004	0.115	-0.980	0.115	-0.946
0.114	-1.009	0.114	-0.975	0.114	-0.952
0.113	-1.021	0.113	-0.986	0.113	-0.968
0.112	-1.018	0.112	-0.989	0.112	-0.969
0.111	-1.035	0.111	-1.006	0.111	-0.981
0.110	-1.043	0.110	-1.014	0.110	-0.991
0.109	-1.055	0.109	-1.031	0.109	-0.998
0.108	-1.063	0.108	-1.034	0.108	-1.006
0.107	-1.080	0.107	-1.055	0.107	-1.021
0.106	-1.084	0.106	-1.052	0.106	-1.027
0.105	-1.092	0.105	-1.060	0.105	-1.038
0.104	-1.098	0.104	-1.066	0.104	-1.046
0.103	-1.110	0.103	-1.087	0.103	-1.063
0.102	-1.120	0.102	-1.087	0.102	-1.069
0.101	-1.129	0.101	-1.098	0.101	-1.070
