E /V	I /uA	E /V	I /uA	E /V	I /uA	E /V	I /uA	E /V	I /uA	E /V	I /uA
0.100	-0.127	0.100	-0.916	0.100	-0.912	0.100	-0.902	0.100	-0.891	0.100	-0.877
0.099	-0.354	0.099	-0.929	0.099	-0.923	0.099	-0.916	0.099	-0.906	0.099	-0.893
0.098	-0.520	0.098	-0.925	0.098	-0.926	0.098	-0.917	0.098	-0.905	0.098	-0.893
0.097	-0.639	0.097	-0.932	0.097	-0.931	0.097	-0.919	0.097	-0.912	0.097	-0.897
0.096	-0.724	0.096	-0.943	0.096	-0.945	0.096	-0.928	0.096	-0.923	0.096	-0.909
0.095	-0.784	0.095	-0.955	0.095	-0.949	0.095	-0.955	0.095	-0.934	0.095	-0.920
0.094	-0.823	0.094	-0.966	0.094	-0.966	0.094	-0.948	0.094	-0.939	0.094	-0.923
0.093	-0.848	0.093	-0.975	0.093	-0.975	0.093	-0.960	0.093	-0.948	0.093	-0.935
0.092	-0.879	0.092	-0.985	0.092	-0.977	0.092	-0.966	0.092	-0.960	0.092	-0.948
0.091	-0.905	0.091	-0.988	0.091	-0.995	0.091	-0.983	0.091	-0.974	0.091	-0.960
0.090	-0.919	0.090	-1.000	0.090	-0.991	0.090	-0.981	0.090	-0.974	0.090	-0.966
0.089	-0.934	0.089	-1.006	0.089	-0.994	0.089	-0.997	0.089	-0.981	0.089	-0.966
0.088	-0.943	0.088	-1.015	0.088	-1.020	0.088	-0.995	0.088	-0.991	0.088	-0.978
0.087	-0.957	0.087	-1.020	0.087	-1.023	0.087	-1.009	0.087	-0.992	0.087	-0.983
0.086	-0.966	0.086	-1.027	0.086	-1.024	0.086	-1.020	0.086	-1.003	0.086	-0.992
0.085	-0.971	0.085	-1.044	0.085	-1.034	0.085	-1.024	0.085	-1.009	0.085	-1.001
0.084	-0.983	0.084	-1.054	0.084	-1.047	0.084	-1.032	0.084	-1.026	0.084	-1.004
0.083	-1.003	0.083	-1.078	0.083	-1.072	0.083	-1.054	0.083	-1.041	0.083	-1.031
0.082	-1.006	0.082	-1.066	0.082	-1.050	0.082	-1.047	0.082	-1.037	0.082	-1.029
0.081	-1.014	0.081	-1.078	0.081	-1.060	0.081	-1.060	0.081	-1.044	0.081	-1.034
0.080	-1.020	0.080	-1.083	0.080	-1.081	0.080	-1.067	0.080	-1.047	0.080	-1.034
0.079	-1.035	0.079	-1.089	0.079	-1.095	0.079	-1.072	0.079	-1.064		
0.078	-1.038	0.078	-1.100	0.078	-1.092	0.078	-1.069	0.078	-1.058		
0.077	-1.049	0.077	-1.103	0.077	-1.092	0.077	-1.083	0.077	-1.066		
0.076	-1.060	0.076	-1.112	0.076	-1.110	0.076	-1.093	0.076	-1.081		
0.075	-1.069	0.075	-1.116	0.075	-1.126	0.075	-1.109	0.075	-1.095		
0.074	-1.070	0.074	-1.132	0.074	-1.118	0.074	-1.116	0.074	-1.090		
0.073	-1.064	0.073	-1.133	0.073	-1.121	0.073	-1.110	0.073	-1.103		
0.072	-1.086	0.072	-1.139	0.072	-1.129	0.072	-1.124	0.072	-1.115		
0.071	-1.098	0.071	-1.156	0.071	-1.136	0.071	-1.127	0.071	-1.129		
0.070	-1.103	0.070	-1.155	0.070	-1.143	0.070	-1.141	0.070	-1.121		
0.069	-1.106	0.069	-1.167	0.069	-1.153	0.069	-1.144	0.069	-1.129		
0.068	-1.116	0.068	-1.172	0.068	-1.155	0.068	-1.152	0.068	-1.135		
0.067	-1.147	0.067	-1.201	0.067	-1.192	0.067	-1.173	0.067	-1.166		
0.066	-1.138	0.066	-1.190	0.066	-1.175	0.066	-1.166	0.066	-1.156		
0.065	-1.144	0.065	-1.189	0.065	-1.182	0.065	-1.164	0.065	-1.155		
0.064	-1.144	0.064	-1.189	0.064	-1.185	0.064	-1.178	0.064	-1.161		
0.063	-1.156	0.063	-1.202	0.063	-1.196	0.063	-1.176	0.063	-1.166		
0.062	-1.156	0.062	-1.201	0.062	-1.195	0.062	-1.187	0.062	-1.170		
0.061	-1.167	0.061	-1.216	0.061	-1.199	0.061	-1.187	0.061	-1.176		
0.060	-1.173	0.060	-1.221	0.060	-1.213	0.060	-1.196	0.060	-1.187		
0.059	-1.192	0.059	-1.233	0.059	-1.222	0.059	-1.212	0.059	-1.198		
0.058	-1.184	0.058	-1.221	0.058	-1.216	0.058	-1.210	0.058	-1.195		
0.057	-1.192	0.057	-1.238	0.057	-1.227	0.057	-1.216	0.057	-1.198		
0.056	-1.198	0.056	-1.239	0.056	-1.231	0.056	-1.218	0.056	-1.207		
0.055	-1.196	0.055	-1.250	0.055	-1.238	0.055	-1.228	0.055	-1.218		
0.054	-1.213	0.054	-1.256	0.054	-1.244	0.054	-1.230	0.054	-1.212		
0.053	-1.213	0.053	-1.258	0.053	-1.250	0.053	-1.236	0.053	-1.215		
0.052	-1.216	0.052	-1.262	0.052	-1.254	0.052	-1.239	0.052	-1.231		
0.051	-1.241	0.051	-1.277	0.051	-1.273	0.051	-1.261	0.051	-1.242		
0.050	-1.239	0.050	-1.277	0.050	-1.268	0.050	-1.259	0.050	-1.236		
0.049	-1.244	0.049	-1.277	0.049	-1.264	0.049	-1.256	0.049	-1.242		
0.048	-1.244	0.048	-1.288	0.048	-1.276	0.048	-1.254	0.048	-1.248		
0.047	-1.253	0.047	-1.291	0.047	-1.282	0.047	-1.265	0.047	-1.251		
0.046	-1.256	0.046	-1.294	0.046	-1.276	0.046	-1.267	0.046	-1.253		
0.045	-1.265	0.045	-1.297	0.045	-1.281	0.045	-1.277	0.045	-1.261		
0.044	-1.265	0.044	-1.311	0.044	-1.297	0.044	-1.281	0.044	-1.264		
0.043	-1.277	0.043	-1.317	0.043	-1.293	0.043	-1.290	0.043	-1.279		
0.042	-1.277	0.042	-1.302	0.042	-1.300	0.042	-1.285	0.042	-1.271		
0.041	-1.281	0.041	-1.319	0.041	-1.307	0.041	-1.291	0.041	-1.282		
0.040	-1.284	0.040	-1.323	0.040	-1.314	0.040	-1.296	0.040	-1.279		
0.039	-1.296	0.039	-1.330	0.039	-1.317	0.039	-1.299	0.039	-1.287		
0.038	-1.296	0.038	-1.330	0.038	-1.314	0.038	-1.296	0.038	-1.284		
0.037	-1.302	0.037	-1.325	0.037	-1.320	0.037	-1.307	0.037	-1.300		
0.036	-1.308	0.036	-1.334	0.036	-1.330	0.036	-1.305	0.036	-1.293		
0.035	-1.322	0.035	-1.353	0.035	-1.342	0.035	-1.328	0.035	-1.308		
0.034	-1.307	0.034	-1.342	0.034	-1.327	0.034	-1.313	0.034	-1.300		
0.033	-1.317	0.033	-1.343	0.033	-1.336	0.033	-1.322	0.033	-1.299		
0.032	-1.316	0.032	-1.350	0.032	-1.330	0.032	-1.320	0.032	-1.300		
0.031	-1.327	0.031	-1.354	0.031	-1.342	0.031	-1.327	0.031	-1.307		
0.030	-1.320	0.030	-1.356	0.030	-1.340	0.030	-1.328	0.030	-1.314		
0.029	-1.333	0.029	-1.359	0.029	-1.340	0.029	-1.333	0.029	-1.320		
0.028	-1.340	0.028	-1.368	0.028	-1.351	0.028	-1.334	0.028	-1.323		
0.027	-1.350	0.027	-1.371	0.027	-1.360	0.027	-1.345	0.027	-1.336		
0.026	-1.340	0.026	-1.371	0.026	-1.359	0.026	-1.340	0.026	-1.330		
0.025	-1.346	0.025	-1.368	0.025	-1.359	0.025	-1.343	0.025	-1.328		
0.024	-1.346	0.024	-1.379	0.024	-1.365	0.024	-1.353	0.024	-1.331		
0.023	-1.357	0.023	-1.386	0.023	-1.374	0.023	-1.353	0.023	-1.339		
0.022	-1.357	0.022	-1.383	0.022	-1.368	0.022	-1.356	0.022	-1.336		
0.021	-1.363	0.021	-1.383	0.021	-1.366	0.021	-1.357	0.021	-1.343		
0.020	-1.365	0.020	-1.388	0.020	-1.380	0.020	-1.357	0.020	-1.340		
0.019	-1.383	0.019	-1.408	0.019	-1.392	0.019	-1.382	0.019	-1.377		
0.018	-1.368	0.018	-1.397	0.018	-1.383	0.018	-1.363	0.018	-1.353		
0.017	-1.368	0.017	-1.394	0.017	-1.382	0.017	-1.362	0.017	-1.353		
0.016	-1.373	0.016	-1.391	0.016	-1.380	0.016	-1.368	0.016	-1.354		
0.015	-1.388	0.015	-1.402	0.015	-1.391	0.015	-1.366	0.015	-1.366		
0.014	-1.383	0.014	-1.405	0.014	-1.386	0.014	-1.371	0.014	-1.366		
0.013	-1.382	0.013	-1.411	0.013	-1.394	0.013	-1.382	0.013	-1.365		
0.012	-1.386	0.012	-1.414	0.012	-1.399	0.012	-1.382	0.012	-1.366		
0.011	-1.400	0.011	-1.426	0.011	-1.409	0.011	-1.389	0.011	-1.382		
0.010	-1.394	0.010	-1.417	0.010	-1.405	0.010	-1.388	0.010	-1.362		
0.009	-1.399	0.009	-1.420	0.009	-1.406	0.009	-1.388	0.009	-1.377		
0.008	-1.391	0.008	-1.420	0.008	-1.412	0.008	-1.391	0.008	-1.376		
0.007	-1.400	0.007	-1.431	0.007	-1.417	0.007	-1.400	0.007	-1.382		
0.006	-1.412	0.006	-1.423	0.006	-1.409	0.006	-1.396	0.006	-1.382		
0.005	-1.405	0.005	-1.426	0.005	-1.411	0.005	-1.399	0.005	-1.382		
0.004	-1.411	0.004	-1.429	0.004	-1.420	0.004	-1.400	0.004	-1.389		
0.003	-1.451	0.003	-1.466	0.003	-1.449	0.003	-1.440	0.003	-1.420		
0.002	-1.416	0.002	-1.432	0.002	-1.420	0.002	-1.403	0.002	-1.388		
0.001	-1.414	0.001	-1.434	0.001	-1.417	0.001	-1.402	0.001	-1.394		
0.000	-1.420	0.000	-1.437	0.000	-1.419	0.000	-1.406	0.000	-1.386		
-0.001	-1.425	-0.001	-1.445	-0.001	-1.428	-0.001	-1.417	-0.001	-1.397		
-0.002	-1.425	-0.002	-1.439	-0.002	-1.429	-0.002	-1.412	-0.002	-1.399		
-0.003	-1.434	-0.003	-1.446	-0.003	-1.434	-0.003	-1.412	-0.003	-1.394		
-0.004	-1.437	-0.004	-1.452	-0.004	-1.443	-0.004	-1.419	-0.004	-1.405		
-0.005	-1.443	-0.005	-1.466	-0.005	-1.443	-0.005	-1.434	-0.005	-1.419		
-0.006	-1.446	-0.006	-1.469	-0.006	-1.443	-0.006	-1.426	-0.006	-1.411		
-0.007	-1.443	-0.007	-1.469	-0.007	-1.446	-0.007	-1.432	-0.007	-1.416		
-0.008	-1.451	-0.008	-1.465	-0.008	-1.449	-0.008	-1.429	-0.008	-1.426		
-0.009	-1.457	-0.009	-1.478	-0.009	-1.455	-0.009	-1.448	-0.009	-1.428		
-0.010	-1.144	-0.010	-1.162	-0.010	-1.147	-0.010	-1.135	-0.010	-1.126		
-0.009	-0.504	-0.009	-0.523	-0.009	-0.515	-0.009	-0.506	-0.009	-0.498		
-0.008	-0.011	-0.008	-0.038	-0.008	-0.038	-0.008	-0.043	-0.008	-0.032		
-0.007	0.353	-0.007	0.319	-0.007	0.310	-0.007	0.302	-0.007	0.302		
-0.006	0.587	-0.006	0.552	-0.006	0.545	-0.006	0.535	-0.006	0.515		
-0.005	0.770	-0.005	0.730	-0.005	0.718	-0.005	0.709	-0.005	0.703		
-0.004	0.871	-0.004	0.837	-0.004	0.821	-0.004	0.808	-0.004	0.801		
-0.003	0.962	-0.003	0.922	-0.003	0.896	-0.003	0.888	-0.003	0.877		
-0.002	1.011	-0.002	0.974	-0.002	0.954	-0.002	0.940	-0.002	0.923		
-0.001	1.064	-0.001	1.015	-0.001	0.997	-0.001	0.989	-0.001	0.974		
0.000	1.086	0.000	1.038	0.000	1.018	0.000	1.011	0.000	0.994		
0.001	1.110	0.001	1.066	0.001	1.046	0.001	1.034	0.001	1.023		
0.002	1.127	0.002	1.081	0.002	1.064	0.002	1.049	0.002	1.037		
0.003	1.173	0.003	1.124	0.003	1.103	0.003	1.095	0.003	1.080		
0.004	1.152	0.004	1.106	0.004	1.087	0.004	1.071	0.004	1.063		
0.005	1.164	0.005	1.126	0.005	1.097	0.005	1.086	0.005	1.072		
0.006	1.167	0.006	1.124	0.006	1.107	0.006	1.097	0.006	1.077		
0.007	1.187	0.007	1.135	0.007	1.124	0.007	1.114	0.007	1.091		
0.008	1.186	0.008	1.146	0.008	1.114	0.008	1.107	0.008	1.098		
0.009	1.195	0.009	1.152	0.009	1.135	0.009	1.114	0.009	1.104		
0.010	1.193	0.010	1.147	0.010	1.129	0.010	1.115	0.010	1.104		
0.011	1.215	0.011	1.172	0.011	1.150	0.011	1.137	0.011	1.121		
0.012	1.209	0.012	1.161	0.012	1.147	0.012	1.126	0.012	1.114		
0.013	1.218	0.013	1.169	0.013	1.150	0.013	1.137	0.013	1.121		
0.014	1.216	0.014	1.170	0.014	1.147	0.014	1.133	0.014	1.126		
0.015	1.229	0.015	1.181	0.015	1.158	0.015	1.152	0.015	1.138		
0.016	1.216	0.016	1.172	0.016	1.158	0.016	1.138	0.016	1.120		
0.017	1.230	0.017	1.184	0.017	1.161	0.017	1.149	0.017	1.140		
0.018	1.222	0.018	1.183	0.018	1.161	0.018	1.150	0.018	1.127		
0.019	1.242	0.019	1.201	0.019	1.186	0.019	1.170	0.019	1.161		
0.020	1.235	0.020	1.187	0.020	1.172	0.020	1.158	0.020	1.144		
0.021	1.242	0.021	1.193	0.021	1.183	0.021	1.157	0.021	1.152		
0.022	1.230	0.022	1.192	0.022	1.172	0.022	1.163	0.022	1.140		
0.023	1.244	0.023	1.201	0.023	1.180	0.023	1.166	0.023	1.153		
0.024	1.235	0.024	1.193	0.024	1.175	0.024	1.170	0.024	1.146		
0.025	1.252	0.025	1.199	0.025	1.178	0.025	1.163	0.025	1.143		
0.026	1.233	0.026	1.190	0.026	1.176	0.026	1.164	0.026	1.150		
0.027	1.252	0.027	1.212	0.027	1.190	0.027	1.173	0.027	1.158		
0.028	1.236	0.028	1.201	0.028	1.186	0.028	1.166	0.028	1.152		
0.029	1.253	0.029	1.203	0.029	1.189	0.029	1.163	0.029	1.152		
0.030	1.233	0.030	1.198	0.030	1.181	0.030	1.164	0.030	1.141		
0.031	1.255	0.031	1.210	0.031	1.186	0.031	1.167	0.031	1.163		
0.032	1.244	0.032	1.206	0.032	1.183	0.032	1.172	0.032	1.144		
0.033	1.241	0.033	1.199	0.033	1.183	0.033	1.166	0.033	1.152		
0.034	1.239	0.034	1.198	0.034	1.181	0.034	1.166	0.034	1.149		
0.035	1.258	0.035	1.221	0.035	1.199	0.035	1.176	0.035	1.163		
0.036	1.245	0.036	1.199	0.036	1.172	0.036	1.161	0.036	1.150		
0.037	1.239	0.037	1.199	0.037	1.176	0.037	1.163	0.037	1.144		
0.038	1.235	0.038	1.196	0.038	1.180	0.038	1.155	0.038	1.140		
0.039	1.247	0.039	1.206	0.039	1.184	0.039	1.166	0.039	1.150		
0.040	1.236	0.040	1.189	0.040	1.173	0.040	1.153	0.040	1.138		
0.041	1.238	0.041	1.199	0.041	1.180	0.041	1.163	0.041	1.152		
0.042	1.232	0.042	1.190	0.042	1.166	0.042	1.160	0.042	1.140		
0.043	1.241	0.043	1.195	0.043	1.181	0.043	1.166	0.043	1.149		
0.044	1.233	0.044	1.190	0.044	1.172	0.044	1.158	0.044	1.132		
0.045	1.235	0.045	1.189	0.045	1.166	0.045	1.152	0.045	1.147		
0.046	1.222	0.046	1.186	0.046	1.167	0.046	1.141	0.046	1.127		
0.047	1.229	0.047	1.192	0.047	1.172	0.047	1.149	0.047	1.141		
0.048	1.216	0.048	1.178	0.048	1.160	0.048	1.149	0.048	1.129		
0.049	1.219	0.049	1.176	0.049	1.160	0.049	1.150	0.049	1.130		
0.050	1.207	0.050	1.176	0.050	1.158	0.050	1.137	0.050	1.130		
0.051	1.224	0.051	1.199	0.051	1.167	0.051	1.150	0.051	1.135		
0.052	1.207	0.052	1.169	0.052	1.155	0.052	1.140	0.052	1.120		
0.053	1.210	0.053	1.175	0.053	1.152	0.053	1.135	0.053	1.126		
0.054	1.201	0.054	1.158	0.054	1.140	0.054	1.123	0.054	1.117		
0.055	1.201	0.055	1.178	0.055	1.143	0.055	1.130	0.055	1.115		
0.056	1.189	0.056	1.161	0.056	1.133	0.056	1.118	0.056	1.110		
0.057	1.186	0.057	1.153	0.057	1.132	0.057	1.123	0.057	1.101		
0.058	1.180	0.058	1.141	0.058	1.126	0.058	1.110	0.058	1.101		
0.059	1.193	0.059	1.158	0.059	1.137	0.059	1.121	0.059	1.101		
0.060	1.176	0.060	1.144	0.060	1.120	0.060	1.103	0.060	1.087		
0.061	1.175	0.061	1.146	0.061	1.120	0.061	1.104	0.061	1.087		
0.062	1.169	0.062	1.130	0.062	1.117	0.062	1.094	0.062	1.080		
0.063	1.170	0.063	1.140	0.063	1.117	0.063	1.103	0.063	1.083		
0.064	1.157	0.064	1.123	0.064	1.103	0.064	1.092	0.064	1.069		
0.065	1.157	0.065	1.121	0.065	1.100	0.065	1.092	0.065	1.072		
0.066	1.147	0.066	1.106	0.066	1.092	0.066	1.077	0.066	1.063		
0.067	1.166	0.067	1.132	0.067	1.117	0.067	1.094	0.067	1.077		
0.068	1.144	0.068	1.104	0.068	1.098	0.068	1.072	0.068	1.057		
0.069	1.140	0.069	1.104	0.069	1.081	0.069	1.072	0.069	1.057		
0.070	1.126	0.070	1.086	0.070	1.072	0.070	1.054	0.070	1.048		
0.071	1.130	0.071	1.091	0.071	1.078	0.071	1.061	0.071	1.046		
0.072	1.117	0.072	1.078	0.072	1.066	0.072	1.051	0.072	1.031		
0.073	1.118	0.073	1.080	0.073	1.063	0.073	1.045	0.073	1.035		
0.074	1.101	0.074	1.074	0.074	1.048	0.074	1.037	0.074	1.020		
0.075	1.117	0.075	1.074	0.075	1.061	0.075	1.041	0.075	1.028		
0.076	1.089	0.076	1.058	0.076	1.040	0.076	1.022	0.076	1.011		
0.077	1.089	0.077	1.058	0.077	1.038	0.077	1.023	0.077	1.015		
0.078	1.078	0.078	1.043	0.078	1.025	0.078	1.015	0.078	0.995		
0.079	1.077	0.079	1.049	0.079	1.028	0.079	1.014	0.079	0.999		
0.080	1.064	0.080	1.032	0.080	1.020	0.080	1.005	0.080	0.982		
0.081	1.058	0.081	1.037	0.081	1.020	0.081	0.997	0.081	0.982		
0.082	1.048	0.082	1.017	0.082	0.999	0.082	0.995	0.082	0.979		
0.083	1.060	0.083	1.026	0.083	1.011	0.083	0.992	0.083	0.989		
0.084	1.038	0.084	1.011	0.084	0.989	0.084	0.979	0.084	0.962		
0.085	1.031	0.085	1.005	0.085	0.994	0.085	0.969	0.085	0.959		
0.086	1.023	0.086	0.991	0.086	0.971	0.086	0.963	0.086	0.949		
0.087	1.022	0.087	0.989	0.087	0.974	0.087	0.959	0.087	0.934		
0.088	1.003	0.088	0.980	0.088	0.966	0.088	0.948	0.088	0.936		
0.089	1.000	0.089	0.977	0.089	0.959	0.089	0.942	0.089	0.933		
0.090	0.989	0.090	0.966	0.090	0.948	0.090	0.934	0.090	0.919		
0.091	1.000	0.091	0.966	0.091	0.949	0.091	0.930	0.091	0.923		
0.092	0.980	0.092	0.949	0.092	0.933	0.092	0.925	0.092	0.900		
0.093	0.979	0.093	0.940	0.093	0.925	0.093	0.910	0.093	0.899		
0.094	0.969	0.094	0.934	0.094	0.917	0.094	0.902	0.094	0.890		
0.095	0.957	0.095	0.930	0.095	0.911	0.095	0.896	0.095	0.888		
0.096	0.945	0.096	0.914	0.096	0.911	0.096	0.890	0.096	0.870		
0.097	0.940	0.097	0.910	0.097	0.897	0.097	0.880	0.097	0.870		
0.098	0.931	0.098	0.902	0.098	0.883	0.098	0.877	0.098	0.857		
0.099	0.928	0.099	0.905	0.099	0.888	0.099	0.876	0.099	0.860		
0.100	0.914	0.100	0.883	0.100	0.865	0.100	0.854	0.100	0.842		
0.101	0.900	0.101	0.879	0.101	0.859	0.101	0.851	0.101	0.834		
0.102	0.899	0.102	0.876	0.102	0.853	0.102	0.831	0.102	0.827		
0.103	0.891	0.103	0.864	0.103	0.848	0.103	0.834	0.103	0.830		
0.104	0.880	0.104	0.850	0.104	0.833	0.104	0.824	0.104	0.811		
0.105	0.865	0.105	0.854	0.105	0.828	0.105	0.819	0.105	0.804		
0.106	0.865	0.106	0.830	0.106	0.818	0.106	0.802	0.106	0.791		
0.107	0.860	0.107	0.836	0.107	0.814	0.107	0.807	0.107	0.790		
0.108	0.839	0.108	0.811	0.108	0.799	0.108	0.788	0.108	0.775		
0.109	0.834	0.109	0.813	0.109	0.791	0.109	0.785	0.109	0.770		
0.110	0.827	0.110	0.798	0.110	0.785	0.110	0.775	0.110	0.756		
0.111	0.824	0.111	0.796	0.111	0.782	0.111	0.770	0.111	0.759		
0.112	0.802	0.112	0.782	0.112	0.765	0.112	0.755	0.112	0.744		
0.113	0.801	0.113	0.775	0.113	0.759	0.113	0.750	0.113	0.739		
0.114	0.788	0.114	0.767	0.114	0.753	0.114	0.739	0.114	0.726		
0.115	0.788	0.115	0.768	0.115	0.750	0.115	0.747	0.115	0.730		
0.116	0.773	0.116	0.750	0.116	0.732	0.116	0.716	0.116	0.709		
0.117	0.762	0.117	0.742	0.117	0.719	0.117	0.713	0.117	0.698		
0.118	0.745	0.118	0.726	0.118	0.718	0.118	0.701	0.118	0.696		
0.119	0.747	0.119	0.732	0.119	0.713	0.119	0.701	0.119	0.684		
0.120	0.733	0.120	0.707	0.120	0.696	0.120	0.683	0.120	0.673		
0.121	0.727	0.121	0.699	0.121	0.690	0.121	0.676	0.121	0.667		
0.122	0.718	0.122	0.696	0.122	0.681	0.122	0.669	0.122	0.661		
0.123	0.713	0.123	0.693	0.123	0.680	0.123	0.667	0.123	0.660		
0.124	0.693	0.124	0.687	0.124	0.664	0.124	0.647	0.124	0.644		
0.125	0.703	0.125	0.670	0.125	0.653	0.125	0.646	0.125	0.638		
0.126	0.676	0.126	0.663	0.126	0.644	0.126	0.637	0.126	0.621		
0.127	0.672	0.127	0.649	0.127	0.641	0.127	0.632	0.127	0.620		
0.128	0.664	0.128	0.638	0.128	0.624	0.128	0.615	0.128	0.606		
0.129	0.653	0.129	0.637	0.129	0.621	0.129	0.611	0.129	0.601		
0.130	0.650	0.130	0.623	0.130	0.612	0.130	0.598	0.130	0.591		
0.131	0.649	0.131	0.618	0.131	0.609	0.131	0.604	0.131	0.594		
0.132	0.635	0.132	0.607	0.132	0.603	0.132	0.592	0.132	0.578		
0.133	0.624	0.133	0.604	0.133	0.591	0.133	0.581	0.133	0.571		
0.134	0.611	0.134	0.597	0.134	0.575	0.134	0.572	0.134	0.557		
0.135	0.609	0.135	0.589	0.135	0.581	0.135	0.561	0.135	0.552		
0.136	0.589	0.136	0.572	0.136	0.558	0.136	0.557	0.136	0.548		
0.137	0.592	0.137	0.568	0.137	0.558	0.137	0.548	0.137	0.537		
0.138	0.578	0.138	0.561	0.138	0.545	0.138	0.538	0.138	0.529		
0.139	0.575	0.139	0.554	0.139	0.537	0.139	0.535	0.139	0.525		
0.140	0.563	0.140	0.548	0.140	0.529	0.140	0.526	0.140	0.518		
0.141	0.560	0.141	0.532	0.141	0.529	0.141	0.514	0.141	0.509		
0.142	0.554	0.142	0.528	0.142	0.522	0.142	0.505	0.142	0.495		
0.143	0.540	0.143	0.523	0.143	0.506	0.143	0.505	0.143	0.495		
0.144	0.528	0.144	0.514	0.144	0.500	0.144	0.495	0.144	0.485		
0.145	0.528	0.145	0.505	0.145	0.491	0.145	0.483	0.145	0.483		
0.146	0.514	0.146	0.495	0.146	0.485	0.146	0.476	0.146	0.465		
0.147	0.515	0.147	0.494	0.147	0.489	0.147	0.474	0.147	0.466		
0.148	0.503	0.148	0.482	0.148	0.469	0.148	0.463	0.148	0.456		
0.149	0.497	0.149	0.483	0.149	0.465	0.149	0.454	0.149	0.451		
0.150	0.485	0.150	0.465	0.150	0.456	0.150	0.446	0.150	0.440		
0.151	0.485	0.151	0.460	0.151	0.451	0.151	0.446	0.151	0.439		
0.152	0.472	0.152	0.454	0.152	0.451	0.152	0.433	0.152	0.430		
0.153	0.465	0.153	0.445	0.153	0.437	0.153	0.430	0.153	0.426		
0.154	0.457	0.154	0.436	0.154	0.433	0.154	0.422	0.154	0.419		
0.155	0.451	0.155	0.439	0.155	0.431	0.155	0.414	0.155	0.413		
0.156	0.451	0.156	0.422	0.156	0.413	0.156	0.408	0.156	0.400		
0.157	0.442	0.157	0.417	0.157	0.410	0.157	0.407	0.157	0.402		
0.158	0.431	0.158	0.416	0.158	0.407	0.158	0.399	0.158	0.391		
0.159	0.428	0.159	0.411	0.159	0.405	0.159	0.391	0.159	0.390		
0.160	0.423	0.160	0.402	0.160	0.396	0.160	0.382	0.160	0.385		
0.161	0.411	0.161	0.396	0.161	0.391	0.161	0.385	0.161	0.382		
0.162	0.413	0.162	0.396	0.162	0.385	0.162	0.374	0.162	0.374		
0.163	0.413	0.163	0.393	0.163	0.387	0.163	0.374	0.163	0.370		
0.164	0.403	0.164	0.385	0.164	0.376	0.164	0.365	0.164	0.364		
0.165	0.393	0.165	0.379	0.165	0.367	0.165	0.365	0.165	0.354		
0.166	0.390	0.166	0.370	0.166	0.364	0.166	0.356	0.166	0.354		
0.167	0.387	0.167	0.373	0.167	0.357	0.167	0.354	0.167	0.345		
0.168	0.385	0.168	0.362	0.168	0.351	0.168	0.347	0.168	0.339		
0.169	0.368	0.169	0.362	0.169	0.353	0.169	0.341	0.169	0.338		
0.170	0.368	0.170	0.357	0.170	0.351	0.170	0.338	0.170	0.333		
0.171	0.367	0.171	0.354	0.171	0.345	0.171	0.334	0.171	0.331		
0.172	0.364	0.172	0.348	0.172	0.334	0.172	0.333	0.172	0.327		
0.173	0.359	0.173	0.338	0.173	0.334	0.173	0.330	0.173	0.319		
0.174	0.347	0.174	0.333	0.174	0.328	0.174	0.322	0.174	0.318		
0.175	0.359	0.175	0.339	0.175	0.325	0.175	0.321	0.175	0.318		
0.176	0.345	0.176	0.331	0.176	0.327	0.176	0.316	0.176	0.308		
0.177	0.341	0.177	0.327	0.177	0.311	0.177	0.313	0.177	0.308		
0.178	0.339	0.178	0.318	0.178	0.313	0.178	0.308	0.178	0.302		
0.179	0.341	0.179	0.324	0.179	0.311	0.179	0.304	0.179	0.301		
0.180	0.333	0.180	0.316	0.180	0.307	0.180	0.299	0.180	0.296		
0.181	0.328	0.181	0.310	0.181	0.304	0.181	0.299	0.181	0.288		
0.182	0.327	0.182	0.305	0.182	0.302	0.182	0.301	0.182	0.288		
0.183	0.321	0.183	0.304	0.183	0.298	0.183	0.296	0.183	0.290		
0.184	0.313	0.184	0.299	0.184	0.296	0.184	0.291	0.184	0.287		
0.185	0.319	0.185	0.304	0.185	0.293	0.185	0.291	0.185	0.282		
0.186	0.321	0.186	0.301	0.186	0.288	0.186	0.293	0.186	0.278		
0.187	0.310	0.187	0.296	0.187	0.290	0.187	0.281	0.187	0.275		
0.188	0.305	0.188	0.296	0.188	0.281	0.188	0.281	0.188	0.279		
0.189	0.307	0.189	0.291	0.189	0.279	0.189	0.281	0.189	0.270		
0.190	0.305	0.190	0.288	0.190	0.276	0.190	0.281	0.190	0.268		
0.191	0.308	0.191	0.290	0.191	0.282	0.191	0.275	0.191	0.276		
0.192	0.302	0.192	0.282	0.192	0.276	0.192	0.273	0.192	0.265		
0.193	0.295	0.193	0.284	0.193	0.276	0.193	0.270	0.193	0.265		
0.194	0.299	0.194	0.285	0.194	0.281	0.194	0.272	0.194	0.264		
0.195	0.301	0.195	0.281	0.195	0.276	0.195	0.262	0.195	0.268		
0.196	0.296	0.196	0.282	0.196	0.272	0.196	0.267	0.196	0.259		
0.197	0.299	0.197	0.273	0.197	0.272	0.197	0.267	0.197	0.264		
0.198	0.299	0.198	0.278	0.198	0.265	0.198	0.262	0.198	0.256		
0.199	0.296	0.199	0.276	0.199	0.268	0.199	0.261	0.199	0.259		
0.200	0.295	0.200	0.270	0.200	0.262	0.200	0.258	0.200	0.262		
0.201	0.288	0.201	0.275	0.201	0.261	0.201	0.258	0.201	0.253		
0.202	0.282	0.202	0.267	0.202	0.261	0.202	0.259	0.202	0.253		
0.203	0.291	0.203	0.273	0.203	0.268	0.203	0.255	0.203	0.256		
0.204	0.290	0.204	0.264	0.204	0.264	0.204	0.259	0.204	0.249		
0.205	0.287	0.205	0.267	0.205	0.259	0.205	0.255	0.205	0.253		
0.206	0.287	0.206	0.265	0.206	0.259	0.206	0.256	0.206	0.247		
0.207	0.285	0.207	0.267	0.207	0.262	0.207	0.256	0.207	0.253		
0.208	0.285	0.208	0.267	0.208	0.268	0.208	0.258	0.208	0.247		
0.209	0.285	0.209	0.267	0.209	0.267	0.209	0.258	0.209	0.249		
0.210	0.278	0.210	0.267	0.210	0.259	0.210	0.250	0.210	0.256		
0.211	0.279	0.211	0.268	0.211	0.258	0.211	0.252	0.211	0.244		
0.212	0.288	0.212	0.270	0.212	0.256	0.212	0.250	0.212	0.252		
0.213	0.287	0.213	0.267	0.213	0.259	0.213	0.250	0.213	0.247		
0.214	0.282	0.214	0.262	0.214	0.261	0.214	0.253	0.214	0.249		
0.215	0.282	0.215	0.265	0.215	0.258	0.215	0.250	0.215	0.249		
0.216	0.282	0.216	0.261	0.216	0.258	0.216	0.247	0.216	0.247		
0.217	0.285	0.217	0.265	0.217	0.258	0.217	0.249	0.217	0.249		
0.218	0.291	0.218	0.273	0.218	0.259	0.218	0.249	0.218	0.250		
0.219	0.285	0.219	0.265	0.219	0.262	0.219	0.255	0.219	0.255		
0.220	0.282	0.220	0.272	0.220	0.259	0.220	0.253	0.220	0.247		
0.221	0.290	0.221	0.267	0.221	0.261	0.221	0.262	0.221	0.249		
0.222	0.288	0.222	0.265	0.222	0.264	0.222	0.252	0.222	0.250		
0.223	0.293	0.223	0.267	0.223	0.267	0.223	0.252	0.223	0.247		
0.224	0.287	0.224	0.264	0.224	0.259	0.224	0.250	0.224	0.252		
0.225	0.293	0.225	0.267	0.225	0.262	0.225	0.256	0.225	0.253		
0.226	0.290	0.226	0.273	0.226	0.265	0.226	0.259	0.226	0.253		
0.227	0.290	0.227	0.279	0.227	0.268	0.227	0.259	0.227	0.253		
0.228	0.291	0.228	0.272	0.228	0.270	0.228	0.256	0.228	0.253		
0.229	0.293	0.229	0.282	0.229	0.259	0.229	0.261	0.229	0.253		
0.230	0.295	0.230	0.278	0.230	0.267	0.230	0.262	0.230	0.258		
0.231	0.302	0.231	0.273	0.231	0.276	0.231	0.262	0.231	0.264		
0.232	0.296	0.232	0.281	0.232	0.273	0.232	0.262	0.232	0.261		
0.233	0.295	0.233	0.276	0.233	0.273	0.233	0.265	0.233	0.256		
0.234	0.302	0.234	0.281	0.234	0.276	0.234	0.265	0.234	0.261		
0.235	0.302	0.235	0.284	0.235	0.268	0.235	0.275	0.235	0.267		
0.236	0.302	0.236	0.288	0.236	0.276	0.236	0.273	0.236	0.262		
0.237	0.307	0.237	0.285	0.237	0.276	0.237	0.272	0.237	0.268		
0.238	0.308	0.238	0.284	0.238	0.284	0.238	0.268	0.238	0.267		
0.239	0.311	0.239	0.295	0.239	0.284	0.239	0.275	0.239	0.267		
0.240	0.311	0.240	0.287	0.240	0.284	0.240	0.272	0.240	0.268		
0.241	0.319	0.241	0.295	0.241	0.288	0.241	0.272	0.241	0.273		
0.242	0.315	0.242	0.296	0.242	0.284	0.242	0.278	0.242	0.279		
0.243	0.321	0.243	0.299	0.243	0.290	0.243	0.278	0.243	0.276		
0.244	0.321	0.244	0.298	0.244	0.293	0.244	0.285	0.244	0.276		
0.245	0.313	0.245	0.299	0.245	0.291	0.245	0.282	0.245	0.284		
0.246	0.322	0.246	0.301	0.246	0.291	0.246	0.287	0.246	0.282		
0.247	0.331	0.247	0.307	0.247	0.288	0.247	0.293	0.247	0.287		
0.248	0.325	0.248	0.308	0.248	0.295	0.248	0.288	0.248	0.281		
0.249	0.342	0.249	0.307	0.249	0.299	0.249	0.290	0.249	0.282		
0.250	0.331	0.250	0.310	0.250	0.296	0.250	0.291	0.250	0.298		
0.251	0.330	0.251	0.307	0.251	0.311	0.251	0.302	0.251	0.291		
0.252	0.338	0.252	0.311	0.252	0.308	0.252	0.313	0.252	0.295		
0.253	0.344	0.253	0.324	0.253	0.310	0.253	0.305	0.253	0.291		
0.254	0.341	0.254	0.315	0.254	0.310	0.254	0.296	0.254	0.298		
0.255	0.348	0.255	0.324	0.255	0.316	0.255	0.311	0.255	0.298		
0.256	0.353	0.256	0.324	0.256	0.315	0.256	0.308	0.256	0.302		
0.257	0.357	0.257	0.330	0.257	0.318	0.257	0.308	0.257	0.305		
0.258	0.351	0.258	0.339	0.258	0.318	0.258	0.311	0.258	0.307		
0.259	0.368	0.259	0.342	0.259	0.330	0.259	0.327	0.259	0.310		
0.260	0.364	0.260	0.339	0.260	0.334	0.260	0.325	0.260	0.315		
0.261	0.371	0.261	0.344	0.261	0.327	0.261	0.321	0.261	0.313		
0.262	0.368	0.262	0.350	0.262	0.336	0.262	0.331	0.262	0.319		
0.263	0.370	0.263	0.347	0.263	0.338	0.263	0.328	0.263	0.324		
0.264	0.374	0.264	0.350	0.264	0.338	0.264	0.330	0.264	0.321		
0.265	0.382	0.265	0.353	0.265	0.338	0.265	0.327	0.265	0.325		
0.266	0.379	0.266	0.357	0.266	0.342	0.266	0.330	0.266	0.325		
0.267	0.385	0.267	0.362	0.267	0.351	0.267	0.339	0.267	0.331		
0.268	0.391	0.268	0.362	0.268	0.351	0.268	0.334	0.268	0.334		
0.269	0.394	0.269	0.371	0.269	0.350	0.269	0.344	0.269	0.331		
0.270	0.387	0.270	0.368	0.270	0.353	0.270	0.348	0.270	0.334		
0.271	0.402	0.271	0.374	0.271	0.350	0.271	0.345	0.271	0.342		
0.272	0.400	0.272	0.377	0.272	0.361	0.272	0.353	0.272	0.342		
0.273	0.403	0.273	0.379	0.273	0.362	0.273	0.354	0.273	0.345		
0.274	0.408	0.274	0.384	0.274	0.368	0.274	0.357	0.274	0.351		
0.275	0.410	0.275	0.384	0.275	0.379	0.275	0.362	0.275	0.354		
0.276	0.416	0.276	0.390	0.276	0.374	0.276	0.364	0.276	0.350		
0.277	0.413	0.277	0.391	0.277	0.382	0.277	0.365	0.277	0.354		
0.278	0.423	0.278	0.396	0.278	0.380	0.278	0.365	0.278	0.356		
0.279	0.420	0.279	0.399	0.279	0.387	0.279	0.374	0.279	0.362		
0.280	0.433	0.280	0.397	0.280	0.387	0.280	0.374	0.280	0.364		
0.281	0.433	0.281	0.403	0.281	0.390	0.281	0.380	0.281	0.367		
0.282	0.431	0.282	0.405	0.282	0.393	0.282	0.380	0.282	0.365		
0.283	0.442	0.283	0.413	0.283	0.396	0.283	0.388	0.283	0.371		
0.284	0.446	0.284	0.413	0.284	0.399	0.284	0.385	0.284	0.377		
0.285	0.448	0.285	0.419	0.285	0.400	0.285	0.387	0.285	0.377		
0.286	0.453	0.286	0.422	0.286	0.400	0.286	0.388	0.286	0.377		
0.287	0.456	0.287	0.423	0.287	0.403	0.287	0.397	0.287	0.377		
0.288	0.459	0.288	0.425	0.288	0.407	0.288	0.396	0.288	0.385		
0.289	0.462	0.289	0.431	0.289	0.411	0.289	0.397	0.289	0.385		
0.290	0.469	0.290	0.434	0.290	0.411	0.290	0.400	0.290	0.388		
0.291	0.472	0.291	0.436	0.291	0.423	0.291	0.407	0.291	0.390		
0.292	0.477	0.292	0.442	0.292	0.428	0.292	0.407	0.292	0.397		
0.293	0.474	0.293	0.445	0.293	0.430	0.293	0.410	0.293	0.397		
0.294	0.485	0.294	0.448	0.294	0.425	0.294	0.407	0.294	0.396		
0.295	0.492	0.295	0.457	0.295	0.431	0.295	0.417	0.295	0.402		
0.296	0.491	0.296	0.456	0.296	0.436	0.296	0.417	0.296	0.408		
0.297	0.500	0.297	0.465	0.297	0.445	0.297	0.425	0.297	0.407		
0.298	0.509	0.298	0.466	0.298	0.448	0.298	0.420	0.298	0.408		
0.299	0.508	0.299	0.477	0.299	0.456	0.299	0.434	0.299	0.411		
0.300	0.514	0.300	0.480	0.300	0.449	0.300	0.442	0.300	0.408		
0.301	0.525	0.301	0.482	0.301	0.462	0.301	0.436	0.301	0.417		
0.302	0.525	0.302	0.488	0.302	0.466	0.302	0.445	0.302	0.423		
0.303	0.543	0.303	0.489	0.303	0.469	0.303	0.446	0.303	0.431		
0.304	0.543	0.304	0.508	0.304	0.477	0.304	0.449	0.304	0.428		
0.305	0.555	0.305	0.506	0.305	0.483	0.305	0.454	0.305	0.431		
0.306	0.552	0.306	0.508	0.306	0.488	0.306	0.462	0.306	0.433		
0.307	0.568	0.307	0.529	0.307	0.494	0.307	0.471	0.307	0.437		
0.308	0.583	0.308	0.534	0.308	0.497	0.308	0.474	0.308	0.453		
0.309	0.591	0.309	0.552	0.309	0.511	0.309	0.477	0.309	0.456		
0.310	0.597	0.310	0.545	0.310	0.525	0.310	0.485	0.310	0.459		
0.311	0.604	0.311	0.560	0.311	0.523	0.311	0.491	0.311	0.465		
0.312	0.617	0.312	0.568	0.312	0.529	0.312	0.500	0.312	0.472		
0.313	0.627	0.313	0.578	0.313	0.543	0.313	0.506	0.313	0.480		
0.314	0.644	0.314	0.581	0.314	0.546	0.314	0.515	0.314	0.479		
0.315	0.657	0.315	0.594	0.315	0.563	0.315	0.525	0.315	0.491		
0.316	0.666	0.316	0.604	0.316	0.566	0.316	0.526	0.316	0.500		
0.317	0.687	0.317	0.621	0.317	0.575	0.317	0.538	0.317	0.503		
0.318	0.693	0.318	0.627	0.318	0.577	0.318	0.548	0.318	0.509		
0.319	0.709	0.319	0.635	0.319	0.598	0.319	0.557	0.319	0.514		
0.320	0.721	0.320	0.652	0.320	0.600	0.320	0.558	0.320	0.523		
0.321	0.730	0.321	0.663	0.321	0.609	0.321	0.560	0.321	0.526		
0.322	0.742	0.322	0.670	0.322	0.618	0.322	0.572	0.322	0.534		
0.323	0.762	0.323	0.686	0.323	0.634	0.323	0.584	0.323	0.543		
0.324	0.765	0.324	0.687	0.324	0.635	0.324	0.586	0.324	0.545		
0.325	0.776	0.325	0.696	0.325	0.635	0.325	0.592	0.325	0.548		
0.326	0.785	0.326	0.693	0.326	0.635	0.326	0.589	0.326	0.546		
0.327	0.787	0.327	0.696	0.327	0.647	0.327	0.592	0.327	0.551		
0.328	0.782	0.328	0.709	0.328	0.643	0.328	0.589	0.328	0.543		
0.329	0.788	0.329	0.701	0.329	0.643	0.329	0.589	0.329	0.540		
0.330	0.785	0.330	0.701	0.330	0.629	0.330	0.584	0.330	0.537		
0.331	0.785	0.331	0.696	0.331	0.630	0.331	0.584	0.331	0.537		
0.332	0.772	0.332	0.690	0.332	0.627	0.332	0.575	0.332	0.525		
0.333	0.762	0.333	0.673	0.333	0.611	0.333	0.564	0.333	0.518		
0.334	0.752	0.334	0.663	0.334	0.603	0.334	0.552	0.334	0.508		
0.335	0.730	0.335	0.641	0.335	0.592	0.335	0.541	0.335	0.497		
0.336	0.715	0.336	0.624	0.336	0.578	0.336	0.525	0.336	0.488		
0.337	0.692	0.337	0.612	0.337	0.555	0.337	0.506	0.337	0.477		
0.338	0.670	0.338	0.591	0.338	0.540	0.338	0.495	0.338	0.462		
0.339	0.646	0.339	0.574	0.339	0.528	0.339	0.476	0.339	0.448		
0.340	0.624	0.340	0.555	0.340	0.500	0.340	0.469	0.340	0.437		
0.341	0.601	0.341	0.534	0.341	0.492	0.341	0.456	0.341	0.417		
0.342	0.574	0.342	0.509	0.342	0.469	0.342	0.434	0.342	0.403		
0.343	0.548	0.343	0.489	0.343	0.453	0.343	0.417	0.343	0.393		
0.344	0.525	0.344	0.471	0.344	0.433	0.344	0.405	0.344	0.379		
0.345	0.509	0.345	0.451	0.345	0.417	0.345	0.397	0.345	0.362		
0.346	0.485	0.346	0.431	0.346	0.397	0.346	0.377	0.346	0.350		
0.347	0.463	0.347	0.417	0.347	0.388	0.347	0.374	0.347	0.344		
0.348	0.454	0.348	0.403	0.348	0.376	0.348	0.357	0.348	0.336		
0.349	0.434	0.349	0.393	0.349	0.370	0.349	0.344	0.349	0.321		
0.350	0.417	0.350	0.376	0.350	0.353	0.350	0.333	0.350	0.315		
0.351	0.403	0.351	0.367	0.351	0.348	0.351	0.324	0.351	0.307		
0.352	0.396	0.352	0.350	0.352	0.338	0.352	0.313	0.352	0.304		
0.353	0.384	0.353	0.344	0.353	0.324	0.353	0.316	0.353	0.295		
0.354	0.370	0.354	0.334	0.354	0.316	0.354	0.299	0.354	0.284		
0.355	0.368	0.355	0.330	0.355	0.310	0.355	0.301	0.355	0.279		
0.356	0.357	0.356	0.316	0.356	0.302	0.356	0.281	0.356	0.275		
0.357	0.342	0.357	0.310	0.357	0.298	0.357	0.284	0.357	0.272		
0.358	0.333	0.358	0.311	0.358	0.293	0.358	0.278	0.358	0.267		
0.359	0.330	0.359	0.305	0.359	0.285	0.359	0.272	0.359	0.261		
0.360	0.324	0.360	0.299	0.360	0.282	0.360	0.268	0.360	0.262		
0.361	0.327	0.361	0.296	0.361	0.270	0.361	0.261	0.361	0.255		
0.362	0.315	0.362	0.296	0.362	0.278	0.362	0.262	0.362	0.258		
0.363	0.319	0.363	0.284	0.363	0.272	0.363	0.256	0.363	0.241		
0.364	0.311	0.364	0.273	0.364	0.259	0.364	0.252	0.364	0.239		
0.365	0.305	0.365	0.279	0.365	0.265	0.365	0.253	0.365	0.236		
0.366	0.304	0.366	0.275	0.366	0.262	0.366	0.244	0.366	0.233		
0.367	0.295	0.367	0.273	0.367	0.259	0.367	0.244	0.367	0.236		
0.368	0.296	0.368	0.268	0.368	0.252	0.368	0.245	0.368	0.235		
0.369	0.290	0.369	0.264	0.369	0.244	0.369	0.245	0.369	0.230		
0.370	0.291	0.370	0.262	0.370	0.247	0.370	0.238	0.370	0.229		
0.371	0.293	0.371	0.261	0.371	0.250	0.371	0.236	0.371	0.230		
0.372	0.282	0.372	0.272	0.372	0.249	0.372	0.235	0.372	0.224		
0.373	0.282	0.373	0.255	0.373	0.242	0.373	0.233	0.373	0.222		
0.374	0.284	0.374	0.253	0.374	0.242	0.374	0.235	0.374	0.221		
0.375	0.281	0.375	0.258	0.375	0.238	0.375	0.227	0.375	0.227		
0.376	0.276	0.376	0.252	0.376	0.239	0.376	0.233	0.376	0.226		
0.377	0.272	0.377	0.245	0.377	0.238	0.377	0.229	0.377	0.221		
0.378	0.278	0.378	0.247	0.378	0.230	0.378	0.229	0.378	0.221		
0.379	0.273	0.379	0.249	0.379	0.239	0.379	0.230	0.379	0.218		
0.380	0.272	0.380	0.241	0.380	0.233	0.380	0.226	0.380	0.219		
0.381	0.268	0.381	0.252	0.381	0.239	0.381	0.230	0.381	0.222		
0.382	0.268	0.382	0.242	0.382	0.233	0.382	0.226	0.382	0.222		
0.383	0.268	0.383	0.249	0.383	0.232	0.383	0.219	0.383	0.219		
0.384	0.265	0.384	0.244	0.384	0.236	0.384	0.229	0.384	0.215		
0.385	0.272	0.385	0.244	0.385	0.241	0.385	0.224	0.385	0.212		
0.386	0.267	0.386	0.242	0.386	0.233	0.386	0.216	0.386	0.219		
0.387	0.264	0.387	0.247	0.387	0.235	0.387	0.218	0.387	0.215		
0.388	0.267	0.388	0.242	0.388	0.230	0.388	0.221	0.388	0.213		
0.389	0.267	0.389	0.242	0.389	0.230	0.389	0.224	0.389	0.215		
0.390	0.270	0.390	0.242	0.390	0.224	0.390	0.224	0.390	0.213		
0.391	0.261	0.391	0.242	0.391	0.232	0.391	0.226	0.391	0.215		
0.392	0.267	0.392	0.238	0.392	0.229	0.392	0.219	0.392	0.224		
0.393	0.261	0.393	0.236	0.393	0.233	0.393	0.222	0.393	0.216		
0.394	0.261	0.394	0.244	0.394	0.233	0.394	0.224	0.394	0.219		
0.395	0.265	0.395	0.241	0.395	0.229	0.395	0.226	0.395	0.218		
0.396	0.265	0.396	0.239	0.396	0.232	0.396	0.219	0.396	0.218		
0.397	0.261	0.397	0.239	0.397	0.229	0.397	0.224	0.397	0.219		
0.398	0.264	0.398	0.239	0.398	0.230	0.398	0.226	0.398	0.219		
0.399	0.265	0.399	0.244	0.399	0.232	0.399	0.227	0.399	0.213		
0.400	0.267	0.400	0.239	0.400	0.229	0.400	0.226	0.400	0.215		
0.401	0.268	0.401	0.238	0.401	0.227	0.401	0.229	0.401	0.216		
0.402	0.262	0.402	0.247	0.402	0.230	0.402	0.218	0.402	0.222		
0.403	0.265	0.403	0.239	0.403	0.230	0.403	0.222	0.403	0.224		
0.404	0.265	0.404	0.241	0.404	0.226	0.404	0.227	0.404	0.216		
0.405	0.262	0.405	0.241	0.405	0.239	0.405	0.226	0.405	0.227		
0.406	0.264	0.406	0.242	0.406	0.235	0.406	0.221	0.406	0.224		
0.407	0.261	0.407	0.242	0.407	0.227	0.407	0.224	0.407	0.219		
0.408	0.268	0.408	0.236	0.408	0.229	0.408	0.222	0.408	0.226		
0.409	0.261	0.409	0.244	0.409	0.230	0.409	0.227	0.409	0.219		
0.410	0.268	0.410	0.247	0.410	0.233	0.410	0.222	0.410	0.222		
0.411	0.262	0.411	0.244	0.411	0.232	0.411	0.226	0.411	0.221		
0.412	0.264	0.412	0.244	0.412	0.230	0.412	0.221	0.412	0.219		
0.413	0.261	0.413	0.239	0.413	0.233	0.413	0.226	0.413	0.219		
0.414	0.267	0.414	0.244	0.414	0.233	0.414	0.227	0.414	0.216		
0.415	0.282	0.415	0.241	0.415	0.233	0.415	0.222	0.415	0.221		
0.416	0.267	0.416	0.250	0.416	0.233	0.416	0.229	0.416	0.227		
0.417	0.262	0.417	0.238	0.417	0.232	0.417	0.222	0.417	0.219		
0.418	0.262	0.418	0.247	0.418	0.235	0.418	0.222	0.418	0.221		
0.419	0.265	0.419	0.244	0.419	0.236	0.419	0.229	0.419	0.222		
0.420	0.270	0.420	0.249	0.420	0.230	0.420	0.236	0.420	0.222		
0.421	0.264	0.421	0.244	0.421	0.238	0.421	0.226	0.421	0.224		
0.422	0.265	0.422	0.244	0.422	0.233	0.422	0.230	0.422	0.221		
0.423	0.267	0.423	0.238	0.423	0.235	0.423	0.227	0.423	0.218		
0.424	0.261	0.424	0.239	0.424	0.227	0.424	0.221	0.424	0.215		
0.425	0.267	0.425	0.245	0.425	0.230	0.425	0.227	0.425	0.222		
0.426	0.264	0.426	0.247	0.426	0.233	0.426	0.224	0.426	0.222		
0.427	0.264	0.427	0.247	0.427	0.232	0.427	0.229	0.427	0.222		
0.428	0.265	0.428	0.236	0.428	0.224	0.428	0.226	0.428	0.224		
0.429	0.267	0.429	0.245	0.429	0.235	0.429	0.230	0.429	0.219		
0.430	0.265	0.430	0.242	0.430	0.235	0.430	0.226	0.430	0.222		
0.431	0.268	0.431	0.242	0.431	0.232	0.431	0.222	0.431	0.224		
0.432	0.265	0.432	0.239	0.432	0.235	0.432	0.232	0.432	0.222		
0.433	0.265	0.433	0.244	0.433	0.236	0.433	0.227	0.433	0.224		
0.434	0.265	0.434	0.242	0.434	0.233	0.434	0.224	0.434	0.224		
0.435	0.264	0.435	0.242	0.435	0.230	0.435	0.227	0.435	0.226		
0.436	0.265	0.436	0.242	0.436	0.229	0.436	0.221	0.436	0.221		
0.437	0.264	0.437	0.253	0.437	0.235	0.437	0.230	0.437	0.224		
0.438	0.267	0.438	0.245	0.438	0.233	0.438	0.224	0.438	0.216		
0.439	0.272	0.439	0.239	0.439	0.229	0.439	0.219	0.439	0.222		
0.440	0.268	0.440	0.233	0.440	0.235	0.440	0.227	0.440	0.227		
0.441	0.265	0.441	0.244	0.441	0.235	0.441	0.224	0.441	0.218		
0.442	0.262	0.442	0.236	0.442	0.232	0.442	0.222	0.442	0.216		
0.443	0.262	0.443	0.242	0.443	0.235	0.443	0.229	0.443	0.226		
0.444	0.262	0.444	0.238	0.444	0.227	0.444	0.221	0.444	0.219		
0.445	0.264	0.445	0.238	0.445	0.230	0.445	0.226	0.445	0.221		
0.446	0.267	0.446	0.244	0.446	0.226	0.446	0.221	0.446	0.215		
0.447	0.267	0.447	0.239	0.447	0.227	0.447	0.222	0.447	0.218		
0.448	0.265	0.448	0.238	0.448	0.236	0.448	0.222	0.448	0.222		
0.449	0.265	0.449	0.241	0.449	0.233	0.449	0.218	0.449	0.222		
0.450	0.270	0.450	0.241	0.450	0.229	0.450	0.224	0.450	0.221		
0.451	0.262	0.451	0.242	0.451	0.219	0.451	0.221	0.451	0.219		
0.452	0.265	0.452	0.244	0.452	0.229	0.452	0.219	0.452	0.226		
0.453	0.273	0.453	0.244	0.453	0.222	0.453	0.222	0.453	0.216		
0.454	0.262	0.454	0.236	0.454	0.241	0.454	0.232	0.454	0.216		
0.455	0.272	0.455	0.230	0.455	0.230	0.455	0.222	0.455	0.215		
0.456	0.273	0.456	0.242	0.456	0.224	0.456	0.221	0.456	0.222		
0.457	0.267	0.457	0.241	0.457	0.219	0.457	0.219	0.457	0.218		
0.458	0.267	0.458	0.244	0.458	0.229	0.458	0.219	0.458	0.216		
0.459	0.265	0.459	0.239	0.459	0.233	0.459	0.222	0.459	0.213		
0.460	0.267	0.460	0.241	0.460	0.224	0.460	0.221	0.460	0.221		
0.461	0.268	0.461	0.245	0.461	0.232	0.461	0.221	0.461	0.218		
0.462	0.270	0.462	0.244	0.462	0.230	0.462	0.224	0.462	0.218		
0.463	0.267	0.463	0.242	0.463	0.232	0.463	0.221	0.463	0.213		
0.464	0.281	0.464	0.241	0.464	0.232	0.464	0.221	0.464	0.218		
0.465	0.265	0.465	0.239	0.465	0.229	0.465	0.222	0.465	0.218		
0.466	0.276	0.466	0.245	0.466	0.239	0.466	0.222	0.466	0.216		
0.467	0.272	0.467	0.244	0.467	0.230	0.467	0.219	0.467	0.216		
0.468	0.276	0.468	0.244	0.468	0.229	0.468	0.222	0.468	0.219		
0.469	0.276	0.469	0.244	0.469	0.227	0.469	0.226	0.469	0.222		
0.470	0.276	0.470	0.244	0.470	0.226	0.470	0.224	0.470	0.224		
0.471	0.275	0.471	0.242	0.471	0.236	0.471	0.229	0.471	0.216		
0.472	0.276	0.472	0.247	0.472	0.227	0.472	0.227	0.472	0.221		
0.473	0.282	0.473	0.244	0.473	0.233	0.473	0.224	0.473	0.222		
0.474	0.275	0.474	0.244	0.474	0.233	0.474	0.227	0.474	0.222		
0.475	0.279	0.475	0.249	0.475	0.230	0.475	0.233	0.475	0.219		
0.476	0.275	0.476	0.250	0.476	0.241	0.476	0.226	0.476	0.222		
0.477	0.281	0.477	0.250	0.477	0.236	0.477	0.224	0.477	0.221		
0.478	0.279	0.478	0.249	0.478	0.244	0.478	0.222	0.478	0.222		
0.479	0.284	0.479	0.249	0.479	0.235	0.479	0.226	0.479	0.226		
0.480	0.287	0.480	0.253	0.480	0.236	0.480	0.224	0.480	0.226		
0.481	0.284	0.481	0.256	0.481	0.241	0.481	0.232	0.481	0.221		
0.482	0.290	0.482	0.245	0.482	0.239	0.482	0.232	0.482	0.232		
0.483	0.287	0.483	0.255	0.483	0.242	0.483	0.232	0.483	0.230		
0.484	0.290	0.484	0.261	0.484	0.244	0.484	0.235	0.484	0.236		
0.485	0.295	0.485	0.262	0.485	0.247	0.485	0.233	0.485	0.230		
0.486	0.295	0.486	0.259	0.486	0.249	0.486	0.238	0.486	0.233		
0.487	0.299	0.487	0.262	0.487	0.242	0.487	0.236	0.487	0.235		
0.488	0.299	0.488	0.261	0.488	0.247	0.488	0.238	0.488	0.244		
0.489	0.299	0.489	0.267	0.489	0.255	0.489	0.241	0.489	0.242		
0.490	0.301	0.490	0.268	0.490	0.258	0.490	0.247	0.490	0.247		
0.491	0.311	0.491	0.273	0.491	0.264	0.491	0.249	0.491	0.253		
0.492	0.304	0.492	0.273	0.492	0.259	0.492	0.252	0.492	0.249		
0.493	0.310	0.493	0.270	0.493	0.256	0.493	0.252	0.493	0.252		
0.494	0.307	0.494	0.281	0.494	0.258	0.494	0.258	0.494	0.252		
0.495	0.315	0.495	0.282	0.495	0.270	0.495	0.258	0.495	0.255		
0.496	0.313	0.496	0.276	0.496	0.270	0.496	0.262	0.496	0.259		
0.497	0.318	0.497	0.281	0.497	0.267	0.497	0.265	0.497	0.261		
0.498	0.321	0.498	0.288	0.498	0.272	0.498	0.268	0.498	0.264		
0.499	0.327	0.499	0.287	0.499	0.275	0.499	0.270	0.499	0.264		
0.500	0.241	0.500	0.213	0.500	0.196	0.500	0.186	0.500	0.187		
0.499	0.144	0.499	0.118	0.499	0.106	0.499	0.098	0.499	0.103		
0.498	0.083	0.498	0.045	0.498	0.038	0.498	0.031	0.498	0.035		
0.497	0.040	0.497	0.008	0.497	-0.006	0.497	-0.015	0.497	-0.011		
0.496	0.003	0.496	-0.028	0.496	-0.031	0.496	-0.044	0.496	-0.043		
0.495	-0.008	0.495	-0.049	0.495	-0.061	0.495	-0.067	0.495	-0.070		
0.494	-0.035	0.494	-0.067	0.494	-0.077	0.494	-0.086	0.494	-0.080		
0.493	-0.043	0.493	-0.080	0.493	-0.086	0.493	-0.092	0.493	-0.092		
0.492	-0.057	0.492	-0.083	0.492	-0.097	0.492	-0.095	0.492	-0.100		
0.491	-0.060	0.491	-0.090	0.491	-0.098	0.491	-0.104	0.491	-0.098		
0.490	-0.064	0.490	-0.098	0.490	-0.104	0.490	-0.103	0.490	-0.112		
0.489	-0.066	0.489	-0.097	0.489	-0.104	0.489	-0.106	0.489	-0.112		
0.488	-0.069	0.488	-0.095	0.488	-0.110	0.488	-0.115	0.488	-0.110		
0.487	-0.077	0.487	-0.109	0.487	-0.112	0.487	-0.115	0.487	-0.110		
0.486	-0.075	0.486	-0.107	0.486	-0.110	0.486	-0.126	0.486	-0.116		
0.485	-0.072	0.485	-0.104	0.485	-0.110	0.485	-0.113	0.485	-0.118		
0.484	-0.078	0.484	-0.103	0.484	-0.113	0.484	-0.121	0.484	-0.118		
0.483	-0.078	0.483	-0.100	0.483	-0.113	0.483	-0.115	0.483	-0.116		
0.482	-0.080	0.482	-0.107	0.482	-0.113	0.482	-0.120	0.482	-0.120		
0.481	-0.072	0.481	-0.109	0.481	-0.113	0.481	-0.116	0.481	-0.116		
0.480	-0.083	0.480	-0.103	0.480	-0.116	0.480	-0.118	0.480	-0.120		
0.479	-0.078	0.479	-0.110	0.479	-0.116	0.479	-0.120	0.479	-0.123		
0.478	-0.077	0.478	-0.110	0.478	-0.113	0.478	-0.120	0.478	-0.121		
0.477	-0.084	0.477	-0.115	0.477	-0.118	0.477	-0.124	0.477	-0.121		
0.476	-0.083	0.476	-0.112	0.476	-0.107	0.476	-0.120	0.476	-0.127		
0.475	-0.081	0.475	-0.110	0.475	-0.118	0.475	-0.126	0.475	-0.123		
0.474	-0.089	0.474	-0.106	0.474	-0.120	0.474	-0.120	0.474	-0.121		
0.473	-0.087	0.473	-0.109	0.473	-0.113	0.473	-0.118	0.473	-0.120		
0.472	-0.084	0.472	-0.112	0.472	-0.118	0.472	-0.124	0.472	-0.120		
0.471	-0.092	0.471	-0.112	0.471	-0.118	0.471	-0.126	0.471	-0.124		
0.470	-0.087	0.470	-0.110	0.470	-0.121	0.470	-0.118	0.470	-0.120		
0.469	-0.084	0.469	-0.107	0.469	-0.118	0.469	-0.123	0.469	-0.123		
0.468	-0.092	0.468	-0.110	0.468	-0.120	0.468	-0.121	0.468	-0.129		
0.467	-0.087	0.467	-0.107	0.467	-0.113	0.467	-0.123	0.467	-0.123		
0.466	-0.095	0.466	-0.112	0.466	-0.124	0.466	-0.124	0.466	-0.126		
0.465	-0.093	0.465	-0.112	0.465	-0.126	0.465	-0.130	0.465	-0.121		
0.464	-0.090	0.464	-0.110	0.464	-0.118	0.464	-0.127	0.464	-0.124		
0.463	-0.087	0.463	-0.112	0.463	-0.124	0.463	-0.123	0.463	-0.120		
0.462	-0.089	0.462	-0.112	0.462	-0.120	0.462	-0.124	0.462	-0.121		
0.461	-0.087	0.461	-0.113	0.461	-0.118	0.461	-0.129	0.461	-0.123		
0.460	-0.092	0.460	-0.116	0.460	-0.124	0.460	-0.120	0.460	-0.124		
0.459	-0.090	0.459	-0.112	0.459	-0.112	0.459	-0.124	0.459	-0.123		
0.458	-0.092	0.458	-0.112	0.458	-0.124	0.458	-0.124	0.458	-0.118		
0.457	-0.093	0.457	-0.116	0.457	-0.121	0.457	-0.127	0.457	-0.116		
0.456	-0.093	0.456	-0.112	0.456	-0.123	0.456	-0.130	0.456	-0.127		
0.455	-0.087	0.455	-0.113	0.455	-0.112	0.455	-0.123	0.455	-0.123		
0.454	-0.095	0.454	-0.116	0.454	-0.124	0.454	-0.120	0.454	-0.129		
0.453	-0.090	0.453	-0.113	0.453	-0.120	0.453	-0.124	0.453	-0.121		
0.452	-0.095	0.452	-0.116	0.452	-0.121	0.452	-0.126	0.452	-0.132		
0.451	-0.092	0.451	-0.127	0.451	-0.123	0.451	-0.127	0.451	-0.124		
0.450	-0.097	0.450	-0.124	0.450	-0.129	0.450	-0.129	0.450	-0.130		
0.449	-0.090	0.449	-0.107	0.449	-0.126	0.449	-0.123	0.449	-0.132		
0.448	-0.093	0.448	-0.116	0.448	-0.124	0.448	-0.123	0.448	-0.126		
0.447	-0.098	0.447	-0.120	0.447	-0.127	0.447	-0.129	0.447	-0.127		
0.446	-0.095	0.446	-0.118	0.446	-0.129	0.446	-0.129	0.446	-0.132		
0.445	-0.100	0.445	-0.118	0.445	-0.129	0.445	-0.130	0.445	-0.129		
0.444	-0.095	0.444	-0.124	0.444	-0.127	0.444	-0.130	0.444	-0.127		
0.443	-0.095	0.443	-0.120	0.443	-0.130	0.443	-0.133	0.443	-0.123		
0.442	-0.093	0.442	-0.123	0.442	-0.123	0.442	-0.124	0.442	-0.130		
0.441	-0.095	0.441	-0.121	0.441	-0.124	0.441	-0.123	0.441	-0.129		
0.440	-0.097	0.440	-0.124	0.440	-0.130	0.440	-0.130	0.440	-0.136		
0.439	-0.098	0.439	-0.124	0.439	-0.132	0.439	-0.139	0.439	-0.132		
0.438	-0.100	0.438	-0.121	0.438	-0.126	0.438	-0.135	0.438	-0.135		
0.437	-0.101	0.437	-0.127	0.437	-0.130	0.437	-0.138	0.437	-0.130		
0.436	-0.098	0.436	-0.124	0.436	-0.135	0.436	-0.141	0.436	-0.138		
0.435	-0.097	0.435	-0.126	0.435	-0.127	0.435	-0.132	0.435	-0.135		
0.434	-0.100	0.434	-0.126	0.434	-0.133	0.434	-0.135	0.434	-0.132		
0.433	-0.098	0.433	-0.129	0.433	-0.135	0.433	-0.136	0.433	-0.133		
0.432	-0.107	0.432	-0.132	0.432	-0.135	0.432	-0.133	0.432	-0.135		
0.431	-0.104	0.431	-0.129	0.431	-0.138	0.431	-0.139	0.431	-0.138		
0.430	-0.104	0.430	-0.130	0.430	-0.136	0.430	-0.139	0.430	-0.139		
0.429	-0.110	0.429	-0.118	0.429	-0.132	0.429	-0.136	0.429	-0.139		
0.428	-0.104	0.428	-0.133	0.428	-0.138	0.428	-0.146	0.428	-0.136		
0.427	-0.106	0.427	-0.132	0.427	-0.133	0.427	-0.135	0.427	-0.133		
0.426	-0.113	0.426	-0.136	0.426	-0.135	0.426	-0.135	0.426	-0.139		
0.425	-0.112	0.425	-0.133	0.425	-0.136	0.425	-0.146	0.425	-0.139		
0.424	-0.115	0.424	-0.133	0.424	-0.136	0.424	-0.143	0.424	-0.139		
0.423	-0.115	0.423	-0.132	0.423	-0.138	0.423	-0.141	0.423	-0.139		
0.422	-0.113	0.422	-0.136	0.422	-0.139	0.422	-0.141	0.422	-0.146		
0.421	-0.113	0.421	-0.139	0.421	-0.141	0.421	-0.144	0.421	-0.141		
0.420	-0.116	0.420	-0.146	0.420	-0.144	0.420	-0.147	0.420	-0.139		
0.419	-0.120	0.419	-0.136	0.419	-0.144	0.419	-0.147	0.419	-0.135		
0.418	-0.118	0.418	-0.136	0.418	-0.143	0.418	-0.147	0.418	-0.143		
0.417	-0.120	0.417	-0.129	0.417	-0.144	0.417	-0.138	0.417	-0.146		
0.416	-0.115	0.416	-0.146	0.416	-0.147	0.416	-0.146	0.416	-0.146		
0.415	-0.113	0.415	-0.139	0.415	-0.150	0.415	-0.144	0.415	-0.139		
0.414	-0.123	0.414	-0.138	0.414	-0.144	0.414	-0.149	0.414	-0.153		
0.413	-0.126	0.413	-0.132	0.413	-0.147	0.413	-0.146	0.413	-0.139		
0.412	-0.120	0.412	-0.146	0.412	-0.146	0.412	-0.147	0.412	-0.149		
0.411	-0.124	0.411	-0.143	0.411	-0.146	0.411	-0.147	0.411	-0.146		
0.410	-0.123	0.410	-0.143	0.410	-0.152	0.410	-0.150	0.410	-0.149		
0.409	-0.123	0.409	-0.144	0.409	-0.146	0.409	-0.150	0.409	-0.149		
0.408	-0.121	0.408	-0.146	0.408	-0.150	0.408	-0.147	0.408	-0.150		
0.407	-0.123	0.407	-0.138	0.407	-0.150	0.407	-0.156	0.407	-0.156		
0.406	-0.127	0.406	-0.149	0.406	-0.156	0.406	-0.153	0.406	-0.144		
0.405	-0.126	0.405	-0.152	0.405	-0.153	0.405	-0.147	0.405	-0.147		
0.404	-0.130	0.404	-0.152	0.404	-0.144	0.404	-0.139	0.404	-0.149		
0.403	-0.127	0.403	-0.149	0.403	-0.150	0.403	-0.152	0.403	-0.155		
0.402	-0.127	0.402	-0.149	0.402	-0.152	0.402	-0.152	0.402	-0.152		
0.401	-0.130	0.401	-0.149	0.401	-0.153	0.401	-0.156	0.401	-0.146		
0.400	-0.133	0.400	-0.150	0.400	-0.153	0.400	-0.150	0.400	-0.152		
0.399	-0.132	0.399	-0.149	0.399	-0.159	0.399	-0.153	0.399	-0.150		
0.398	-0.130	0.398	-0.150	0.398	-0.155	0.398	-0.150	0.398	-0.147		
0.397	-0.136	0.397	-0.141	0.397	-0.155	0.397	-0.156	0.397	-0.147		
0.396	-0.130	0.396	-0.150	0.396	-0.152	0.396	-0.158	0.396	-0.150		
0.395	-0.132	0.395	-0.147	0.395	-0.155	0.395	-0.159	0.395	-0.152		
0.394	-0.133	0.394	-0.149	0.394	-0.155	0.394	-0.150	0.394	-0.152		
0.393	-0.132	0.393	-0.146	0.393	-0.150	0.393	-0.152	0.393	-0.147		
0.392	-0.139	0.392	-0.159	0.392	-0.152	0.392	-0.152	0.392	-0.150		
0.391	-0.135	0.391	-0.156	0.391	-0.158	0.391	-0.153	0.391	-0.153		
0.390	-0.136	0.390	-0.152	0.390	-0.156	0.390	-0.158	0.390	-0.152		
0.389	-0.138	0.389	-0.158	0.389	-0.156	0.389	-0.158	0.389	-0.155		
0.388	-0.141	0.388	-0.153	0.388	-0.155	0.388	-0.156	0.388	-0.153		
0.387	-0.138	0.387	-0.156	0.387	-0.159	0.387	-0.152	0.387	-0.153		
0.386	-0.139	0.386	-0.153	0.386	-0.155	0.386	-0.159	0.386	-0.156		
0.385	-0.143	0.385	-0.156	0.385	-0.155	0.385	-0.159	0.385	-0.152		
0.384	-0.139	0.384	-0.152	0.384	-0.153	0.384	-0.161	0.384	-0.153		
0.383	-0.144	0.383	-0.158	0.383	-0.169	0.383	-0.155	0.383	-0.152		
0.382	-0.135	0.382	-0.155	0.382	-0.159	0.382	-0.159	0.382	-0.147		
0.381	-0.143	0.381	-0.153	0.381	-0.162	0.381	-0.159	0.381	-0.152		
0.380	-0.143	0.380	-0.158	0.380	-0.161	0.380	-0.161	0.380	-0.158		
0.379	-0.146	0.379	-0.155	0.379	-0.156	0.379	-0.162	0.379	-0.150		
0.378	-0.149	0.378	-0.156	0.378	-0.161	0.378	-0.159	0.378	-0.152		
0.377	-0.149	0.377	-0.159	0.377	-0.158	0.377	-0.159	0.377	-0.155		
0.376	-0.152	0.376	-0.158	0.376	-0.169	0.376	-0.156	0.376	-0.158		
0.375	-0.153	0.375	-0.164	0.375	-0.162	0.375	-0.166	0.375	-0.156		
0.374	-0.152	0.374	-0.170	0.374	-0.155	0.374	-0.159	0.374	-0.155		
0.373	-0.155	0.373	-0.164	0.373	-0.164	0.373	-0.167	0.373	-0.161		
0.372	-0.155	0.372	-0.161	0.372	-0.164	0.372	-0.158	0.372	-0.156		
0.371	-0.153	0.371	-0.167	0.371	-0.170	0.371	-0.164	0.371	-0.159		
0.370	-0.158	0.370	-0.166	0.370	-0.170	0.370	-0.170	0.370	-0.175		
0.369	-0.161	0.369	-0.173	0.369	-0.173	0.369	-0.173	0.369	-0.162		
0.368	-0.164	0.368	-0.173	0.368	-0.173	0.368	-0.162	0.368	-0.164		
0.367	-0.167	0.367	-0.173	0.367	-0.170	0.367	-0.172	0.367	-0.166		
0.366	-0.164	0.366	-0.182	0.366	-0.170	0.366	-0.173	0.366	-0.170		
0.365	-0.166	0.365	-0.167	0.365	-0.176	0.365	-0.176	0.365	-0.164		
0.364	-0.167	0.364	-0.176	0.364	-0.172	0.364	-0.178	0.364	-0.167		
0.363	-0.167	0.363	-0.179	0.363	-0.178	0.363	-0.176	0.363	-0.169		
0.362	-0.175	0.362	-0.181	0.362	-0.182	0.362	-0.187	0.362	-0.175		
0.361	-0.172	0.361	-0.182	0.361	-0.182	0.361	-0.184	0.361	-0.169		
0.360	-0.178	0.360	-0.184	0.360	-0.187	0.360	-0.185	0.360	-0.176		
0.359	-0.181	0.359	-0.192	0.359	-0.187	0.359	-0.182	0.359	-0.182		
0.358	-0.184	0.358	-0.187	0.358	-0.192	0.358	-0.196	0.358	-0.179		
0.357	-0.184	0.357	-0.195	0.357	-0.190	0.357	-0.190	0.357	-0.181		
0.356	-0.195	0.356	-0.195	0.356	-0.192	0.356	-0.193	0.356	-0.185		
0.355	-0.204	0.355	-0.204	0.355	-0.198	0.355	-0.192	0.355	-0.187		
0.354	-0.195	0.354	-0.204	0.354	-0.201	0.354	-0.199	0.354	-0.185		
0.353	-0.199	0.353	-0.207	0.353	-0.208	0.353	-0.198	0.353	-0.189		
0.352	-0.207	0.352	-0.212	0.352	-0.208	0.352	-0.198	0.352	-0.198		
0.351	-0.208	0.351	-0.213	0.351	-0.207	0.351	-0.205	0.351	-0.190		
0.350	-0.205	0.350	-0.216	0.350	-0.212	0.350	-0.212	0.350	-0.202		
0.349	-0.219	0.349	-0.224	0.349	-0.218	0.349	-0.212	0.349	-0.204		
0.348	-0.224	0.348	-0.228	0.348	-0.225	0.348	-0.215	0.348	-0.205		
0.347	-0.235	0.347	-0.236	0.347	-0.227	0.347	-0.219	0.347	-0.208		
0.346	-0.235	0.346	-0.241	0.346	-0.236	0.346	-0.222	0.346	-0.216		
0.345	-0.233	0.345	-0.241	0.345	-0.241	0.345	-0.231	0.345	-0.219		
0.344	-0.245	0.344	-0.253	0.344	-0.239	0.344	-0.235	0.344	-0.221		
0.343	-0.256	0.343	-0.253	0.343	-0.248	0.343	-0.244	0.343	-0.230		
0.342	-0.253	0.342	-0.265	0.342	-0.250	0.342	-0.248	0.342	-0.233		
0.341	-0.270	0.341	-0.270	0.341	-0.259	0.341	-0.250	0.341	-0.239		
0.340	-0.284	0.340	-0.276	0.340	-0.265	0.340	-0.259	0.340	-0.244		
0.339	-0.285	0.339	-0.282	0.339	-0.274	0.339	-0.264	0.339	-0.247		
0.338	-0.293	0.338	-0.291	0.338	-0.284	0.338	-0.268	0.338	-0.253		
0.337	-0.305	0.337	-0.296	0.337	-0.287	0.337	-0.279	0.337	-0.261		
0.336	-0.319	0.336	-0.304	0.336	-0.293	0.336	-0.279	0.336	-0.267		
0.335	-0.327	0.335	-0.319	0.335	-0.307	0.335	-0.288	0.335	-0.273		
0.334	-0.331	0.334	-0.324	0.334	-0.302	0.334	-0.297	0.334	-0.278		
0.333	-0.337	0.333	-0.334	0.333	-0.316	0.333	-0.304	0.333	-0.291		
0.332	-0.353	0.332	-0.342	0.332	-0.328	0.332	-0.310	0.332	-0.296		
0.331	-0.370	0.331	-0.353	0.331	-0.339	0.331	-0.319	0.331	-0.304		
0.330	-0.380	0.330	-0.362	0.330	-0.348	0.330	-0.328	0.330	-0.307		
0.329	-0.391	0.329	-0.374	0.329	-0.356	0.329	-0.339	0.329	-0.316		
0.328	-0.399	0.328	-0.385	0.328	-0.360	0.328	-0.350	0.328	-0.330		
0.327	-0.414	0.327	-0.400	0.327	-0.373	0.327	-0.362	0.327	-0.331		
0.326	-0.428	0.326	-0.406	0.326	-0.391	0.326	-0.365	0.326	-0.342		
0.325	-0.442	0.325	-0.420	0.325	-0.397	0.325	-0.374	0.325	-0.356		
0.324	-0.451	0.324	-0.434	0.324	-0.408	0.324	-0.383	0.324	-0.357		
0.323	-0.477	0.323	-0.451	0.323	-0.422	0.323	-0.402	0.323	-0.371		
0.322	-0.485	0.322	-0.462	0.322	-0.432	0.322	-0.405	0.322	-0.380		
0.321	-0.500	0.321	-0.471	0.321	-0.440	0.321	-0.416	0.321	-0.393		
0.320	-0.514	0.320	-0.477	0.320	-0.448	0.320	-0.420	0.320	-0.394		
0.319	-0.523	0.319	-0.492	0.319	-0.463	0.319	-0.435	0.319	-0.399		
0.318	-0.543	0.318	-0.503	0.318	-0.471	0.318	-0.442	0.318	-0.411		
0.317	-0.543	0.317	-0.511	0.317	-0.478	0.317	-0.451	0.317	-0.417		
0.316	-0.563	0.316	-0.523	0.316	-0.491	0.316	-0.455	0.316	-0.425		
0.315	-0.572	0.315	-0.534	0.315	-0.497	0.315	-0.469	0.315	-0.435		
0.314	-0.577	0.314	-0.537	0.314	-0.508	0.314	-0.468	0.314	-0.432		
0.313	-0.586	0.313	-0.546	0.313	-0.511	0.313	-0.471	0.313	-0.440		
0.312	-0.589	0.312	-0.554	0.312	-0.515	0.312	-0.480	0.312	-0.448		
0.311	-0.589	0.311	-0.558	0.311	-0.518	0.311	-0.481	0.311	-0.446		
0.310	-0.592	0.310	-0.557	0.310	-0.523	0.310	-0.480	0.310	-0.452		
0.309	-0.589	0.309	-0.558	0.309	-0.523	0.309	-0.486	0.309	-0.452		
0.308	-0.589	0.308	-0.549	0.308	-0.514	0.308	-0.488	0.308	-0.449		
0.307	-0.595	0.307	-0.547	0.307	-0.515	0.307	-0.486	0.307	-0.449		
0.306	-0.578	0.306	-0.550	0.306	-0.514	0.306	-0.477	0.306	-0.442		
0.305	-0.570	0.305	-0.540	0.305	-0.514	0.305	-0.477	0.305	-0.442		
0.304	-0.566	0.304	-0.535	0.304	-0.495	0.304	-0.469	0.304	-0.434		
0.303	-0.557	0.303	-0.524	0.303	-0.488	0.303	-0.458	0.303	-0.425		
0.302	-0.544	0.302	-0.512	0.302	-0.481	0.302	-0.454	0.302	-0.422		
0.301	-0.526	0.301	-0.498	0.301	-0.474	0.301	-0.446	0.301	-0.416		
0.300	-0.521	0.300	-0.486	0.300	-0.457	0.300	-0.439	0.300	-0.416		
0.299	-0.503	0.299	-0.488	0.299	-0.454	0.299	-0.429	0.299	-0.405		
0.298	-0.489	0.298	-0.474	0.298	-0.445	0.298	-0.422	0.298	-0.402		
0.297	-0.485	0.297	-0.460	0.297	-0.443	0.297	-0.416	0.297	-0.396		
0.296	-0.469	0.296	-0.454	0.296	-0.432	0.296	-0.408	0.296	-0.391		
0.295	-0.451	0.295	-0.448	0.295	-0.429	0.295	-0.406	0.295	-0.385		
0.294	-0.448	0.294	-0.439	0.294	-0.414	0.294	-0.400	0.294	-0.388		
0.293	-0.440	0.293	-0.434	0.293	-0.412	0.293	-0.402	0.293	-0.382		
0.292	-0.435	0.292	-0.425	0.292	-0.414	0.292	-0.391	0.292	-0.376		
0.291	-0.434	0.291	-0.419	0.291	-0.408	0.291	-0.389	0.291	-0.374		
0.290	-0.419	0.290	-0.408	0.290	-0.405	0.290	-0.386	0.290	-0.373		
0.289	-0.416	0.289	-0.408	0.289	-0.396	0.289	-0.386	0.289	-0.371		
0.288	-0.409	0.288	-0.408	0.288	-0.393	0.288	-0.383	0.288	-0.365		
0.287	-0.405	0.287	-0.400	0.287	-0.396	0.287	-0.377	0.287	-0.368		
0.286	-0.399	0.286	-0.400	0.286	-0.391	0.286	-0.377	0.286	-0.368		
0.285	-0.399	0.285	-0.397	0.285	-0.386	0.285	-0.376	0.285	-0.365		
0.284	-0.397	0.284	-0.391	0.284	-0.389	0.284	-0.379	0.284	-0.363		
0.283	-0.391	0.283	-0.397	0.283	-0.383	0.283	-0.376	0.283	-0.365		
0.282	-0.397	0.282	-0.389	0.282	-0.385	0.282	-0.376	0.282	-0.363		
0.281	-0.393	0.281	-0.388	0.281	-0.379	0.281	-0.371	0.281	-0.363		
0.280	-0.388	0.280	-0.389	0.280	-0.380	0.280	-0.373	0.280	-0.357		
0.279	-0.393	0.279	-0.385	0.279	-0.385	0.279	-0.370	0.279	-0.357		
0.278	-0.382	0.278	-0.385	0.278	-0.379	0.278	-0.370	0.278	-0.359		
0.277	-0.383	0.277	-0.393	0.277	-0.377	0.277	-0.371	0.277	-0.362		
0.276	-0.376	0.276	-0.391	0.276	-0.377	0.276	-0.370	0.276	-0.360		
0.275	-0.386	0.275	-0.383	0.275	-0.377	0.275	-0.371	0.275	-0.353		
0.274	-0.382	0.274	-0.379	0.274	-0.374	0.274	-0.368	0.274	-0.356		
0.273	-0.377	0.273	-0.376	0.273	-0.373	0.273	-0.368	0.273	-0.357		
0.272	-0.374	0.272	-0.380	0.272	-0.371	0.272	-0.365	0.272	-0.351		
0.271	-0.376	0.271	-0.382	0.271	-0.373	0.271	-0.362	0.271	-0.354		
0.270	-0.371	0.270	-0.373	0.270	-0.371	0.270	-0.363	0.270	-0.351		
0.269	-0.371	0.269	-0.371	0.269	-0.366	0.269	-0.357	0.269	-0.356		
0.268	-0.366	0.268	-0.377	0.268	-0.360	0.268	-0.356	0.268	-0.350		
0.267	-0.373	0.267	-0.374	0.267	-0.363	0.267	-0.356	0.267	-0.351		
0.266	-0.370	0.266	-0.368	0.266	-0.360	0.266	-0.359	0.266	-0.342		
0.265	-0.365	0.265	-0.368	0.265	-0.363	0.265	-0.356	0.265	-0.350		
0.264	-0.354	0.264	-0.365	0.264	-0.360	0.264	-0.351	0.264	-0.339		
0.263	-0.363	0.263	-0.365	0.263	-0.363	0.263	-0.348	0.263	-0.342		
0.262	-0.356	0.262	-0.365	0.262	-0.354	0.262	-0.351	0.262	-0.340		
0.261	-0.351	0.261	-0.357	0.261	-0.354	0.261	-0.345	0.261	-0.334		
0.260	-0.354	0.260	-0.356	0.260	-0.354	0.260	-0.343	0.260	-0.334		
0.259	-0.357	0.259	-0.363	0.259	-0.359	0.259	-0.345	0.259	-0.339		
0.258	-0.348	0.258	-0.353	0.258	-0.350	0.258	-0.342	0.258	-0.339		
0.257	-0.345	0.257	-0.351	0.257	-0.345	0.257	-0.345	0.257	-0.327		
0.256	-0.340	0.256	-0.337	0.256	-0.345	0.256	-0.334	0.256	-0.324		
0.255	-0.334	0.255	-0.345	0.255	-0.343	0.255	-0.330	0.255	-0.324		
0.254	-0.333	0.254	-0.340	0.254	-0.336	0.254	-0.336	0.254	-0.322		
0.253	-0.327	0.253	-0.350	0.253	-0.337	0.253	-0.331	0.253	-0.324		
0.252	-0.333	0.252	-0.342	0.252	-0.331	0.252	-0.327	0.252	-0.319		
0.251	-0.330	0.251	-0.336	0.251	-0.328	0.251	-0.328	0.251	-0.311		
0.250	-0.327	0.250	-0.334	0.250	-0.324	0.250	-0.311	0.250	-0.313		
0.249	-0.317	0.249	-0.325	0.249	-0.319	0.249	-0.314	0.249	-0.311		
0.248	-0.319	0.248	-0.328	0.248	-0.322	0.248	-0.313	0.248	-0.310		
0.247	-0.327	0.247	-0.324	0.247	-0.319	0.247	-0.316	0.247	-0.308		
0.246	-0.314	0.246	-0.322	0.246	-0.319	0.246	-0.305	0.246	-0.299		
0.245	-0.316	0.245	-0.316	0.245	-0.311	0.245	-0.310	0.245	-0.304		
0.244	-0.316	0.244	-0.314	0.244	-0.313	0.244	-0.307	0.244	-0.302		
0.243	-0.304	0.243	-0.319	0.243	-0.316	0.243	-0.301	0.243	-0.301		
0.242	-0.307	0.242	-0.313	0.242	-0.310	0.242	-0.308	0.242	-0.304		
0.241	-0.304	0.241	-0.310	0.241	-0.302	0.241	-0.297	0.241	-0.297		
0.240	-0.301	0.240	-0.304	0.240	-0.304	0.240	-0.299	0.240	-0.293		
0.239	-0.299	0.239	-0.304	0.239	-0.304	0.239	-0.302	0.239	-0.291		
0.238	-0.296	0.238	-0.304	0.238	-0.301	0.238	-0.296	0.238	-0.293		
0.237	-0.291	0.237	-0.299	0.237	-0.293	0.237	-0.294	0.237	-0.288		
0.236	-0.294	0.236	-0.296	0.236	-0.296	0.236	-0.288	0.236	-0.287		
0.235	-0.299	0.235	-0.297	0.235	-0.293	0.235	-0.293	0.235	-0.290		
0.234	-0.288	0.234	-0.291	0.234	-0.293	0.234	-0.291	0.234	-0.279		
0.233	-0.285	0.233	-0.291	0.233	-0.291	0.233	-0.290	0.233	-0.284		
0.232	-0.284	0.232	-0.293	0.232	-0.290	0.232	-0.281	0.232	-0.282		
0.231	-0.287	0.231	-0.288	0.231	-0.287	0.231	-0.287	0.231	-0.279		
0.230	-0.279	0.230	-0.291	0.230	-0.288	0.230	-0.288	0.230	-0.278		
0.229	-0.285	0.229	-0.282	0.229	-0.288	0.229	-0.279	0.229	-0.276		
0.228	-0.279	0.228	-0.281	0.228	-0.285	0.228	-0.281	0.228	-0.271		
0.227	-0.279	0.227	-0.284	0.227	-0.281	0.227	-0.281	0.227	-0.276		
0.226	-0.279	0.226	-0.284	0.226	-0.279	0.226	-0.276	0.226	-0.273		
0.225	-0.274	0.225	-0.288	0.225	-0.282	0.225	-0.278	0.225	-0.271		
0.224	-0.279	0.224	-0.285	0.224	-0.278	0.224	-0.274	0.224	-0.276		
0.223	-0.274	0.223	-0.285	0.223	-0.278	0.223	-0.274	0.223	-0.278		
0.222	-0.276	0.222	-0.273	0.222	-0.273	0.222	-0.281	0.222	-0.273		
0.221	-0.274	0.221	-0.284	0.221	-0.282	0.221	-0.273	0.221	-0.265		
0.220	-0.271	0.220	-0.276	0.220	-0.279	0.220	-0.274	0.220	-0.279		
0.219	-0.271	0.219	-0.282	0.219	-0.281	0.219	-0.279	0.219	-0.270		
0.218	-0.273	0.218	-0.278	0.218	-0.279	0.218	-0.278	0.218	-0.270		
0.217	-0.271	0.217	-0.282	0.217	-0.276	0.217	-0.271	0.217	-0.274		
0.216	-0.273	0.216	-0.279	0.216	-0.279	0.216	-0.276	0.216	-0.270		
0.215	-0.274	0.215	-0.279	0.215	-0.271	0.215	-0.276	0.215	-0.267		
0.214	-0.278	0.214	-0.279	0.214	-0.276	0.214	-0.276	0.214	-0.274		
0.213	-0.278	0.213	-0.278	0.213	-0.274	0.213	-0.276	0.213	-0.268		
0.212	-0.270	0.212	-0.279	0.212	-0.278	0.212	-0.276	0.212	-0.268		
0.211	-0.274	0.211	-0.274	0.211	-0.281	0.211	-0.274	0.211	-0.273		
0.210	-0.276	0.210	-0.284	0.210	-0.282	0.210	-0.276	0.210	-0.271		
0.209	-0.276	0.209	-0.282	0.209	-0.276	0.209	-0.271	0.209	-0.270		
0.208	-0.274	0.208	-0.282	0.208	-0.282	0.208	-0.278	0.208	-0.279		
0.207	-0.278	0.207	-0.287	0.207	-0.278	0.207	-0.274	0.207	-0.274		
0.206	-0.278	0.206	-0.285	0.206	-0.279	0.206	-0.284	0.206	-0.268		
0.205	-0.279	0.205	-0.284	0.205	-0.284	0.205	-0.281	0.205	-0.274		
0.204	-0.278	0.204	-0.282	0.204	-0.288	0.204	-0.282	0.204	-0.274		
0.203	-0.279	0.203	-0.282	0.203	-0.274	0.203	-0.278	0.203	-0.274		
0.202	-0.278	0.202	-0.287	0.202	-0.284	0.202	-0.279	0.202	-0.274		
0.201	-0.284	0.201	-0.290	0.201	-0.287	0.201	-0.281	0.201	-0.276		
0.200	-0.285	0.200	-0.287	0.200	-0.287	0.200	-0.281	0.200	-0.273		
0.199	-0.279	0.199	-0.288	0.199	-0.287	0.199	-0.288	0.199	-0.285		
0.198	-0.290	0.198	-0.290	0.198	-0.284	0.198	-0.281	0.198	-0.284		
0.197	-0.290	0.197	-0.293	0.197	-0.291	0.197	-0.284	0.197	-0.284		
0.196	-0.284	0.196	-0.297	0.196	-0.288	0.196	-0.281	0.196	-0.291		
0.195	-0.293	0.195	-0.302	0.195	-0.297	0.195	-0.296	0.195	-0.294		
0.194	-0.293	0.194	-0.304	0.194	-0.301	0.194	-0.291	0.194	-0.290		
0.193	-0.296	0.193	-0.296	0.193	-0.296	0.193	-0.288	0.193	-0.291		
0.192	-0.297	0.192	-0.296	0.192	-0.299	0.192	-0.296	0.192	-0.288		
0.191	-0.301	0.191	-0.305	0.191	-0.304	0.191	-0.301	0.191	-0.293		
0.190	-0.301	0.190	-0.304	0.190	-0.299	0.190	-0.299	0.190	-0.297		
0.189	-0.301	0.189	-0.308	0.189	-0.310	0.189	-0.302	0.189	-0.301		
0.188	-0.305	0.188	-0.307	0.188	-0.307	0.188	-0.304	0.188	-0.299		
0.187	-0.305	0.187	-0.310	0.187	-0.311	0.187	-0.310	0.187	-0.302		
0.186	-0.313	0.186	-0.314	0.186	-0.313	0.186	-0.310	0.186	-0.308		
0.185	-0.311	0.185	-0.324	0.185	-0.317	0.185	-0.302	0.185	-0.305		
0.184	-0.311	0.184	-0.320	0.184	-0.316	0.184	-0.311	0.184	-0.308		
0.183	-0.319	0.183	-0.322	0.183	-0.317	0.183	-0.319	0.183	-0.313		
0.182	-0.314	0.182	-0.324	0.182	-0.327	0.182	-0.320	0.182	-0.314		
0.181	-0.325	0.181	-0.327	0.181	-0.327	0.181	-0.320	0.181	-0.320		
0.180	-0.330	0.180	-0.339	0.180	-0.334	0.180	-0.319	0.180	-0.314		
0.179	-0.333	0.179	-0.336	0.179	-0.333	0.179	-0.327	0.179	-0.325		
0.178	-0.333	0.178	-0.339	0.178	-0.339	0.178	-0.337	0.178	-0.322		
0.177	-0.340	0.177	-0.342	0.177	-0.340	0.177	-0.337	0.177	-0.328		
0.176	-0.339	0.176	-0.348	0.176	-0.337	0.176	-0.337	0.176	-0.336		
0.175	-0.345	0.175	-0.350	0.175	-0.350	0.175	-0.343	0.175	-0.342		
0.174	-0.351	0.174	-0.353	0.174	-0.356	0.174	-0.351	0.174	-0.342		
0.173	-0.353	0.173	-0.354	0.173	-0.354	0.173	-0.350	0.173	-0.347		
0.172	-0.360	0.172	-0.362	0.172	-0.357	0.172	-0.357	0.172	-0.351		
0.171	-0.365	0.171	-0.365	0.171	-0.362	0.171	-0.360	0.171	-0.357		
0.170	-0.362	0.170	-0.370	0.170	-0.368	0.170	-0.368	0.170	-0.353		
0.169	-0.368	0.169	-0.377	0.169	-0.370	0.169	-0.368	0.169	-0.360		
0.168	-0.368	0.168	-0.385	0.168	-0.377	0.168	-0.374	0.168	-0.368		
0.167	-0.380	0.167	-0.382	0.167	-0.382	0.167	-0.376	0.167	-0.371		
0.166	-0.385	0.166	-0.389	0.166	-0.389	0.166	-0.383	0.166	-0.377		
0.165	-0.388	0.165	-0.393	0.165	-0.385	0.165	-0.389	0.165	-0.373		
0.164	-0.399	0.164	-0.399	0.164	-0.399	0.164	-0.389	0.164	-0.385		
0.163	-0.399	0.163	-0.399	0.163	-0.403	0.163	-0.391	0.163	-0.391		
0.162	-0.402	0.162	-0.406	0.162	-0.409	0.162	-0.394	0.162	-0.394		
0.161	-0.409	0.161	-0.414	0.161	-0.419	0.161	-0.403	0.161	-0.393		
0.160	-0.419	0.160	-0.417	0.160	-0.416	0.160	-0.412	0.160	-0.402		
0.159	-0.417	0.159	-0.425	0.159	-0.425	0.159	-0.414	0.159	-0.414		
0.158	-0.428	0.158	-0.428	0.158	-0.426	0.158	-0.419	0.158	-0.420		
0.157	-0.432	0.157	-0.434	0.157	-0.428	0.157	-0.422	0.157	-0.423		
0.156	-0.439	0.156	-0.439	0.156	-0.437	0.156	-0.429	0.156	-0.426		
0.155	-0.452	0.155	-0.449	0.155	-0.446	0.155	-0.439	0.155	-0.434		
0.154	-0.452	0.154	-0.457	0.154	-0.451	0.154	-0.445	0.154	-0.440		
0.153	-0.462	0.153	-0.458	0.153	-0.452	0.153	-0.451	0.153	-0.442		
0.152	-0.466	0.152	-0.468	0.152	-0.462	0.152	-0.460	0.152	-0.448		
0.151	-0.469	0.151	-0.475	0.151	-0.471	0.151	-0.465	0.151	-0.457		
0.150	-0.480	0.150	-0.483	0.150	-0.472	0.150	-0.472	0.150	-0.466		
0.149	-0.483	0.149	-0.486	0.149	-0.481	0.149	-0.480	0.149	-0.471		
0.148	-0.492	0.148	-0.495	0.148	-0.486	0.148	-0.475	0.148	-0.480		
0.147	-0.504	0.147	-0.504	0.147	-0.495	0.147	-0.503	0.147	-0.492		
0.146	-0.504	0.146	-0.512	0.146	-0.504	0.146	-0.495	0.146	-0.494		
0.145	-0.511	0.145	-0.511	0.145	-0.509	0.145	-0.509	0.145	-0.500		
0.144	-0.521	0.144	-0.523	0.144	-0.517	0.144	-0.508	0.144	-0.503		
0.143	-0.526	0.143	-0.532	0.143	-0.518	0.143	-0.521	0.143	-0.514		
0.142	-0.540	0.142	-0.535	0.142	-0.527	0.142	-0.534	0.142	-0.524		
0.141	-0.543	0.141	-0.543	0.141	-0.538	0.141	-0.534	0.141	-0.520		
0.140	-0.552	0.140	-0.558	0.140	-0.552	0.140	-0.538	0.140	-0.538		
0.139	-0.564	0.139	-0.563	0.139	-0.560	0.139	-0.557	0.139	-0.543		
0.138	-0.574	0.138	-0.572	0.138	-0.566	0.138	-0.560	0.138	-0.544		
0.137	-0.575	0.137	-0.586	0.137	-0.564	0.137	-0.569	0.137	-0.554		
0.136	-0.581	0.136	-0.587	0.136	-0.581	0.136	-0.578	0.136	-0.566		
0.135	-0.592	0.135	-0.598	0.135	-0.584	0.135	-0.580	0.135	-0.574		
0.134	-0.598	0.134	-0.603	0.134	-0.587	0.134	-0.598	0.134	-0.581		
0.133	-0.610	0.133	-0.609	0.133	-0.610	0.133	-0.595	0.133	-0.586		
0.132	-0.620	0.132	-0.623	0.132	-0.616	0.132	-0.610	0.132	-0.597		
0.131	-0.632	0.131	-0.638	0.131	-0.626	0.131	-0.620	0.131	-0.615		
0.130	-0.639	0.130	-0.639	0.130	-0.635	0.130	-0.630	0.130	-0.620		
0.129	-0.641	0.129	-0.653	0.129	-0.636	0.129	-0.632	0.129	-0.620		
0.128	-0.652	0.128	-0.653	0.128	-0.647	0.128	-0.636	0.128	-0.629		
0.127	-0.664	0.127	-0.662	0.127	-0.656	0.127	-0.647	0.127	-0.641		
0.126	-0.667	0.126	-0.667	0.126	-0.667	0.126	-0.658	0.126	-0.650		
0.125	-0.672	0.125	-0.681	0.125	-0.678	0.125	-0.664	0.125	-0.656		
0.124	-0.695	0.124	-0.690	0.124	-0.684	0.124	-0.678	0.124	-0.664		
0.123	-0.696	0.123	-0.705	0.123	-0.698	0.123	-0.692	0.123	-0.684		
0.122	-0.704	0.122	-0.708	0.122	-0.704	0.122	-0.693	0.122	-0.682		
0.121	-0.719	0.121	-0.719	0.121	-0.715	0.121	-0.698	0.121	-0.685		
0.120	-0.728	0.120	-0.727	0.120	-0.718	0.120	-0.710	0.120	-0.698		
0.119	-0.738	0.119	-0.741	0.119	-0.731	0.119	-0.718	0.119	-0.713		
0.118	-0.747	0.118	-0.739	0.118	-0.733	0.118	-0.731	0.118	-0.719		
0.117	-0.758	0.117	-0.753	0.117	-0.745	0.117	-0.741	0.117	-0.731		
0.116	-0.762	0.116	-0.767	0.116	-0.759	0.116	-0.744	0.116	-0.738		
0.115	-0.782	0.115	-0.782	0.115	-0.762	0.115	-0.764	0.115	-0.747		
0.114	-0.785	0.114	-0.784	0.114	-0.774	0.114	-0.762	0.114	-0.754		
0.113	-0.797	0.113	-0.790	0.113	-0.781	0.113	-0.774	0.113	-0.754		
0.112	-0.804	0.112	-0.800	0.112	-0.791	0.112	-0.784	0.112	-0.776		
0.111	-0.807	0.111	-0.810	0.111	-0.805	0.111	-0.794	0.111	-0.784		
0.110	-0.817	0.110	-0.822	0.110	-0.808	0.110	-0.800	0.110	-0.785		
0.109	-0.828	0.109	-0.828	0.109	-0.816	0.109	-0.807	0.109	-0.793		
0.108	-0.842	0.108	-0.840	0.108	-0.830	0.108	-0.822	0.108	-0.807		
0.107	-0.856	0.107	-0.851	0.107	-0.851	0.107	-0.833	0.107	-0.820		
0.106	-0.856	0.106	-0.857	0.106	-0.845	0.106	-0.831	0.106	-0.825		
0.105	-0.865	0.105	-0.862	0.105	-0.856	0.105	-0.843	0.105	-0.825		
0.104	-0.876	0.104	-0.871	0.104	-0.868	0.104	-0.851	0.104	-0.850		
0.103	-0.886	0.103	-0.885	0.103	-0.874	0.103	-0.870	0.103	-0.851		
0.102	-0.888	0.102	-0.889	0.102	-0.883	0.102	-0.877	0.102	-0.860		
0.101	-0.899	0.101	-0.900	0.101	-0.897	0.101	-0.880	0.101	-0.871		
