E /V	I /uA	E /V	I /uA	E /V	I /uA	E /V	I /uA	E /V	I /uA
0.100	-0.245	0.100	-1.589	0.100	-1.566	0.100	-1.546	0.100	-1.531
0.099	-0.590	0.099	-1.619	0.099	-1.598	0.099	-1.572	0.099	-1.552
0.098	-0.857	0.098	-1.604	0.098	-1.587	0.098	-1.564	0.098	-1.540
0.097	-1.073	0.097	-1.615	0.097	-1.600	0.097	-1.569	0.097	-1.549
0.096	-1.224	0.096	-1.624	0.096	-1.601	0.096	-1.578	0.096	-1.567
0.095	-1.339	0.095	-1.641	0.095	-1.604	0.095	-1.593	0.095	-1.580
0.094	-1.409	0.094	-1.642	0.094	-1.623	0.094	-1.589	0.094	-1.572
0.093	-1.472	0.093	-1.656	0.093	-1.638	0.093	-1.610	0.093	-1.587
0.092	-1.506	0.092	-1.665	0.092	-1.636	0.092	-1.616	0.092	-1.595
0.091	-1.555	0.091	-1.687	0.091	-1.650	0.091	-1.632	0.091	-1.616
0.090	-1.563	0.090	-1.681	0.090	-1.661	0.090	-1.636	0.090	-1.621
0.089	-1.581	0.089	-1.687	0.089	-1.669	0.089	-1.647	0.089	-1.624
0.088	-1.603	0.088	-1.696	0.088	-1.673	0.088	-1.655	0.088	-1.633
0.087	-1.632	0.087	-1.712	0.087	-1.698	0.087	-1.673	0.087	-1.650
0.086	-1.626	0.086	-1.716	0.086	-1.695	0.086	-1.673	0.086	-1.652
0.085	-1.647	0.085	-1.727	0.085	-1.715	0.085	-1.684	0.085	-1.652
0.084	-1.662	0.084	-1.744	0.084	-1.718	0.084	-1.690	0.084	-1.676
0.083	-1.696	0.083	-1.776	0.083	-1.745	0.083	-1.716	0.083	-1.702
0.082	-1.688	0.082	-1.768	0.082	-1.747	0.082	-1.718	0.082	-1.698
0.081	-1.698	0.081	-1.768	0.081	-1.747	0.081	-1.730	0.081	-1.693
0.080	-1.704	0.080	-1.781	0.080	-1.753	0.080	-1.727	0.080	-1.708
0.079	-1.722	0.079	-1.796	0.079	-1.770	0.079	-1.754	0.079	-1.728
0.078	-1.730	0.078	-1.797	0.078	-1.771	0.078	-1.750	0.078	-1.721
0.077	-1.745	0.077	-1.810	0.077	-1.787	0.077	-1.762	0.077	-1.748
0.076	-1.751	0.076	-1.819	0.076	-1.794	0.076	-1.771	0.076	-1.744
0.075	-1.774	0.075	-1.830	0.075	-1.813	0.075	-1.791	0.075	-1.774
0.074	-1.776	0.074	-1.850	0.074	-1.811	0.074	-1.787	0.074	-1.762
0.073	-1.781	0.073	-1.845	0.073	-1.823	0.073	-1.802	0.073	-1.776
0.072	-1.800	0.072	-1.854	0.072	-1.834	0.072	-1.808	0.072	-1.785
0.071	-1.810	0.071	-1.874	0.071	-1.850	0.071	-1.823	0.071	-1.800
0.070	-1.819	0.070	-1.882	0.070	-1.843	0.070	-1.819	0.070	-1.804
0.069	-1.831	0.069	-1.894	0.069	-1.856	0.069	-1.837	0.069	-1.814
0.068	-1.836	0.068	-1.894	0.068	-1.865	0.068	-1.850	0.068	-1.827
0.067	-1.885	0.067	-1.940	0.067	-1.914	0.067	-1.880	0.067	-1.865
0.066	-1.873	0.066	-1.917	0.066	-1.889	0.066	-1.871	0.066	-1.850
0.065	-1.882	0.065	-1.928	0.065	-1.899	0.065	-1.857	0.065	-1.857
0.064	-1.880	0.064	-1.937	0.064	-1.911	0.064	-1.885	0.064	-1.856
0.063	-1.902	0.063	-1.948	0.063	-1.922	0.063	-1.896	0.063	-1.868
0.062	-1.908	0.062	-1.946	0.062	-1.925	0.062	-1.899	0.062	-1.873
0.061	-1.919	0.061	-1.960	0.061	-1.934	0.061	-1.909	0.061	-1.886
0.060	-1.919	0.060	-1.968	0.060	-1.940	0.060	-1.909	0.060	-1.892
0.059	-1.951	0.059	-1.991	0.059	-1.966	0.059	-1.928	0.059	-1.912
0.058	-1.945	0.058	-1.989	0.058	-1.954	0.058	-1.934	0.058	-1.909
0.057	-1.952	0.057	-1.995	0.057	-1.966	0.057	-1.943	0.057	-1.922
0.056	-1.957	0.056	-1.997	0.056	-1.972	0.056	-1.955	0.056	-1.925
0.055	-1.971	0.055	-2.014	0.055	-1.983	0.055	-1.961	0.055	-1.935
0.054	-1.986	0.054	-2.024	0.054	-1.988	0.054	-1.966	0.054	-1.935
0.053	-1.997	0.053	-2.032	0.053	-2.001	0.053	-1.971	0.053	-1.945
0.052	-2.006	0.052	-2.035	0.052	-2.011	0.052	-1.983	0.052	-1.955
0.051	-2.032	0.051	-2.064	0.051	-2.044	0.051	-2.006	0.051	-1.983
0.050	-2.031	0.050	-2.061	0.050	-2.029	0.050	-2.003	0.050	-1.978
0.049	-2.037	0.049	-2.067	0.049	-2.035	0.049	-2.007	0.049	-1.980
0.048	-2.046	0.048	-2.070	0.048	-2.040	0.048	-2.007	0.048	-1.988
0.047	-2.057	0.047	-2.080	0.047	-2.060	0.047	-2.027	0.047	-2.011
0.046	-2.061	0.046	-2.089	0.046	-2.058	0.046	-2.026	0.046	-2.001
0.045	-2.075	0.045	-2.098	0.045	-2.049	0.045	-2.034	0.045	-2.012
0.044	-2.073	0.044	-2.110	0.044	-2.075	0.044	-2.040	0.044	-2.015
0.043	-2.107	0.043	-2.130	0.043	-2.096	0.043	-2.069	0.043	-2.031
0.042	-2.109	0.042	-2.123	0.042	-2.087	0.042	-2.061	0.042	-2.035
0.041	-2.115	0.041	-2.129	0.041	-2.101	0.041	-2.069	0.041	-2.041
0.040	-2.119	0.040	-2.135	0.040	-2.103	0.040	-2.072	0.040	-2.038
0.039	-2.129	0.039	-2.155	0.039	-2.118	0.039	-2.083	0.039	-2.058
0.038	-2.135	0.038	-2.150	0.038	-2.123	0.038	-2.093	0.038	-2.057
0.037	-2.138	0.037	-2.158	0.037	-2.130	0.037	-2.096	0.037	-2.070
0.036	-2.150	0.036	-2.167	0.036	-2.132	0.036	-2.103	0.036	-2.081
0.035	-2.187	0.035	-2.201	0.035	-2.164	0.035	-2.136	0.035	-2.084
0.034	-2.170	0.034	-2.184	0.034	-2.152	0.034	-2.113	0.034	-2.090
0.033	-2.178	0.033	-2.190	0.033	-2.158	0.033	-2.126	0.033	-2.100
0.032	-2.184	0.032	-2.188	0.032	-2.161	0.032	-2.127	0.032	-2.096
0.031	-2.198	0.031	-2.208	0.031	-2.170	0.031	-2.138	0.031	-2.113
0.030	-2.198	0.030	-2.211	0.030	-2.170	0.030	-2.141	0.030	-2.116
0.029	-2.207	0.029	-2.224	0.029	-2.188	0.029	-2.156	0.029	-2.132
0.028	-2.215	0.028	-2.233	0.028	-2.198	0.028	-2.158	0.028	-2.133
0.027	-2.247	0.027	-2.253	0.027	-2.216	0.027	-2.176	0.027	-2.147
0.026	-2.242	0.026	-2.250	0.026	-2.208	0.026	-2.170	0.026	-2.141
0.025	-2.248	0.025	-2.247	0.025	-2.210	0.025	-2.176	0.025	-2.153
0.024	-2.259	0.024	-2.265	0.024	-2.222	0.024	-2.185	0.024	-2.158
0.023	-2.273	0.023	-2.281	0.023	-2.233	0.023	-2.207	0.023	-2.170
0.022	-2.273	0.022	-2.271	0.022	-2.231	0.022	-2.211	0.022	-2.173
0.021	-2.281	0.021	-2.288	0.021	-2.247	0.021	-2.211	0.021	-2.178
0.020	-2.291	0.020	-2.291	0.020	-2.251	0.020	-2.218	0.020	-2.185
0.019	-2.328	0.019	-2.320	0.019	-2.285	0.019	-2.256	0.019	-2.221
0.018	-2.314	0.018	-2.327	0.018	-2.276	0.018	-2.242	0.018	-2.207
0.017	-2.325	0.017	-2.317	0.017	-2.277	0.017	-2.247	0.017	-2.211
0.016	-2.322	0.016	-2.316	0.016	-2.282	0.016	-2.254	0.016	-2.213
0.015	-2.339	0.015	-2.336	0.015	-2.302	0.015	-2.256	0.015	-2.238
0.014	-2.339	0.014	-2.345	0.014	-2.300	0.014	-2.264	0.014	-2.234
0.013	-2.351	0.013	-2.350	0.013	-2.313	0.013	-2.268	0.013	-2.242
0.012	-2.363	0.012	-2.360	0.012	-2.314	0.012	-2.282	0.012	-2.251
0.011	-2.391	0.011	-2.379	0.011	-2.336	0.011	-2.307	0.011	-2.271
0.010	-2.380	0.010	-2.376	0.010	-2.334	0.010	-2.290	0.010	-2.268
0.009	-2.394	0.009	-2.385	0.009	-2.351	0.009	-2.314	0.009	-2.277
0.008	-2.399	0.008	-2.389	0.008	-2.348	0.008	-2.316	0.008	-2.284
0.007	-2.423	0.007	-2.411	0.007	-2.365	0.007	-2.337	0.007	-2.302
0.006	-2.429	0.006	-2.419	0.006	-2.374	0.006	-2.331	0.006	-2.299
0.005	-2.429	0.005	-2.425	0.005	-2.382	0.005	-2.343	0.005	-2.314
0.004	-2.449	0.004	-2.429	0.004	-2.391	0.004	-2.362	0.004	-2.316
0.003	-2.514	0.003	-2.495	0.003	-2.457	0.003	-2.409	0.003	-2.376
0.002	-2.478	0.002	-2.461	0.002	-2.414	0.002	-2.380	0.002	-2.346
0.001	-2.478	0.001	-2.469	0.001	-2.425	0.001	-2.368	0.001	-2.350
0.000	-2.483	0.000	-2.471	0.000	-2.425	0.000	-2.391	0.000	-2.359
-0.001	-2.506	-0.001	-2.498	-0.001	-2.452	-0.001	-2.414	-0.001	-2.382
-0.002	-2.518	-0.002	-2.501	-0.002	-2.454	-0.002	-2.415	-0.002	-2.382
-0.003	-2.535	-0.003	-2.526	-0.003	-2.474	-0.003	-2.434	-0.003	-2.396
-0.004	-2.546	-0.004	-2.523	-0.004	-2.491	-0.004	-2.443	-0.004	-2.406
-0.005	-2.580	-0.005	-2.563	-0.005	-2.503	-0.005	-2.468	-0.005	-2.437
-0.006	-2.581	-0.006	-2.561	-0.006	-2.514	-0.006	-2.480	-0.006	-2.442
-0.007	-2.603	-0.007	-2.583	-0.007	-2.532	-0.007	-2.495	-0.007	-2.455
-0.008	-2.613	-0.008	-2.600	-0.008	-2.550	-0.008	-2.509	-0.008	-2.478
-0.009	-2.644	-0.009	-2.624	-0.009	-2.575	-0.009	-2.532	-0.009	-2.498
-0.010	-2.261	-0.010	-2.234	-0.010	-2.184	-0.010	-2.129	-0.010	-2.092
-0.009	-1.336	-0.009	-1.307	-0.009	-1.261	-0.009	-1.224	-0.009	-1.182
-0.008	-0.508	-0.008	-0.494	-0.008	-0.448	-0.008	-0.417	-0.008	-0.400
-0.007	0.143	-0.007	0.158	-0.007	0.181	-0.007	0.209	-0.007	0.216
-0.006	0.606	-0.006	0.614	-0.006	0.629	-0.006	0.650	-0.006	0.649
-0.005	0.966	-0.005	0.962	-0.005	0.980	-0.005	0.985	-0.005	0.992
-0.004	1.206	-0.004	1.184	-0.004	1.204	-0.004	1.204	-0.004	1.199
-0.003	1.388	-0.003	1.367	-0.003	1.370	-0.003	1.371	-0.003	1.370
-0.002	1.505	-0.002	1.486	-0.002	1.489	-0.002	1.477	-0.002	1.463
-0.001	1.609	-0.001	1.591	-0.001	1.594	-0.001	1.581	-0.001	1.575
0.000	1.679	0.000	1.649	0.000	1.653	0.000	1.638	0.000	1.624
0.001	1.736	0.001	1.722	0.001	1.712	0.001	1.701	0.001	1.684
0.002	1.773	0.002	1.759	0.002	1.745	0.002	1.724	0.002	1.716
0.003	1.867	0.003	1.845	0.003	1.828	0.003	1.821	0.003	1.801
0.004	1.856	0.004	1.836	0.004	1.821	0.004	1.798	0.004	1.781
0.005	1.887	0.005	1.860	0.005	1.847	0.005	1.831	0.005	1.810
0.006	1.894	0.006	1.862	0.006	1.851	0.006	1.833	0.006	1.814
0.007	1.928	0.007	1.900	0.007	1.883	0.007	1.864	0.007	1.850
0.008	1.939	0.008	1.902	0.008	1.894	0.008	1.868	0.008	1.848
0.009	1.956	0.009	1.928	0.009	1.911	0.009	1.893	0.009	1.874
0.010	1.957	0.010	1.929	0.010	1.920	0.010	1.906	0.010	1.877
0.011	2.002	0.011	1.971	0.011	1.952	0.011	1.933	0.011	1.900
0.012	1.992	0.012	1.962	0.012	1.945	0.012	1.929	0.012	1.903
0.013	2.008	0.013	1.985	0.013	1.959	0.013	1.940	0.013	1.923
0.014	2.009	0.014	1.986	0.014	1.962	0.014	1.937	0.014	1.917
0.015	2.023	0.015	2.000	0.015	1.975	0.015	1.969	0.015	1.928
0.016	2.028	0.016	1.997	0.016	1.975	0.016	1.957	0.016	1.933
0.017	2.043	0.017	2.012	0.017	1.989	0.017	1.969	0.017	1.942
0.018	2.035	0.018	2.012	0.018	1.986	0.018	1.966	0.018	1.942
0.019	2.071	0.019	2.043	0.019	2.028	0.019	2.003	0.019	1.972
0.020	2.066	0.020	2.035	0.020	2.012	0.020	1.982	0.020	1.957
0.021	2.071	0.021	2.034	0.021	2.012	0.021	1.994	0.021	1.968
0.022	2.063	0.022	2.028	0.022	2.012	0.022	1.982	0.022	1.951
0.023	2.074	0.023	2.048	0.023	2.026	0.023	2.000	0.023	1.966
0.024	2.061	0.024	2.028	0.024	2.020	0.024	1.986	0.024	1.959
0.025	2.077	0.025	2.046	0.025	2.018	0.025	1.995	0.025	1.971
0.026	2.066	0.026	2.038	0.026	2.015	0.026	1.989	0.026	1.963
0.027	2.084	0.027	2.060	0.027	2.035	0.027	2.002	0.027	1.980
0.028	2.074	0.028	2.049	0.028	2.025	0.028	1.998	0.028	1.968
0.029	2.077	0.029	2.049	0.029	2.031	0.029	2.000	0.029	1.974
0.030	2.077	0.030	2.035	0.030	2.015	0.030	1.992	0.030	1.962
0.031	2.080	0.031	2.057	0.031	2.020	0.031	2.005	0.031	1.975
0.032	2.075	0.032	2.041	0.032	2.023	0.032	1.994	0.032	1.965
0.033	2.071	0.033	2.038	0.033	2.020	0.033	2.002	0.033	1.968
0.034	2.069	0.034	2.045	0.034	2.008	0.034	1.988	0.034	1.962
0.035	2.101	0.035	2.068	0.035	2.054	0.035	2.008	0.035	1.986
0.036	2.069	0.036	2.043	0.036	2.006	0.036	1.983	0.036	1.965
0.037	2.069	0.037	2.041	0.037	2.009	0.037	1.989	0.037	1.965
0.038	2.054	0.038	2.029	0.038	2.000	0.038	1.977	0.038	1.951
0.039	2.069	0.039	2.037	0.039	2.020	0.039	1.995	0.039	1.956
0.040	2.046	0.040	2.023	0.040	2.002	0.040	1.971	0.040	1.943
0.041	2.052	0.041	2.032	0.041	2.000	0.041	1.975	0.041	1.948
0.042	2.037	0.042	2.020	0.042	1.992	0.042	1.963	0.042	1.939
0.043	2.054	0.043	2.028	0.043	2.009	0.043	1.979	0.043	1.957
0.044	2.040	0.044	2.011	0.044	1.980	0.044	1.968	0.044	1.933
0.045	2.040	0.045	2.012	0.045	1.991	0.045	1.962	0.045	1.951
0.046	2.023	0.046	2.003	0.046	1.974	0.046	1.952	0.046	1.920
0.047	2.031	0.047	2.008	0.047	1.977	0.047	1.954	0.047	1.926
0.048	2.020	0.048	1.994	0.048	1.971	0.048	1.940	0.048	1.913
0.049	2.018	0.049	1.989	0.049	1.963	0.049	1.936	0.049	1.914
0.050	1.998	0.050	1.983	0.050	1.956	0.050	1.928	0.050	1.905
0.051	2.025	0.051	2.003	0.051	1.977	0.051	1.946	0.051	1.923
0.052	2.006	0.052	1.977	0.052	1.952	0.052	1.929	0.052	1.899
0.053	1.997	0.053	1.965	0.053	1.951	0.053	1.919	0.053	1.900
0.054	1.979	0.054	1.954	0.054	1.933	0.054	1.910	0.054	1.885
0.055	1.985	0.055	1.969	0.055	1.937	0.055	1.910	0.055	1.890
0.056	1.966	0.056	1.940	0.056	1.933	0.056	1.900	0.056	1.877
0.057	1.968	0.057	1.936	0.057	1.922	0.057	1.893	0.057	1.867
0.058	1.951	0.058	1.925	0.058	1.913	0.058	1.887	0.058	1.854
0.059	1.965	0.059	1.940	0.059	1.917	0.059	1.887	0.059	1.874
0.060	1.946	0.060	1.919	0.060	1.905	0.060	1.874	0.060	1.847
0.061	1.936	0.061	1.917	0.061	1.891	0.061	1.867	0.061	1.837
0.062	1.917	0.062	1.905	0.062	1.877	0.062	1.856	0.062	1.830
0.063	1.926	0.063	1.903	0.063	1.879	0.063	1.856	0.063	1.836
0.064	1.911	0.064	1.880	0.064	1.868	0.064	1.842	0.064	1.819
0.065	1.908	0.065	1.900	0.065	1.860	0.065	1.847	0.065	1.808
0.066	1.896	0.066	1.871	0.066	1.845	0.066	1.816	0.066	1.798
0.067	1.929	0.067	1.899	0.067	1.882	0.067	1.856	0.067	1.836
0.068	1.893	0.068	1.870	0.068	1.847	0.068	1.821	0.068	1.798
0.069	1.885	0.069	1.860	0.069	1.831	0.069	1.813	0.069	1.791
0.070	1.857	0.070	1.847	0.070	1.819	0.070	1.791	0.070	1.776
0.071	1.860	0.071	1.844	0.071	1.825	0.071	1.793	0.071	1.781
0.072	1.842	0.072	1.825	0.072	1.814	0.072	1.785	0.072	1.758
0.073	1.845	0.073	1.821	0.073	1.801	0.073	1.773	0.073	1.745
0.074	1.827	0.074	1.807	0.074	1.790	0.074	1.761	0.074	1.742
0.075	1.845	0.075	1.821	0.075	1.793	0.075	1.776	0.075	1.750
0.076	1.808	0.076	1.798	0.076	1.779	0.076	1.752	0.076	1.729
0.077	1.801	0.077	1.791	0.077	1.768	0.077	1.749	0.077	1.722
0.078	1.791	0.078	1.775	0.078	1.756	0.078	1.727	0.078	1.707
0.079	1.788	0.079	1.776	0.079	1.755	0.079	1.727	0.079	1.706
0.080	1.768	0.080	1.761	0.080	1.736	0.080	1.718	0.080	1.695
0.081	1.764	0.081	1.755	0.081	1.739	0.081	1.709	0.081	1.686
0.082	1.755	0.082	1.735	0.082	1.716	0.082	1.695	0.082	1.669
0.083	1.770	0.083	1.755	0.083	1.736	0.083	1.713	0.083	1.687
0.084	1.744	0.084	1.732	0.084	1.709	0.084	1.686	0.084	1.658
0.085	1.733	0.085	1.725	0.085	1.713	0.085	1.678	0.085	1.656
0.086	1.719	0.086	1.709	0.086	1.676	0.086	1.655	0.086	1.641
0.087	1.729	0.087	1.704	0.087	1.689	0.087	1.661	0.087	1.643
0.088	1.704	0.088	1.684	0.088	1.664	0.088	1.643	0.088	1.621
0.089	1.696	0.089	1.681	0.089	1.655	0.089	1.637	0.089	1.618
0.090	1.687	0.090	1.670	0.090	1.646	0.090	1.621	0.090	1.597
0.091	1.689	0.091	1.667	0.091	1.650	0.091	1.629	0.091	1.606
0.092	1.664	0.092	1.647	0.092	1.637	0.092	1.606	0.092	1.584
0.093	1.664	0.093	1.644	0.093	1.633	0.093	1.603	0.093	1.577
0.094	1.646	0.094	1.627	0.094	1.610	0.094	1.592	0.094	1.564
0.095	1.647	0.095	1.626	0.095	1.614	0.095	1.587	0.095	1.574
0.096	1.623	0.096	1.614	0.096	1.595	0.096	1.574	0.096	1.545
0.097	1.618	0.097	1.607	0.097	1.583	0.097	1.569	0.097	1.538
0.098	1.603	0.098	1.592	0.098	1.575	0.098	1.551	0.098	1.522
0.099	1.621	0.099	1.604	0.099	1.587	0.099	1.566	0.099	1.543
0.100	1.591	0.100	1.578	0.100	1.557	0.100	1.531	0.100	1.511
0.101	1.578	0.101	1.568	0.101	1.548	0.101	1.528	0.101	1.500
0.102	1.569	0.102	1.560	0.102	1.531	0.102	1.514	0.102	1.497
0.103	1.569	0.103	1.557	0.103	1.534	0.103	1.514	0.103	1.494
0.104	1.549	0.104	1.538	0.104	1.526	0.104	1.497	0.104	1.474
0.105	1.554	0.105	1.541	0.105	1.509	0.105	1.497	0.105	1.463
0.106	1.535	0.106	1.512	0.106	1.503	0.106	1.479	0.106	1.463
0.107	1.546	0.107	1.517	0.107	1.503	0.107	1.482	0.107	1.468
0.108	1.514	0.108	1.499	0.108	1.486	0.108	1.463	0.108	1.443
0.109	1.512	0.109	1.500	0.109	1.482	0.109	1.451	0.109	1.439
0.110	1.491	0.110	1.486	0.110	1.463	0.110	1.440	0.110	1.422
0.111	1.502	0.111	1.483	0.111	1.468	0.111	1.446	0.111	1.425
0.112	1.480	0.112	1.471	0.112	1.451	0.112	1.419	0.112	1.410
0.113	1.469	0.113	1.469	0.113	1.442	0.113	1.417	0.113	1.408
0.114	1.465	0.114	1.456	0.114	1.436	0.114	1.411	0.114	1.388
0.115	1.477	0.115	1.462	0.115	1.439	0.115	1.425	0.115	1.397
0.116	1.451	0.116	1.439	0.116	1.419	0.116	1.391	0.116	1.380
0.117	1.443	0.117	1.431	0.117	1.410	0.117	1.394	0.117	1.370
0.118	1.436	0.118	1.416	0.118	1.399	0.118	1.380	0.118	1.350
0.119	1.431	0.119	1.422	0.119	1.400	0.119	1.380	0.119	1.359
0.120	1.413	0.120	1.403	0.120	1.383	0.120	1.365	0.120	1.345
0.121	1.416	0.121	1.397	0.121	1.373	0.121	1.359	0.121	1.337
0.122	1.399	0.122	1.387	0.122	1.367	0.122	1.342	0.122	1.327
0.123	1.394	0.123	1.394	0.123	1.368	0.123	1.345	0.123	1.330
0.124	1.390	0.124	1.368	0.124	1.353	0.124	1.331	0.124	1.310
0.125	1.390	0.125	1.370	0.125	1.354	0.125	1.336	0.125	1.311
0.126	1.362	0.126	1.359	0.126	1.339	0.126	1.321	0.126	1.291
0.127	1.365	0.127	1.364	0.127	1.341	0.127	1.318	0.127	1.298
0.128	1.357	0.128	1.344	0.128	1.333	0.128	1.301	0.128	1.285
0.129	1.353	0.129	1.341	0.129	1.316	0.129	1.293	0.129	1.282
0.130	1.337	0.130	1.333	0.130	1.310	0.130	1.288	0.130	1.262
0.131	1.365	0.131	1.345	0.131	1.324	0.131	1.308	0.131	1.287
0.132	1.339	0.132	1.319	0.132	1.302	0.132	1.282	0.132	1.259
0.133	1.324	0.133	1.316	0.133	1.296	0.133	1.272	0.133	1.252
0.134	1.313	0.134	1.296	0.134	1.276	0.134	1.253	0.134	1.235
0.135	1.316	0.135	1.301	0.135	1.287	0.135	1.262	0.135	1.239
0.136	1.295	0.136	1.288	0.136	1.264	0.136	1.245	0.136	1.224
0.137	1.296	0.137	1.282	0.137	1.268	0.137	1.238	0.137	1.224
0.138	1.284	0.138	1.270	0.138	1.255	0.138	1.230	0.138	1.216
0.139	1.291	0.139	1.282	0.139	1.253	0.139	1.238	0.139	1.219
0.140	1.275	0.140	1.268	0.140	1.241	0.140	1.227	0.140	1.204
0.141	1.273	0.141	1.259	0.141	1.236	0.141	1.213	0.141	1.203
0.142	1.262	0.142	1.255	0.142	1.229	0.142	1.209	0.142	1.198
0.143	1.261	0.143	1.252	0.143	1.233	0.143	1.210	0.143	1.192
0.144	1.253	0.144	1.244	0.144	1.222	0.144	1.198	0.144	1.175
0.145	1.250	0.145	1.241	0.145	1.219	0.145	1.196	0.145	1.181
0.146	1.236	0.146	1.222	0.146	1.204	0.146	1.184	0.146	1.161
0.147	1.247	0.147	1.238	0.147	1.216	0.147	1.192	0.147	1.172
0.148	1.238	0.148	1.224	0.148	1.204	0.148	1.178	0.148	1.163
0.149	1.230	0.149	1.221	0.149	1.198	0.149	1.180	0.149	1.155
0.150	1.222	0.150	1.207	0.150	1.189	0.150	1.169	0.150	1.149
0.151	1.227	0.151	1.215	0.151	1.189	0.151	1.172	0.151	1.157
0.152	1.212	0.152	1.203	0.152	1.180	0.152	1.160	0.152	1.141
0.153	1.215	0.153	1.193	0.153	1.183	0.153	1.161	0.153	1.138
0.154	1.209	0.154	1.196	0.154	1.175	0.154	1.155	0.154	1.137
0.155	1.216	0.155	1.207	0.155	1.183	0.155	1.161	0.155	1.137
0.156	1.209	0.156	1.187	0.156	1.169	0.156	1.149	0.156	1.132
0.157	1.207	0.157	1.190	0.157	1.176	0.157	1.150	0.157	1.129
0.158	1.204	0.158	1.181	0.158	1.161	0.158	1.143	0.158	1.120
0.159	1.210	0.159	1.198	0.159	1.167	0.159	1.152	0.159	1.127
0.160	1.204	0.160	1.186	0.160	1.164	0.160	1.141	0.160	1.124
0.161	1.204	0.161	1.192	0.161	1.175	0.161	1.143	0.161	1.124
0.162	1.203	0.162	1.192	0.162	1.163	0.162	1.140	0.162	1.121
0.163	1.227	0.163	1.192	0.163	1.180	0.163	1.153	0.163	1.135
0.164	1.218	0.164	1.190	0.164	1.170	0.164	1.150	0.164	1.130
0.165	1.207	0.165	1.192	0.165	1.180	0.165	1.153	0.165	1.132
0.166	1.215	0.166	1.196	0.166	1.176	0.166	1.141	0.166	1.133
0.167	1.232	0.167	1.209	0.167	1.187	0.167	1.166	0.167	1.141
0.168	1.229	0.168	1.206	0.168	1.187	0.168	1.160	0.168	1.133
0.169	1.242	0.169	1.209	0.169	1.199	0.169	1.161	0.169	1.149
0.170	1.244	0.170	1.224	0.170	1.193	0.170	1.169	0.170	1.153
0.171	1.264	0.171	1.239	0.171	1.219	0.171	1.186	0.171	1.173
0.172	1.268	0.172	1.239	0.172	1.216	0.172	1.193	0.172	1.173
0.173	1.275	0.173	1.253	0.173	1.229	0.173	1.207	0.173	1.181
0.174	1.284	0.174	1.259	0.174	1.235	0.174	1.207	0.174	1.184
0.175	1.310	0.175	1.278	0.175	1.252	0.175	1.230	0.175	1.204
0.176	1.302	0.176	1.282	0.176	1.259	0.176	1.233	0.176	1.210
0.177	1.327	0.177	1.305	0.177	1.265	0.177	1.253	0.177	1.227
0.178	1.344	0.178	1.316	0.178	1.287	0.178	1.262	0.178	1.232
0.179	1.371	0.179	1.341	0.179	1.318	0.179	1.291	0.179	1.261
0.180	1.373	0.180	1.356	0.180	1.327	0.180	1.293	0.180	1.279
0.181	1.396	0.181	1.371	0.181	1.344	0.181	1.311	0.181	1.290
0.182	1.406	0.182	1.383	0.182	1.357	0.182	1.321	0.182	1.304
0.183	1.439	0.183	1.399	0.183	1.388	0.183	1.348	0.183	1.327
0.184	1.451	0.184	1.420	0.184	1.391	0.184	1.359	0.184	1.337
0.185	1.472	0.185	1.445	0.185	1.422	0.185	1.383	0.185	1.362
0.186	1.492	0.186	1.443	0.186	1.422	0.186	1.400	0.186	1.370
0.187	1.517	0.187	1.483	0.187	1.451	0.187	1.426	0.187	1.405
0.188	1.522	0.188	1.506	0.188	1.459	0.188	1.442	0.188	1.416
0.189	1.541	0.189	1.515	0.189	1.489	0.189	1.460	0.189	1.431
0.190	1.557	0.190	1.518	0.190	1.499	0.190	1.466	0.190	1.443
0.191	1.578	0.191	1.548	0.191	1.514	0.191	1.492	0.191	1.463
0.192	1.587	0.192	1.564	0.192	1.526	0.192	1.499	0.192	1.476
0.193	1.609	0.193	1.568	0.193	1.537	0.193	1.511	0.193	1.482
0.194	1.610	0.194	1.584	0.194	1.540	0.194	1.514	0.194	1.491
0.195	1.653	0.195	1.617	0.195	1.583	0.195	1.554	0.195	1.532
0.196	1.640	0.196	1.595	0.196	1.572	0.196	1.548	0.196	1.511
0.197	1.640	0.197	1.603	0.197	1.574	0.197	1.548	0.197	1.518
0.198	1.632	0.198	1.610	0.198	1.568	0.198	1.543	0.198	1.512
0.199	1.644	0.199	1.603	0.199	1.572	0.199	1.548	0.199	1.525
0.200	1.638	0.200	1.586	0.200	1.569	0.200	1.540	0.200	1.520
0.201	1.632	0.201	1.589	0.201	1.568	0.201	1.543	0.201	1.511
0.202	1.618	0.202	1.601	0.202	1.554	0.202	1.529	0.202	1.505
0.203	1.623	0.203	1.587	0.203	1.555	0.203	1.531	0.203	1.508
0.204	1.607	0.204	1.572	0.204	1.541	0.204	1.523	0.204	1.497
0.205	1.598	0.205	1.577	0.205	1.535	0.205	1.509	0.205	1.492
0.206	1.589	0.206	1.537	0.206	1.523	0.206	1.503	0.206	1.476
0.207	1.577	0.207	1.541	0.207	1.523	0.207	1.492	0.207	1.477
0.208	1.566	0.208	1.529	0.208	1.505	0.208	1.486	0.208	1.460
0.209	1.555	0.209	1.518	0.209	1.494	0.209	1.477	0.209	1.457
0.210	1.535	0.210	1.497	0.210	1.485	0.210	1.463	0.210	1.439
0.211	1.537	0.211	1.511	0.211	1.483	0.211	1.463	0.211	1.446
0.212	1.511	0.212	1.482	0.212	1.462	0.212	1.448	0.212	1.428
0.213	1.502	0.213	1.462	0.213	1.443	0.213	1.417	0.213	1.411
0.214	1.469	0.214	1.448	0.214	1.425	0.214	1.403	0.214	1.388
0.215	1.449	0.215	1.436	0.215	1.423	0.215	1.391	0.215	1.376
0.216	1.417	0.216	1.400	0.216	1.385	0.216	1.362	0.216	1.357
0.217	1.402	0.217	1.383	0.217	1.370	0.217	1.350	0.217	1.333
0.218	1.377	0.218	1.360	0.218	1.339	0.218	1.322	0.218	1.311
0.219	1.351	0.219	1.339	0.219	1.319	0.219	1.311	0.219	1.296
0.220	1.325	0.220	1.310	0.220	1.296	0.220	1.285	0.220	1.267
0.221	1.305	0.221	1.281	0.221	1.272	0.221	1.252	0.221	1.236
0.222	1.270	0.222	1.244	0.222	1.235	0.222	1.218	0.222	1.212
0.223	1.232	0.223	1.222	0.223	1.210	0.223	1.199	0.223	1.186
0.224	1.201	0.224	1.186	0.224	1.175	0.224	1.164	0.224	1.163
0.225	1.175	0.225	1.157	0.225	1.147	0.225	1.137	0.225	1.121
0.226	1.126	0.226	1.126	0.226	1.114	0.226	1.106	0.226	1.092
0.227	1.112	0.227	1.097	0.227	1.092	0.227	1.087	0.227	1.081
0.228	1.071	0.228	1.060	0.228	1.049	0.228	1.035	0.228	1.032
0.229	1.034	0.229	1.025	0.229	1.015	0.229	1.017	0.229	1.008
0.230	0.994	0.230	0.989	0.230	0.982	0.230	0.983	0.230	0.976
0.231	0.980	0.231	0.962	0.231	0.960	0.231	0.957	0.231	0.940
0.232	0.943	0.232	0.931	0.232	0.919	0.232	0.914	0.232	0.910
0.233	0.914	0.233	0.907	0.233	0.903	0.233	0.894	0.233	0.888
0.234	0.883	0.234	0.870	0.234	0.870	0.234	0.865	0.234	0.856
0.235	0.871	0.235	0.857	0.235	0.857	0.235	0.848	0.235	0.834
0.236	0.833	0.236	0.827	0.236	0.816	0.236	0.818	0.236	0.808
0.237	0.818	0.237	0.810	0.237	0.799	0.237	0.793	0.237	0.790
0.238	0.793	0.238	0.784	0.238	0.779	0.238	0.779	0.238	0.767
0.239	0.779	0.239	0.768	0.239	0.765	0.239	0.761	0.239	0.752
0.240	0.762	0.240	0.749	0.240	0.742	0.240	0.738	0.240	0.732
0.241	0.742	0.241	0.738	0.241	0.719	0.241	0.726	0.241	0.719
0.242	0.730	0.242	0.713	0.242	0.715	0.242	0.709	0.242	0.699
0.243	0.724	0.243	0.715	0.243	0.712	0.243	0.703	0.243	0.695
0.244	0.707	0.244	0.695	0.244	0.690	0.244	0.681	0.244	0.680
0.245	0.692	0.245	0.684	0.245	0.681	0.245	0.660	0.245	0.669
0.246	0.681	0.246	0.672	0.246	0.666	0.246	0.657	0.246	0.652
0.247	0.683	0.247	0.672	0.247	0.663	0.247	0.661	0.247	0.650
0.248	0.670	0.248	0.660	0.248	0.647	0.248	0.644	0.248	0.640
0.249	0.669	0.249	0.646	0.249	0.643	0.249	0.644	0.249	0.630
0.250	0.667	0.250	0.643	0.250	0.637	0.250	0.627	0.250	0.626
0.251	0.658	0.251	0.643	0.251	0.638	0.251	0.634	0.251	0.624
0.252	0.650	0.252	0.634	0.252	0.629	0.252	0.618	0.252	0.615
0.253	0.649	0.253	0.635	0.253	0.624	0.253	0.618	0.253	0.614
0.254	0.644	0.254	0.624	0.254	0.629	0.254	0.615	0.254	0.607
0.255	0.647	0.255	0.634	0.255	0.626	0.255	0.617	0.255	0.612
0.256	0.641	0.256	0.623	0.256	0.618	0.256	0.607	0.256	0.606
0.257	0.641	0.257	0.627	0.257	0.620	0.257	0.615	0.257	0.600
0.258	0.641	0.258	0.635	0.258	0.612	0.258	0.604	0.258	0.601
0.259	0.655	0.259	0.635	0.259	0.634	0.259	0.618	0.259	0.612
0.260	0.647	0.260	0.632	0.260	0.626	0.260	0.614	0.260	0.604
0.261	0.644	0.261	0.627	0.261	0.621	0.261	0.621	0.261	0.611
0.262	0.643	0.262	0.627	0.262	0.621	0.262	0.609	0.262	0.603
0.263	0.647	0.263	0.632	0.263	0.629	0.263	0.617	0.263	0.606
0.264	0.657	0.264	0.632	0.264	0.623	0.264	0.617	0.264	0.609
0.265	0.658	0.265	0.635	0.265	0.627	0.265	0.621	0.265	0.612
0.266	0.661	0.266	0.640	0.266	0.629	0.266	0.623	0.266	0.615
0.267	0.663	0.267	0.646	0.267	0.638	0.267	0.629	0.267	0.618
0.268	0.664	0.268	0.650	0.268	0.638	0.268	0.620	0.268	0.620
0.269	0.675	0.269	0.658	0.269	0.647	0.269	0.632	0.269	0.623
0.270	0.673	0.270	0.657	0.270	0.646	0.270	0.632	0.270	0.624
0.271	0.684	0.271	0.669	0.271	0.661	0.271	0.647	0.271	0.629
0.272	0.683	0.272	0.672	0.272	0.658	0.272	0.646	0.272	0.646
0.273	0.692	0.273	0.667	0.273	0.664	0.273	0.647	0.273	0.640
0.274	0.698	0.274	0.672	0.274	0.667	0.274	0.655	0.274	0.643
0.275	0.712	0.275	0.687	0.275	0.676	0.275	0.672	0.275	0.660
0.276	0.715	0.276	0.698	0.276	0.684	0.276	0.669	0.276	0.653
0.277	0.722	0.277	0.703	0.277	0.695	0.277	0.676	0.277	0.667
0.278	0.729	0.278	0.706	0.278	0.695	0.278	0.687	0.278	0.673
0.279	0.739	0.279	0.719	0.279	0.706	0.279	0.687	0.279	0.680
0.280	0.738	0.280	0.719	0.280	0.709	0.280	0.695	0.280	0.689
0.281	0.758	0.281	0.735	0.281	0.716	0.281	0.707	0.281	0.692
0.282	0.770	0.282	0.741	0.282	0.722	0.282	0.709	0.282	0.695
0.283	0.779	0.283	0.753	0.283	0.736	0.283	0.730	0.283	0.710
0.284	0.791	0.284	0.762	0.284	0.744	0.284	0.730	0.284	0.715
0.285	0.801	0.285	0.778	0.285	0.767	0.285	0.745	0.285	0.736
0.286	0.810	0.286	0.782	0.286	0.764	0.286	0.750	0.286	0.730
0.287	0.827	0.287	0.798	0.287	0.784	0.287	0.761	0.287	0.749
0.288	0.842	0.288	0.808	0.288	0.795	0.288	0.773	0.288	0.764
0.289	0.867	0.289	0.830	0.289	0.807	0.289	0.787	0.289	0.767
0.290	0.874	0.290	0.841	0.290	0.814	0.290	0.801	0.290	0.782
0.291	0.900	0.291	0.860	0.291	0.839	0.291	0.821	0.291	0.796
0.292	0.914	0.292	0.874	0.292	0.850	0.292	0.828	0.292	0.805
0.293	0.923	0.293	0.888	0.293	0.867	0.293	0.839	0.293	0.818
0.294	0.943	0.294	0.902	0.294	0.882	0.294	0.859	0.294	0.828
0.295	0.971	0.295	0.936	0.295	0.897	0.295	0.882	0.295	0.860
0.296	0.995	0.296	0.945	0.296	0.919	0.296	0.888	0.296	0.873
0.297	1.017	0.297	0.972	0.297	0.936	0.297	0.913	0.297	0.885
0.298	1.041	0.298	0.994	0.298	0.962	0.298	0.930	0.298	0.907
0.299	1.074	0.299	1.018	0.299	0.994	0.299	0.957	0.299	0.934
0.300	1.100	0.300	1.046	0.300	1.012	0.300	0.985	0.300	0.942
0.301	1.126	0.301	1.074	0.301	1.038	0.301	1.005	0.301	0.974
0.302	1.160	0.302	1.104	0.302	1.063	0.302	1.028	0.302	0.986
0.303	1.201	0.303	1.141	0.303	1.100	0.303	1.060	0.303	1.025
0.304	1.232	0.304	1.173	0.304	1.130	0.304	1.084	0.304	1.048
0.305	1.275	0.305	1.206	0.305	1.161	0.305	1.110	0.305	1.074
0.306	1.314	0.306	1.238	0.306	1.195	0.306	1.149	0.306	1.100
0.307	1.373	0.307	1.298	0.307	1.242	0.307	1.193	0.307	1.144
0.308	1.410	0.308	1.334	0.308	1.282	0.308	1.222	0.308	1.172
0.309	1.462	0.309	1.383	0.309	1.318	0.309	1.264	0.309	1.209
0.310	1.509	0.310	1.425	0.310	1.360	0.310	1.299	0.310	1.244
0.311	1.574	0.311	1.479	0.311	1.411	0.311	1.342	0.311	1.285
0.312	1.624	0.312	1.526	0.312	1.457	0.312	1.383	0.312	1.322
0.313	1.687	0.313	1.581	0.313	1.506	0.313	1.426	0.313	1.362
0.314	1.747	0.314	1.637	0.314	1.551	0.314	1.477	0.314	1.406
0.315	1.830	0.315	1.701	0.315	1.615	0.315	1.532	0.315	1.448
0.316	1.880	0.316	1.762	0.316	1.660	0.316	1.569	0.316	1.486
0.317	1.956	0.317	1.827	0.317	1.721	0.317	1.623	0.317	1.534
0.318	2.017	0.318	1.885	0.318	1.775	0.318	1.669	0.318	1.586
0.319	2.097	0.319	1.946	0.319	1.837	0.319	1.729	0.319	1.627
0.320	2.158	0.320	2.011	0.320	1.888	0.320	1.765	0.320	1.670
0.321	2.225	0.321	2.064	0.321	1.945	0.321	1.822	0.321	1.718
0.322	2.282	0.322	2.124	0.322	1.992	0.322	1.868	0.322	1.750
0.323	2.367	0.323	2.196	0.323	2.051	0.323	1.920	0.323	1.805
0.324	2.399	0.324	2.232	0.324	2.091	0.324	1.952	0.324	1.841
0.325	2.457	0.325	2.271	0.325	2.129	0.325	1.983	0.325	1.865
0.326	2.475	0.326	2.304	0.326	2.150	0.326	2.012	0.326	1.883
0.327	2.506	0.327	2.336	0.327	2.175	0.327	2.043	0.327	1.905
0.328	2.514	0.328	2.333	0.328	2.187	0.328	2.040	0.328	1.911
0.329	2.498	0.329	2.330	0.329	2.190	0.329	2.049	0.329	1.914
0.330	2.471	0.330	2.316	0.330	2.175	0.330	2.031	0.330	1.903
0.331	2.442	0.331	2.290	0.331	2.158	0.331	2.018	0.331	1.882
0.332	2.373	0.332	2.238	0.332	2.110	0.332	1.986	0.332	1.857
0.333	2.293	0.333	2.178	0.333	2.055	0.333	1.943	0.333	1.824
0.334	2.184	0.334	2.094	0.334	1.989	0.334	1.888	0.334	1.768
0.335	2.080	0.335	2.005	0.335	1.917	0.335	1.818	0.335	1.713
0.336	1.945	0.336	1.890	0.336	1.824	0.336	1.727	0.336	1.646
0.337	1.811	0.337	1.776	0.337	1.719	0.337	1.655	0.337	1.572
0.338	1.673	0.338	1.650	0.338	1.615	0.338	1.561	0.338	1.480
0.339	1.546	0.339	1.538	0.339	1.512	0.339	1.469	0.339	1.408
0.340	1.408	0.340	1.411	0.340	1.403	0.340	1.367	0.340	1.318
0.341	1.284	0.341	1.295	0.341	1.288	0.341	1.265	0.341	1.229
0.342	1.167	0.342	1.183	0.342	1.189	0.342	1.169	0.342	1.141
0.343	1.074	0.343	1.089	0.343	1.098	0.343	1.084	0.343	1.068
0.344	0.989	0.344	0.999	0.344	1.006	0.344	1.005	0.344	0.983
0.345	0.914	0.345	0.925	0.345	0.936	0.345	0.931	0.345	0.923
0.346	0.854	0.346	0.857	0.346	0.873	0.346	0.868	0.346	0.859
0.347	0.816	0.347	0.814	0.347	0.810	0.347	0.818	0.347	0.805
0.348	0.772	0.348	0.768	0.348	0.765	0.348	0.765	0.348	0.758
0.349	0.726	0.349	0.729	0.349	0.724	0.349	0.721	0.349	0.721
0.350	0.693	0.350	0.684	0.350	0.687	0.350	0.686	0.350	0.683
0.351	0.672	0.351	0.658	0.351	0.658	0.351	0.655	0.351	0.652
0.352	0.638	0.352	0.629	0.352	0.629	0.352	0.632	0.352	0.623
0.353	0.614	0.353	0.611	0.353	0.609	0.353	0.603	0.353	0.598
0.354	0.597	0.354	0.592	0.354	0.578	0.354	0.578	0.354	0.583
0.355	0.580	0.355	0.571	0.355	0.561	0.355	0.560	0.355	0.561
0.356	0.555	0.356	0.552	0.356	0.551	0.356	0.546	0.356	0.537
0.357	0.535	0.357	0.543	0.357	0.529	0.357	0.526	0.357	0.526
0.358	0.517	0.358	0.523	0.358	0.508	0.358	0.509	0.358	0.508
0.359	0.511	0.359	0.494	0.359	0.505	0.359	0.503	0.359	0.488
0.360	0.502	0.360	0.489	0.360	0.486	0.360	0.472	0.360	0.480
0.361	0.488	0.361	0.483	0.361	0.474	0.361	0.472	0.361	0.472
0.362	0.477	0.362	0.465	0.362	0.468	0.362	0.465	0.362	0.449
0.363	0.469	0.363	0.459	0.363	0.459	0.363	0.449	0.363	0.451
0.364	0.462	0.364	0.449	0.364	0.442	0.364	0.443	0.364	0.442
0.365	0.451	0.365	0.434	0.365	0.436	0.365	0.443	0.365	0.434
0.366	0.439	0.366	0.426	0.366	0.430	0.366	0.423	0.366	0.422
0.367	0.431	0.367	0.426	0.367	0.420	0.367	0.419	0.367	0.405
0.368	0.423	0.368	0.419	0.368	0.416	0.368	0.410	0.368	0.407
0.369	0.414	0.369	0.407	0.369	0.414	0.369	0.403	0.369	0.400
0.370	0.410	0.370	0.405	0.370	0.402	0.370	0.402	0.370	0.388
0.371	0.403	0.371	0.400	0.371	0.399	0.371	0.391	0.371	0.393
0.372	0.393	0.372	0.391	0.372	0.390	0.372	0.391	0.372	0.382
0.373	0.391	0.373	0.388	0.373	0.390	0.373	0.382	0.373	0.379
0.374	0.387	0.374	0.387	0.374	0.385	0.374	0.384	0.374	0.370
0.375	0.390	0.375	0.382	0.375	0.376	0.375	0.370	0.375	0.370
0.376	0.382	0.376	0.379	0.376	0.370	0.376	0.376	0.376	0.362
0.377	0.371	0.377	0.364	0.377	0.373	0.377	0.367	0.377	0.361
0.378	0.370	0.378	0.364	0.378	0.361	0.378	0.364	0.378	0.359
0.379	0.370	0.379	0.364	0.379	0.359	0.379	0.354	0.379	0.356
0.380	0.368	0.380	0.357	0.380	0.356	0.380	0.353	0.380	0.347
0.381	0.361	0.381	0.356	0.381	0.354	0.381	0.348	0.381	0.345
0.382	0.357	0.382	0.354	0.382	0.345	0.382	0.347	0.382	0.347
0.383	0.350	0.383	0.351	0.383	0.350	0.383	0.341	0.383	0.341
0.384	0.351	0.384	0.344	0.384	0.341	0.384	0.334	0.384	0.338
0.385	0.345	0.385	0.341	0.385	0.342	0.385	0.339	0.385	0.338
0.386	0.345	0.386	0.348	0.386	0.347	0.386	0.328	0.386	0.331
0.387	0.342	0.387	0.345	0.387	0.338	0.387	0.338	0.387	0.330
0.388	0.339	0.388	0.333	0.388	0.334	0.388	0.334	0.388	0.336
0.389	0.331	0.389	0.344	0.389	0.333	0.389	0.330	0.389	0.325
0.390	0.338	0.390	0.331	0.390	0.327	0.390	0.327	0.390	0.316
0.391	0.330	0.391	0.319	0.391	0.334	0.391	0.328	0.391	0.328
0.392	0.322	0.392	0.322	0.392	0.330	0.392	0.333	0.392	0.324
0.393	0.328	0.393	0.328	0.393	0.319	0.393	0.318	0.393	0.321
0.394	0.328	0.394	0.324	0.394	0.321	0.394	0.313	0.394	0.319
0.395	0.331	0.395	0.325	0.395	0.316	0.395	0.322	0.395	0.313
0.396	0.324	0.396	0.313	0.396	0.316	0.396	0.313	0.396	0.308
0.397	0.327	0.397	0.322	0.397	0.321	0.397	0.316	0.397	0.315
0.398	0.319	0.398	0.322	0.398	0.311	0.398	0.315	0.398	0.316
0.399	0.322	0.399	0.313	0.399	0.311	0.399	0.304	0.399	0.310
0.400	0.315	0.400	0.313	0.400	0.321	0.400	0.316	0.400	0.311
0.401	0.315	0.401	0.310	0.401	0.313	0.401	0.302	0.401	0.302
0.402	0.315	0.402	0.310	0.402	0.307	0.402	0.308	0.402	0.305
0.403	0.310	0.403	0.311	0.403	0.313	0.403	0.305	0.403	0.311
0.404	0.318	0.404	0.307	0.404	0.315	0.404	0.308	0.404	0.310
0.405	0.313	0.405	0.311	0.405	0.307	0.405	0.305	0.405	0.299
0.406	0.310	0.406	0.305	0.406	0.296	0.406	0.302	0.406	0.301
0.407	0.315	0.407	0.310	0.407	0.304	0.407	0.305	0.407	0.301
0.408	0.304	0.408	0.302	0.408	0.296	0.408	0.298	0.408	0.302
0.409	0.307	0.409	0.307	0.409	0.305	0.409	0.301	0.409	0.305
0.410	0.304	0.410	0.302	0.410	0.299	0.410	0.298	0.410	0.301
0.411	0.308	0.411	0.301	0.411	0.296	0.411	0.295	0.411	0.301
0.412	0.304	0.412	0.301	0.412	0.293	0.412	0.293	0.412	0.298
0.413	0.301	0.413	0.291	0.413	0.296	0.413	0.293	0.413	0.298
0.414	0.299	0.414	0.298	0.414	0.291	0.414	0.295	0.414	0.302
0.415	0.302	0.415	0.298	0.415	0.304	0.415	0.296	0.415	0.290
0.416	0.302	0.416	0.290	0.416	0.298	0.416	0.293	0.416	0.298
0.417	0.288	0.417	0.291	0.417	0.290	0.417	0.293	0.417	0.293
0.418	0.295	0.418	0.296	0.418	0.293	0.418	0.290	0.418	0.285
0.419	0.293	0.419	0.298	0.419	0.293	0.419	0.293	0.419	0.293
0.420	0.302	0.420	0.293	0.420	0.295	0.420	0.291	0.420	0.290
0.421	0.295	0.421	0.285	0.421	0.284	0.421	0.290	0.421	0.287
0.422	0.295	0.422	0.290	0.422	0.298	0.422	0.287	0.422	0.282
0.423	0.301	0.423	0.284	0.423	0.288	0.423	0.291	0.423	0.288
0.424	0.290	0.424	0.291	0.424	0.284	0.424	0.287	0.424	0.295
0.425	0.291	0.425	0.285	0.425	0.285	0.425	0.288	0.425	0.287
0.426	0.290	0.426	0.288	0.426	0.282	0.426	0.282	0.426	0.273
0.427	0.295	0.427	0.287	0.427	0.284	0.427	0.282	0.427	0.282
0.428	0.285	0.428	0.288	0.428	0.282	0.428	0.284	0.428	0.285
0.429	0.290	0.429	0.287	0.429	0.284	0.429	0.282	0.429	0.287
0.430	0.281	0.430	0.287	0.430	0.284	0.430	0.279	0.430	0.282
0.431	0.287	0.431	0.285	0.431	0.282	0.431	0.284	0.431	0.282
0.432	0.285	0.432	0.282	0.432	0.279	0.432	0.281	0.432	0.281
0.433	0.287	0.433	0.282	0.433	0.284	0.433	0.281	0.433	0.275
0.434	0.278	0.434	0.281	0.434	0.275	0.434	0.275	0.434	0.273
0.435	0.282	0.435	0.281	0.435	0.281	0.435	0.276	0.435	0.279
0.436	0.281	0.436	0.275	0.436	0.282	0.436	0.273	0.436	0.278
0.437	0.275	0.437	0.272	0.437	0.278	0.437	0.276	0.437	0.275
0.438	0.282	0.438	0.279	0.438	0.278	0.438	0.278	0.438	0.275
0.439	0.275	0.439	0.279	0.439	0.275	0.439	0.282	0.439	0.276
0.440	0.278	0.440	0.273	0.440	0.279	0.440	0.278	0.440	0.273
0.441	0.275	0.441	0.275	0.441	0.272	0.441	0.273	0.441	0.272
0.442	0.273	0.442	0.270	0.442	0.273	0.442	0.275	0.442	0.272
0.443	0.275	0.443	0.276	0.443	0.272	0.443	0.281	0.443	0.276
0.444	0.276	0.444	0.273	0.444	0.272	0.444	0.272	0.444	0.268
0.445	0.281	0.445	0.275	0.445	0.267	0.445	0.270	0.445	0.268
0.446	0.268	0.446	0.276	0.446	0.265	0.446	0.268	0.446	0.270
0.447	0.273	0.447	0.265	0.447	0.267	0.447	0.270	0.447	0.270
0.448	0.278	0.448	0.267	0.448	0.267	0.448	0.265	0.448	0.270
0.449	0.272	0.449	0.273	0.449	0.267	0.449	0.267	0.449	0.273
0.450	0.275	0.450	0.273	0.450	0.276	0.450	0.267	0.450	0.270
0.451	0.273	0.451	0.267	0.451	0.279	0.451	0.275	0.451	0.278
0.452	0.273	0.452	0.267	0.452	0.265	0.452	0.270	0.452	0.272
0.453	0.272	0.453	0.272	0.453	0.268	0.453	0.264	0.453	0.267
0.454	0.272	0.454	0.268	0.454	0.273	0.454	0.272	0.454	0.268
0.455	0.268	0.455	0.273	0.455	0.267	0.455	0.268	0.455	0.270
0.456	0.265	0.456	0.268	0.456	0.267	0.456	0.267	0.456	0.264
0.457	0.259	0.457	0.267	0.457	0.275	0.457	0.275	0.457	0.268
0.458	0.273	0.458	0.265	0.458	0.272	0.458	0.273	0.458	0.268
0.459	0.265	0.459	0.264	0.459	0.268	0.459	0.270	0.459	0.268
0.460	0.273	0.460	0.272	0.460	0.268	0.460	0.270	0.460	0.270
0.461	0.264	0.461	0.262	0.461	0.262	0.461	0.273	0.461	0.272
0.462	0.262	0.462	0.268	0.462	0.267	0.462	0.267	0.462	0.268
0.463	0.272	0.463	0.272	0.463	0.270	0.463	0.264	0.463	0.268
0.464	0.284	0.464	0.272	0.464	0.268	0.464	0.262	0.464	0.279
0.465	0.270	0.465	0.270	0.465	0.268	0.465	0.273	0.465	0.268
0.466	0.275	0.466	0.273	0.466	0.268	0.466	0.270	0.466	0.267
0.467	0.264	0.467	0.270	0.467	0.272	0.467	0.267	0.467	0.273
0.468	0.270	0.468	0.270	0.468	0.273	0.468	0.268	0.468	0.268
0.469	0.268	0.469	0.268	0.469	0.270	0.469	0.273	0.469	0.267
0.470	0.278	0.470	0.272	0.470	0.265	0.470	0.270	0.470	0.275
0.471	0.272	0.471	0.268	0.471	0.268	0.471	0.272	0.471	0.272
0.472	0.265	0.472	0.272	0.472	0.270	0.472	0.275	0.472	0.264
0.473	0.268	0.473	0.268	0.473	0.272	0.473	0.268	0.473	0.272
0.474	0.268	0.474	0.262	0.474	0.267	0.474	0.267	0.474	0.268
0.475	0.276	0.475	0.267	0.475	0.272	0.475	0.268	0.475	0.273
0.476	0.278	0.476	0.268	0.476	0.267	0.476	0.272	0.476	0.278
0.477	0.281	0.477	0.276	0.477	0.276	0.477	0.275	0.477	0.272
0.478	0.272	0.478	0.276	0.478	0.264	0.478	0.270	0.478	0.272
0.479	0.270	0.479	0.272	0.479	0.275	0.479	0.275	0.479	0.279
0.480	0.270	0.480	0.272	0.480	0.278	0.480	0.278	0.480	0.279
0.481	0.273	0.481	0.273	0.481	0.276	0.481	0.278	0.481	0.278
0.482	0.267	0.482	0.276	0.482	0.273	0.482	0.281	0.482	0.279
0.483	0.273	0.483	0.281	0.483	0.275	0.483	0.276	0.483	0.279
0.484	0.281	0.484	0.273	0.484	0.272	0.484	0.276	0.484	0.279
0.485	0.276	0.485	0.273	0.485	0.281	0.485	0.281	0.485	0.284
0.486	0.279	0.486	0.275	0.486	0.279	0.486	0.279	0.486	0.282
0.487	0.276	0.487	0.279	0.487	0.278	0.487	0.282	0.487	0.284
0.488	0.278	0.488	0.276	0.488	0.282	0.488	0.282	0.488	0.287
0.489	0.287	0.489	0.285	0.489	0.284	0.489	0.284	0.489	0.287
0.490	0.279	0.490	0.285	0.490	0.282	0.490	0.285	0.490	0.285
0.491	0.287	0.491	0.285	0.491	0.284	0.491	0.285	0.491	0.287
0.492	0.285	0.492	0.288	0.492	0.284	0.492	0.287	0.492	0.293
0.493	0.281	0.493	0.282	0.493	0.291	0.493	0.288	0.493	0.290
0.494	0.287	0.494	0.284	0.494	0.290	0.494	0.291	0.494	0.299
0.495	0.293	0.495	0.291	0.495	0.290	0.495	0.293	0.495	0.295
0.496	0.287	0.496	0.291	0.496	0.298	0.496	0.290	0.496	0.295
0.497	0.287	0.497	0.290	0.497	0.299	0.497	0.293	0.497	0.301
0.498	0.291	0.498	0.291	0.498	0.298	0.498	0.302	0.498	0.299
0.499	0.291	0.499	0.296	0.499	0.305	0.499	0.295	0.499	0.304
0.500	0.184	0.500	0.183	0.500	0.189	0.500	0.184	0.500	0.187
0.499	0.065	0.499	0.065	0.499	0.057	0.499	0.057	0.499	0.057
0.498	-0.028	0.498	-0.028	0.498	-0.035	0.498	-0.031	0.498	-0.023
0.497	-0.087	0.497	-0.083	0.497	-0.080	0.497	-0.084	0.497	-0.087
0.496	-0.121	0.496	-0.120	0.496	-0.127	0.496	-0.127	0.496	-0.129
0.495	-0.147	0.495	-0.153	0.495	-0.149	0.495	-0.150	0.495	-0.153
0.494	-0.170	0.494	-0.169	0.494	-0.169	0.494	-0.175	0.494	-0.175
0.493	-0.178	0.493	-0.181	0.493	-0.184	0.493	-0.190	0.493	-0.182
0.492	-0.190	0.492	-0.193	0.492	-0.189	0.492	-0.189	0.492	-0.201
0.491	-0.193	0.491	-0.202	0.491	-0.202	0.491	-0.198	0.491	-0.202
0.490	-0.205	0.490	-0.204	0.490	-0.201	0.490	-0.204	0.490	-0.207
0.489	-0.208	0.489	-0.208	0.489	-0.210	0.489	-0.210	0.489	-0.208
0.488	-0.205	0.488	-0.208	0.488	-0.212	0.488	-0.219	0.488	-0.213
0.487	-0.202	0.487	-0.212	0.487	-0.216	0.487	-0.216	0.487	-0.219
0.486	-0.213	0.486	-0.215	0.486	-0.210	0.486	-0.213	0.486	-0.221
0.485	-0.219	0.485	-0.208	0.485	-0.208	0.485	-0.219	0.485	-0.227
0.484	-0.219	0.484	-0.212	0.484	-0.213	0.484	-0.219	0.484	-0.215
0.483	-0.215	0.483	-0.221	0.483	-0.222	0.483	-0.222	0.483	-0.222
0.482	-0.222	0.482	-0.218	0.482	-0.222	0.482	-0.228	0.482	-0.224
0.481	-0.216	0.481	-0.218	0.481	-0.215	0.481	-0.221	0.481	-0.225
0.480	-0.219	0.480	-0.218	0.480	-0.218	0.480	-0.228	0.480	-0.225
0.479	-0.221	0.479	-0.219	0.479	-0.219	0.479	-0.225	0.479	-0.228
0.478	-0.216	0.478	-0.219	0.478	-0.221	0.478	-0.224	0.478	-0.222
0.477	-0.221	0.477	-0.213	0.477	-0.218	0.477	-0.222	0.477	-0.224
0.476	-0.219	0.476	-0.218	0.476	-0.219	0.476	-0.224	0.476	-0.228
0.475	-0.218	0.475	-0.216	0.475	-0.224	0.475	-0.227	0.475	-0.225
0.474	-0.225	0.474	-0.224	0.474	-0.227	0.474	-0.224	0.474	-0.228
0.473	-0.225	0.473	-0.221	0.473	-0.224	0.473	-0.228	0.473	-0.227
0.472	-0.221	0.472	-0.222	0.472	-0.224	0.472	-0.228	0.472	-0.228
0.471	-0.221	0.471	-0.224	0.471	-0.224	0.471	-0.228	0.471	-0.224
0.470	-0.221	0.470	-0.221	0.470	-0.222	0.470	-0.230	0.470	-0.224
0.469	-0.227	0.469	-0.221	0.469	-0.225	0.469	-0.231	0.469	-0.228
0.468	-0.219	0.468	-0.225	0.468	-0.225	0.468	-0.235	0.468	-0.231
0.467	-0.227	0.467	-0.225	0.467	-0.224	0.467	-0.230	0.467	-0.228
0.466	-0.222	0.466	-0.225	0.466	-0.224	0.466	-0.231	0.466	-0.230
0.465	-0.227	0.465	-0.224	0.465	-0.221	0.465	-0.231	0.465	-0.236
0.464	-0.222	0.464	-0.227	0.464	-0.233	0.464	-0.230	0.464	-0.239
0.463	-0.230	0.463	-0.228	0.463	-0.235	0.463	-0.231	0.463	-0.224
0.462	-0.225	0.462	-0.222	0.462	-0.235	0.462	-0.231	0.462	-0.230
0.461	-0.225	0.461	-0.227	0.461	-0.225	0.461	-0.230	0.461	-0.231
0.460	-0.236	0.460	-0.230	0.460	-0.236	0.460	-0.242	0.460	-0.235
0.459	-0.228	0.459	-0.228	0.459	-0.227	0.459	-0.239	0.459	-0.225
0.458	-0.228	0.458	-0.227	0.458	-0.233	0.458	-0.238	0.458	-0.231
0.457	-0.225	0.457	-0.225	0.457	-0.231	0.457	-0.235	0.457	-0.231
0.456	-0.236	0.456	-0.230	0.456	-0.233	0.456	-0.233	0.456	-0.236
0.455	-0.231	0.455	-0.221	0.455	-0.241	0.455	-0.233	0.455	-0.227
0.454	-0.235	0.454	-0.233	0.454	-0.233	0.454	-0.241	0.454	-0.236
0.453	-0.235	0.453	-0.230	0.453	-0.231	0.453	-0.238	0.453	-0.238
0.452	-0.227	0.452	-0.230	0.452	-0.228	0.452	-0.239	0.452	-0.236
0.451	-0.233	0.451	-0.235	0.451	-0.236	0.451	-0.236	0.451	-0.235
0.450	-0.235	0.450	-0.228	0.450	-0.235	0.450	-0.233	0.450	-0.235
0.449	-0.235	0.449	-0.235	0.449	-0.239	0.449	-0.239	0.449	-0.241
0.448	-0.233	0.448	-0.238	0.448	-0.238	0.448	-0.238	0.448	-0.238
0.447	-0.233	0.447	-0.235	0.447	-0.236	0.447	-0.244	0.447	-0.236
0.446	-0.239	0.446	-0.233	0.446	-0.233	0.446	-0.241	0.446	-0.244
0.445	-0.236	0.445	-0.235	0.445	-0.238	0.445	-0.242	0.445	-0.235
0.444	-0.242	0.444	-0.231	0.444	-0.236	0.444	-0.244	0.444	-0.244
0.443	-0.241	0.443	-0.236	0.443	-0.239	0.443	-0.241	0.443	-0.245
0.442	-0.244	0.442	-0.244	0.442	-0.235	0.442	-0.247	0.442	-0.245
0.441	-0.236	0.441	-0.238	0.441	-0.239	0.441	-0.244	0.441	-0.241
0.440	-0.241	0.440	-0.247	0.440	-0.247	0.440	-0.242	0.440	-0.245
0.439	-0.241	0.439	-0.241	0.439	-0.247	0.439	-0.251	0.439	-0.251
0.438	-0.245	0.438	-0.245	0.438	-0.248	0.438	-0.244	0.438	-0.242
0.437	-0.244	0.437	-0.245	0.437	-0.244	0.437	-0.250	0.437	-0.245
0.436	-0.250	0.436	-0.245	0.436	-0.248	0.436	-0.256	0.436	-0.251
0.435	-0.248	0.435	-0.248	0.435	-0.248	0.435	-0.250	0.435	-0.254
0.434	-0.248	0.434	-0.248	0.434	-0.247	0.434	-0.254	0.434	-0.254
0.433	-0.244	0.433	-0.247	0.433	-0.251	0.433	-0.245	0.433	-0.247
0.432	-0.248	0.432	-0.247	0.432	-0.253	0.432	-0.258	0.432	-0.248
0.431	-0.256	0.431	-0.254	0.431	-0.253	0.431	-0.254	0.431	-0.251
0.430	-0.254	0.430	-0.253	0.430	-0.254	0.430	-0.258	0.430	-0.254
0.429	-0.262	0.429	-0.254	0.429	-0.254	0.429	-0.254	0.429	-0.258
0.428	-0.256	0.428	-0.248	0.428	-0.254	0.428	-0.256	0.428	-0.256
0.427	-0.258	0.427	-0.253	0.427	-0.259	0.427	-0.258	0.427	-0.251
0.426	-0.261	0.426	-0.262	0.426	-0.253	0.426	-0.262	0.426	-0.258
0.425	-0.258	0.425	-0.261	0.425	-0.258	0.425	-0.262	0.425	-0.261
0.424	-0.261	0.424	-0.258	0.424	-0.265	0.424	-0.268	0.424	-0.265
0.423	-0.264	0.423	-0.259	0.423	-0.264	0.423	-0.261	0.423	-0.259
0.422	-0.267	0.422	-0.264	0.422	-0.262	0.422	-0.262	0.422	-0.265
0.421	-0.268	0.421	-0.270	0.421	-0.253	0.421	-0.258	0.421	-0.264
0.420	-0.259	0.420	-0.262	0.420	-0.265	0.420	-0.267	0.420	-0.265
0.419	-0.265	0.419	-0.264	0.419	-0.267	0.419	-0.268	0.419	-0.268
0.418	-0.268	0.418	-0.265	0.418	-0.265	0.418	-0.271	0.418	-0.268
0.417	-0.267	0.417	-0.259	0.417	-0.268	0.417	-0.276	0.417	-0.267
0.416	-0.267	0.416	-0.271	0.416	-0.271	0.416	-0.273	0.416	-0.273
0.415	-0.268	0.415	-0.278	0.415	-0.274	0.415	-0.274	0.415	-0.271
0.414	-0.268	0.414	-0.273	0.414	-0.268	0.414	-0.270	0.414	-0.279
0.413	-0.265	0.413	-0.273	0.413	-0.276	0.413	-0.271	0.413	-0.274
0.412	-0.271	0.412	-0.271	0.412	-0.273	0.412	-0.271	0.412	-0.281
0.411	-0.273	0.411	-0.276	0.411	-0.276	0.411	-0.281	0.411	-0.273
0.410	-0.278	0.410	-0.282	0.410	-0.276	0.410	-0.284	0.410	-0.273
0.409	-0.273	0.409	-0.278	0.409	-0.281	0.409	-0.281	0.409	-0.274
0.408	-0.284	0.408	-0.276	0.408	-0.273	0.408	-0.278	0.408	-0.282
0.407	-0.282	0.407	-0.282	0.407	-0.273	0.407	-0.282	0.407	-0.279
0.406	-0.291	0.406	-0.282	0.406	-0.287	0.406	-0.285	0.406	-0.290
0.405	-0.284	0.405	-0.282	0.405	-0.281	0.405	-0.287	0.405	-0.279
0.404	-0.285	0.404	-0.287	0.404	-0.288	0.404	-0.288	0.404	-0.284
0.403	-0.291	0.403	-0.288	0.403	-0.284	0.403	-0.287	0.403	-0.290
0.402	-0.290	0.402	-0.293	0.402	-0.285	0.402	-0.291	0.402	-0.288
0.401	-0.288	0.401	-0.284	0.401	-0.285	0.401	-0.285	0.401	-0.284
0.400	-0.294	0.400	-0.287	0.400	-0.288	0.400	-0.293	0.400	-0.294
0.399	-0.288	0.399	-0.293	0.399	-0.296	0.399	-0.294	0.399	-0.288
0.398	-0.294	0.398	-0.290	0.398	-0.288	0.398	-0.297	0.398	-0.291
0.397	-0.293	0.397	-0.290	0.397	-0.293	0.397	-0.297	0.397	-0.293
0.396	-0.294	0.396	-0.294	0.396	-0.296	0.396	-0.301	0.396	-0.291
0.395	-0.304	0.395	-0.294	0.395	-0.296	0.395	-0.299	0.395	-0.294
0.394	-0.299	0.394	-0.291	0.394	-0.301	0.394	-0.297	0.394	-0.294
0.393	-0.305	0.393	-0.297	0.393	-0.307	0.393	-0.304	0.393	-0.296
0.392	-0.307	0.392	-0.301	0.392	-0.299	0.392	-0.297	0.392	-0.305
0.391	-0.299	0.391	-0.302	0.391	-0.299	0.391	-0.297	0.391	-0.299
0.390	-0.316	0.390	-0.308	0.390	-0.301	0.390	-0.308	0.390	-0.302
0.389	-0.304	0.389	-0.296	0.389	-0.305	0.389	-0.311	0.389	-0.307
0.388	-0.314	0.388	-0.305	0.388	-0.304	0.388	-0.307	0.388	-0.307
0.387	-0.311	0.387	-0.311	0.387	-0.313	0.387	-0.311	0.387	-0.308
0.386	-0.313	0.386	-0.317	0.386	-0.317	0.386	-0.317	0.386	-0.305
0.385	-0.313	0.385	-0.324	0.385	-0.316	0.385	-0.310	0.385	-0.314
0.384	-0.311	0.384	-0.319	0.384	-0.310	0.384	-0.316	0.384	-0.317
0.383	-0.324	0.383	-0.322	0.383	-0.313	0.383	-0.322	0.383	-0.317
0.382	-0.325	0.382	-0.317	0.382	-0.319	0.382	-0.320	0.382	-0.319
0.381	-0.324	0.381	-0.316	0.381	-0.316	0.381	-0.324	0.381	-0.322
0.380	-0.327	0.380	-0.325	0.380	-0.319	0.380	-0.320	0.380	-0.325
0.379	-0.334	0.379	-0.331	0.379	-0.325	0.379	-0.331	0.379	-0.322
0.378	-0.333	0.378	-0.331	0.378	-0.322	0.378	-0.330	0.378	-0.328
0.377	-0.330	0.377	-0.330	0.377	-0.331	0.377	-0.333	0.377	-0.328
0.376	-0.343	0.376	-0.340	0.376	-0.347	0.376	-0.342	0.376	-0.334
0.375	-0.340	0.375	-0.339	0.375	-0.333	0.375	-0.340	0.375	-0.336
0.374	-0.345	0.374	-0.342	0.374	-0.337	0.374	-0.347	0.374	-0.339
0.373	-0.350	0.373	-0.343	0.373	-0.347	0.373	-0.340	0.373	-0.336
0.372	-0.353	0.372	-0.353	0.372	-0.347	0.372	-0.345	0.372	-0.343
0.371	-0.357	0.371	-0.362	0.371	-0.353	0.371	-0.348	0.371	-0.347
0.370	-0.366	0.370	-0.363	0.370	-0.360	0.370	-0.354	0.370	-0.353
0.369	-0.360	0.369	-0.362	0.369	-0.357	0.369	-0.359	0.369	-0.359
0.368	-0.365	0.368	-0.370	0.368	-0.370	0.368	-0.362	0.368	-0.362
0.367	-0.377	0.367	-0.371	0.367	-0.370	0.367	-0.365	0.367	-0.362
0.366	-0.377	0.366	-0.376	0.366	-0.370	0.366	-0.370	0.366	-0.373
0.365	-0.379	0.365	-0.377	0.365	-0.385	0.365	-0.374	0.365	-0.374
0.364	-0.394	0.364	-0.386	0.364	-0.388	0.364	-0.389	0.364	-0.377
0.363	-0.397	0.363	-0.389	0.363	-0.393	0.363	-0.391	0.363	-0.380
0.362	-0.403	0.362	-0.400	0.362	-0.389	0.362	-0.394	0.362	-0.388
0.361	-0.406	0.361	-0.403	0.361	-0.405	0.361	-0.397	0.361	-0.389
0.360	-0.411	0.360	-0.412	0.360	-0.406	0.360	-0.405	0.360	-0.397
0.359	-0.425	0.359	-0.412	0.359	-0.412	0.359	-0.411	0.359	-0.400
0.358	-0.432	0.358	-0.426	0.358	-0.425	0.358	-0.425	0.358	-0.412
0.357	-0.439	0.357	-0.435	0.357	-0.431	0.357	-0.429	0.357	-0.420
0.356	-0.449	0.356	-0.442	0.356	-0.440	0.356	-0.431	0.356	-0.431
0.355	-0.458	0.355	-0.451	0.355	-0.445	0.355	-0.451	0.355	-0.429
0.354	-0.462	0.354	-0.460	0.354	-0.454	0.354	-0.446	0.354	-0.451
0.353	-0.474	0.353	-0.465	0.353	-0.466	0.353	-0.455	0.353	-0.451
0.352	-0.485	0.352	-0.477	0.352	-0.477	0.352	-0.469	0.352	-0.465
0.351	-0.497	0.351	-0.488	0.351	-0.489	0.351	-0.486	0.351	-0.477
0.350	-0.512	0.350	-0.504	0.350	-0.497	0.350	-0.495	0.350	-0.480
0.349	-0.524	0.349	-0.518	0.349	-0.508	0.349	-0.498	0.349	-0.498
0.348	-0.535	0.348	-0.529	0.348	-0.526	0.348	-0.517	0.348	-0.500
0.347	-0.549	0.347	-0.546	0.347	-0.534	0.347	-0.527	0.347	-0.524
0.346	-0.569	0.346	-0.555	0.346	-0.554	0.346	-0.541	0.346	-0.527
0.345	-0.587	0.345	-0.570	0.345	-0.566	0.345	-0.555	0.345	-0.549
0.344	-0.600	0.344	-0.583	0.344	-0.581	0.344	-0.575	0.344	-0.558
0.343	-0.615	0.343	-0.601	0.343	-0.601	0.343	-0.590	0.343	-0.581
0.342	-0.635	0.342	-0.629	0.342	-0.612	0.342	-0.609	0.342	-0.598
0.341	-0.664	0.341	-0.653	0.341	-0.635	0.341	-0.624	0.341	-0.615
0.340	-0.689	0.340	-0.667	0.340	-0.659	0.340	-0.649	0.340	-0.626
0.339	-0.708	0.339	-0.698	0.339	-0.685	0.339	-0.670	0.339	-0.655
0.338	-0.742	0.338	-0.719	0.338	-0.701	0.338	-0.690	0.338	-0.672
0.337	-0.764	0.337	-0.748	0.337	-0.730	0.337	-0.716	0.337	-0.699
0.336	-0.791	0.336	-0.777	0.336	-0.758	0.336	-0.739	0.336	-0.716
0.335	-0.820	0.335	-0.799	0.335	-0.781	0.335	-0.761	0.335	-0.744
0.334	-0.854	0.334	-0.834	0.334	-0.805	0.334	-0.790	0.334	-0.770
0.333	-0.886	0.333	-0.865	0.333	-0.845	0.333	-0.819	0.333	-0.791
0.332	-0.926	0.332	-0.900	0.332	-0.880	0.332	-0.856	0.332	-0.816
0.331	-0.972	0.331	-0.939	0.331	-0.919	0.331	-0.891	0.331	-0.859
0.330	-1.012	0.330	-0.975	0.330	-0.951	0.330	-0.922	0.330	-0.886
0.329	-1.058	0.329	-1.015	0.329	-0.981	0.329	-0.954	0.329	-0.920
0.328	-1.103	0.328	-1.064	0.328	-1.026	0.328	-0.991	0.328	-0.955
0.327	-1.146	0.327	-1.100	0.327	-1.072	0.327	-1.029	0.327	-0.986
0.326	-1.199	0.326	-1.153	0.326	-1.109	0.326	-1.066	0.326	-1.029
0.325	-1.253	0.325	-1.204	0.325	-1.155	0.325	-1.116	0.325	-1.067
0.324	-1.307	0.324	-1.251	0.324	-1.202	0.324	-1.156	0.324	-1.103
0.323	-1.382	0.323	-1.310	0.323	-1.258	0.323	-1.208	0.323	-1.159
0.322	-1.437	0.322	-1.366	0.322	-1.297	0.322	-1.244	0.322	-1.192
0.321	-1.492	0.321	-1.411	0.321	-1.346	0.321	-1.284	0.321	-1.235
0.320	-1.549	0.320	-1.465	0.320	-1.397	0.320	-1.334	0.320	-1.270
0.319	-1.604	0.319	-1.524	0.319	-1.449	0.319	-1.385	0.319	-1.316
0.318	-1.669	0.318	-1.578	0.318	-1.498	0.318	-1.422	0.318	-1.346
0.317	-1.730	0.317	-1.626	0.317	-1.549	0.317	-1.466	0.317	-1.389
0.316	-1.771	0.316	-1.672	0.316	-1.590	0.316	-1.508	0.316	-1.429
0.315	-1.840	0.315	-1.728	0.315	-1.633	0.315	-1.557	0.315	-1.475
0.314	-1.885	0.314	-1.768	0.314	-1.676	0.314	-1.580	0.314	-1.497
0.313	-1.929	0.313	-1.805	0.313	-1.701	0.313	-1.612	0.313	-1.531
0.312	-1.971	0.312	-1.840	0.312	-1.741	0.312	-1.647	0.312	-1.554
0.311	-2.014	0.311	-1.877	0.311	-1.768	0.311	-1.670	0.311	-1.583
0.310	-2.026	0.310	-1.899	0.310	-1.791	0.310	-1.693	0.310	-1.596
0.309	-2.044	0.309	-1.919	0.309	-1.802	0.309	-1.708	0.309	-1.604
0.308	-2.052	0.308	-1.923	0.308	-1.816	0.308	-1.712	0.308	-1.618
0.307	-2.063	0.307	-1.934	0.307	-1.822	0.307	-1.716	0.307	-1.624
0.306	-2.044	0.306	-1.919	0.306	-1.807	0.306	-1.710	0.306	-1.619
0.305	-2.020	0.305	-1.905	0.305	-1.794	0.305	-1.695	0.305	-1.593
0.304	-1.992	0.304	-1.871	0.304	-1.770	0.304	-1.675	0.304	-1.580
0.303	-1.951	0.303	-1.842	0.303	-1.742	0.303	-1.653	0.303	-1.555
0.302	-1.903	0.302	-1.800	0.302	-1.707	0.302	-1.623	0.302	-1.532
0.301	-1.851	0.301	-1.758	0.301	-1.667	0.301	-1.578	0.301	-1.494
0.300	-1.794	0.300	-1.702	0.300	-1.619	0.300	-1.541	0.300	-1.458
0.299	-1.736	0.299	-1.658	0.299	-1.580	0.299	-1.497	0.299	-1.412
0.298	-1.661	0.298	-1.598	0.298	-1.523	0.298	-1.446	0.298	-1.374
0.297	-1.590	0.297	-1.532	0.297	-1.452	0.297	-1.392	0.297	-1.327
0.296	-1.523	0.296	-1.465	0.296	-1.408	0.296	-1.343	0.296	-1.279
0.295	-1.462	0.295	-1.412	0.295	-1.357	0.295	-1.297	0.295	-1.233
0.294	-1.392	0.294	-1.346	0.294	-1.297	0.294	-1.241	0.294	-1.192
0.293	-1.331	0.293	-1.290	0.293	-1.245	0.293	-1.198	0.293	-1.143
0.292	-1.271	0.292	-1.233	0.292	-1.195	0.292	-1.146	0.292	-1.100
0.291	-1.225	0.291	-1.185	0.291	-1.155	0.291	-1.107	0.291	-1.061
0.290	-1.162	0.290	-1.138	0.290	-1.101	0.290	-1.066	0.290	-1.034
0.289	-1.126	0.289	-1.092	0.289	-1.055	0.289	-1.021	0.289	-0.989
0.288	-1.080	0.288	-1.047	0.288	-1.024	0.288	-0.994	0.288	-0.960
0.287	-1.032	0.287	-1.015	0.287	-0.986	0.287	-0.962	0.287	-0.937
0.286	-0.997	0.286	-0.980	0.286	-0.957	0.286	-0.931	0.286	-0.905
0.285	-0.965	0.285	-0.957	0.285	-0.931	0.285	-0.906	0.285	-0.880
0.284	-0.937	0.284	-0.922	0.284	-0.902	0.284	-0.883	0.284	-0.862
0.283	-0.919	0.283	-0.906	0.283	-0.883	0.283	-0.865	0.283	-0.846
0.282	-0.893	0.282	-0.876	0.282	-0.862	0.282	-0.842	0.282	-0.810
0.281	-0.870	0.281	-0.853	0.281	-0.840	0.281	-0.825	0.281	-0.797
0.280	-0.845	0.280	-0.836	0.280	-0.827	0.280	-0.808	0.280	-0.787
0.279	-0.831	0.279	-0.819	0.279	-0.805	0.279	-0.797	0.279	-0.781
0.278	-0.811	0.278	-0.805	0.278	-0.790	0.278	-0.779	0.278	-0.762
0.277	-0.802	0.277	-0.796	0.277	-0.779	0.277	-0.770	0.277	-0.756
0.276	-0.787	0.276	-0.779	0.276	-0.770	0.276	-0.761	0.276	-0.745
0.275	-0.779	0.275	-0.774	0.275	-0.767	0.275	-0.751	0.275	-0.742
0.274	-0.768	0.274	-0.759	0.274	-0.747	0.274	-0.736	0.274	-0.727
0.273	-0.758	0.273	-0.754	0.273	-0.736	0.273	-0.730	0.273	-0.722
0.272	-0.747	0.272	-0.741	0.272	-0.731	0.272	-0.722	0.272	-0.712
0.271	-0.738	0.271	-0.736	0.271	-0.727	0.271	-0.721	0.271	-0.705
0.270	-0.733	0.270	-0.722	0.270	-0.715	0.270	-0.715	0.270	-0.693
0.269	-0.722	0.269	-0.721	0.269	-0.715	0.269	-0.702	0.269	-0.702
0.268	-0.715	0.268	-0.721	0.268	-0.702	0.268	-0.701	0.268	-0.685
0.267	-0.718	0.267	-0.721	0.267	-0.710	0.267	-0.699	0.267	-0.685
0.266	-0.701	0.266	-0.713	0.266	-0.698	0.266	-0.692	0.266	-0.685
0.265	-0.708	0.265	-0.705	0.265	-0.699	0.265	-0.685	0.265	-0.676
0.264	-0.699	0.264	-0.701	0.264	-0.693	0.264	-0.685	0.264	-0.666
0.263	-0.699	0.263	-0.701	0.263	-0.682	0.263	-0.681	0.263	-0.669
0.262	-0.693	0.262	-0.693	0.262	-0.685	0.262	-0.681	0.262	-0.669
0.261	-0.685	0.261	-0.693	0.261	-0.687	0.261	-0.678	0.261	-0.664
0.260	-0.692	0.260	-0.682	0.260	-0.684	0.260	-0.673	0.260	-0.659
0.259	-0.699	0.259	-0.692	0.259	-0.695	0.259	-0.684	0.259	-0.675
0.258	-0.693	0.258	-0.684	0.258	-0.681	0.258	-0.676	0.258	-0.666
0.257	-0.690	0.257	-0.687	0.257	-0.673	0.257	-0.669	0.257	-0.656
0.256	-0.682	0.256	-0.685	0.256	-0.669	0.256	-0.670	0.256	-0.661
0.255	-0.681	0.255	-0.681	0.255	-0.672	0.255	-0.670	0.255	-0.656
0.254	-0.681	0.254	-0.676	0.254	-0.673	0.254	-0.664	0.254	-0.655
0.253	-0.678	0.253	-0.678	0.253	-0.672	0.253	-0.662	0.253	-0.659
0.252	-0.676	0.252	-0.678	0.252	-0.669	0.252	-0.669	0.252	-0.659
0.251	-0.679	0.251	-0.679	0.251	-0.675	0.251	-0.667	0.251	-0.658
0.250	-0.679	0.250	-0.675	0.250	-0.673	0.250	-0.662	0.250	-0.656
0.249	-0.681	0.249	-0.676	0.249	-0.670	0.249	-0.667	0.249	-0.658
0.248	-0.682	0.248	-0.676	0.248	-0.670	0.248	-0.666	0.248	-0.659
0.247	-0.692	0.247	-0.679	0.247	-0.678	0.247	-0.672	0.247	-0.659
0.246	-0.681	0.246	-0.685	0.246	-0.673	0.246	-0.673	0.246	-0.666
0.245	-0.690	0.245	-0.679	0.245	-0.684	0.245	-0.673	0.245	-0.666
0.244	-0.695	0.244	-0.690	0.244	-0.678	0.244	-0.676	0.244	-0.672
0.243	-0.690	0.243	-0.704	0.243	-0.695	0.243	-0.687	0.243	-0.678
0.242	-0.701	0.242	-0.699	0.242	-0.696	0.242	-0.689	0.242	-0.678
0.241	-0.705	0.241	-0.702	0.241	-0.699	0.241	-0.693	0.241	-0.678
0.240	-0.710	0.240	-0.710	0.240	-0.696	0.240	-0.699	0.240	-0.690
0.239	-0.716	0.239	-0.719	0.239	-0.712	0.239	-0.704	0.239	-0.693
0.238	-0.725	0.238	-0.725	0.238	-0.722	0.238	-0.708	0.238	-0.710
0.237	-0.731	0.237	-0.728	0.237	-0.727	0.237	-0.724	0.237	-0.715
0.236	-0.747	0.236	-0.747	0.236	-0.739	0.236	-0.738	0.236	-0.724
0.235	-0.754	0.235	-0.758	0.235	-0.750	0.235	-0.745	0.235	-0.744
0.234	-0.771	0.234	-0.765	0.234	-0.762	0.234	-0.758	0.234	-0.751
0.233	-0.779	0.233	-0.776	0.233	-0.776	0.233	-0.779	0.233	-0.764
0.232	-0.793	0.232	-0.785	0.232	-0.790	0.232	-0.784	0.232	-0.774
0.231	-0.816	0.231	-0.816	0.231	-0.808	0.231	-0.804	0.231	-0.791
0.230	-0.830	0.230	-0.827	0.230	-0.822	0.230	-0.820	0.230	-0.810
0.229	-0.843	0.229	-0.839	0.229	-0.846	0.229	-0.833	0.229	-0.827
0.228	-0.865	0.228	-0.860	0.228	-0.859	0.228	-0.860	0.228	-0.843
0.227	-0.893	0.227	-0.891	0.227	-0.886	0.227	-0.885	0.227	-0.877
0.226	-0.905	0.226	-0.899	0.226	-0.893	0.226	-0.896	0.226	-0.886
0.225	-0.917	0.225	-0.926	0.225	-0.914	0.225	-0.906	0.225	-0.902
0.224	-0.954	0.224	-0.942	0.224	-0.942	0.224	-0.932	0.224	-0.926
0.223	-0.981	0.223	-0.968	0.223	-0.968	0.223	-0.960	0.223	-0.951
0.222	-0.995	0.222	-0.994	0.222	-0.983	0.222	-0.983	0.222	-0.974
0.221	-1.027	0.221	-1.021	0.221	-1.009	0.221	-1.011	0.221	-1.003
0.220	-1.052	0.220	-1.047	0.220	-1.041	0.220	-1.034	0.220	-1.031
0.219	-1.087	0.219	-1.077	0.219	-1.069	0.219	-1.060	0.219	-1.055
0.218	-1.101	0.218	-1.098	0.218	-1.092	0.218	-1.083	0.218	-1.073
0.217	-1.129	0.217	-1.120	0.217	-1.116	0.217	-1.112	0.217	-1.101
0.216	-1.158	0.216	-1.149	0.216	-1.141	0.216	-1.141	0.216	-1.126
0.215	-1.184	0.215	-1.175	0.215	-1.164	0.215	-1.159	0.215	-1.158
0.214	-1.207	0.214	-1.199	0.214	-1.198	0.214	-1.189	0.214	-1.181
0.213	-1.235	0.213	-1.228	0.213	-1.215	0.213	-1.210	0.213	-1.195
0.212	-1.264	0.212	-1.247	0.212	-1.236	0.212	-1.230	0.212	-1.221
0.211	-1.297	0.211	-1.287	0.211	-1.277	0.211	-1.270	0.211	-1.258
0.210	-1.317	0.210	-1.308	0.210	-1.293	0.210	-1.282	0.210	-1.273
0.209	-1.337	0.209	-1.322	0.209	-1.311	0.209	-1.299	0.209	-1.287
0.208	-1.360	0.208	-1.343	0.208	-1.333	0.208	-1.320	0.208	-1.307
0.207	-1.379	0.207	-1.366	0.207	-1.357	0.207	-1.340	0.207	-1.328
0.206	-1.397	0.206	-1.380	0.206	-1.368	0.206	-1.357	0.206	-1.334
0.205	-1.408	0.205	-1.399	0.205	-1.388	0.205	-1.374	0.205	-1.354
0.204	-1.435	0.204	-1.414	0.204	-1.402	0.204	-1.385	0.204	-1.377
0.203	-1.465	0.203	-1.443	0.203	-1.420	0.203	-1.408	0.203	-1.391
0.202	-1.465	0.202	-1.448	0.202	-1.426	0.202	-1.416	0.202	-1.394
0.201	-1.480	0.201	-1.462	0.201	-1.443	0.201	-1.426	0.201	-1.409
0.200	-1.491	0.200	-1.469	0.200	-1.454	0.200	-1.437	0.200	-1.422
0.199	-1.509	0.199	-1.488	0.199	-1.460	0.199	-1.452	0.199	-1.429
0.198	-1.514	0.198	-1.483	0.198	-1.466	0.198	-1.452	0.198	-1.434
0.197	-1.521	0.197	-1.506	0.197	-1.485	0.197	-1.463	0.197	-1.439
0.196	-1.534	0.196	-1.506	0.196	-1.486	0.196	-1.468	0.196	-1.437
0.195	-1.563	0.195	-1.529	0.195	-1.518	0.195	-1.495	0.195	-1.469
0.194	-1.561	0.194	-1.535	0.194	-1.508	0.194	-1.491	0.194	-1.465
0.193	-1.569	0.193	-1.538	0.193	-1.503	0.193	-1.488	0.193	-1.466
0.192	-1.567	0.192	-1.543	0.192	-1.514	0.192	-1.489	0.192	-1.472
0.191	-1.572	0.191	-1.543	0.191	-1.517	0.191	-1.497	0.191	-1.472
0.190	-1.573	0.190	-1.541	0.190	-1.517	0.190	-1.500	0.190	-1.471
0.189	-1.577	0.189	-1.544	0.189	-1.515	0.189	-1.501	0.189	-1.477
0.188	-1.577	0.188	-1.544	0.188	-1.514	0.188	-1.498	0.188	-1.471
0.187	-1.580	0.187	-1.546	0.187	-1.524	0.187	-1.503	0.187	-1.474
0.186	-1.570	0.186	-1.541	0.186	-1.517	0.186	-1.492	0.186	-1.466
0.185	-1.570	0.185	-1.534	0.185	-1.511	0.185	-1.478	0.185	-1.465
0.184	-1.563	0.184	-1.531	0.184	-1.495	0.184	-1.492	0.184	-1.454
0.183	-1.566	0.183	-1.529	0.183	-1.506	0.183	-1.478	0.183	-1.457
0.182	-1.550	0.182	-1.517	0.182	-1.488	0.182	-1.460	0.182	-1.439
0.181	-1.541	0.181	-1.503	0.181	-1.478	0.181	-1.451	0.181	-1.431
0.180	-1.526	0.180	-1.492	0.180	-1.460	0.180	-1.442	0.180	-1.420
0.179	-1.520	0.179	-1.495	0.179	-1.468	0.179	-1.437	0.179	-1.419
0.178	-1.500	0.178	-1.462	0.178	-1.440	0.178	-1.412	0.178	-1.388
0.177	-1.485	0.177	-1.445	0.177	-1.414	0.177	-1.400	0.177	-1.373
0.176	-1.463	0.176	-1.434	0.176	-1.405	0.176	-1.380	0.176	-1.360
0.175	-1.439	0.175	-1.420	0.175	-1.388	0.175	-1.369	0.175	-1.345
0.174	-1.428	0.174	-1.389	0.174	-1.371	0.174	-1.354	0.174	-1.323
0.173	-1.414	0.173	-1.382	0.173	-1.360	0.173	-1.337	0.173	-1.307
0.172	-1.391	0.172	-1.369	0.172	-1.342	0.172	-1.314	0.172	-1.293
0.171	-1.380	0.171	-1.354	0.171	-1.331	0.171	-1.310	0.171	-1.277
0.170	-1.368	0.170	-1.345	0.170	-1.310	0.170	-1.293	0.170	-1.267
0.169	-1.351	0.169	-1.320	0.169	-1.297	0.169	-1.276	0.169	-1.256
0.168	-1.337	0.168	-1.313	0.168	-1.282	0.168	-1.264	0.168	-1.235
0.167	-1.331	0.167	-1.297	0.167	-1.270	0.167	-1.251	0.167	-1.233
0.166	-1.305	0.166	-1.282	0.166	-1.258	0.166	-1.239	0.166	-1.218
0.165	-1.294	0.165	-1.271	0.165	-1.244	0.165	-1.224	0.165	-1.204
0.164	-1.282	0.164	-1.267	0.164	-1.248	0.164	-1.216	0.164	-1.198
0.163	-1.291	0.163	-1.273	0.163	-1.242	0.163	-1.219	0.163	-1.199
0.162	-1.277	0.162	-1.250	0.162	-1.230	0.162	-1.199	0.162	-1.179
0.161	-1.265	0.161	-1.235	0.161	-1.218	0.161	-1.198	0.161	-1.172
0.160	-1.258	0.160	-1.231	0.160	-1.208	0.160	-1.192	0.160	-1.172
0.159	-1.261	0.159	-1.238	0.159	-1.210	0.159	-1.189	0.159	-1.167
0.158	-1.251	0.158	-1.224	0.158	-1.196	0.158	-1.178	0.158	-1.166
0.157	-1.247	0.157	-1.221	0.157	-1.202	0.157	-1.179	0.157	-1.161
0.156	-1.244	0.156	-1.222	0.156	-1.193	0.156	-1.179	0.156	-1.161
0.155	-1.254	0.155	-1.222	0.155	-1.208	0.155	-1.184	0.155	-1.155
0.154	-1.248	0.154	-1.215	0.154	-1.198	0.154	-1.175	0.154	-1.167
0.153	-1.235	0.153	-1.225	0.153	-1.198	0.153	-1.179	0.153	-1.159
0.152	-1.242	0.152	-1.221	0.152	-1.195	0.152	-1.178	0.152	-1.155
0.151	-1.245	0.151	-1.218	0.151	-1.195	0.151	-1.187	0.151	-1.169
0.150	-1.242	0.150	-1.221	0.150	-1.198	0.150	-1.182	0.150	-1.159
0.149	-1.244	0.149	-1.222	0.149	-1.195	0.149	-1.185	0.149	-1.169
0.148	-1.250	0.148	-1.228	0.148	-1.204	0.148	-1.178	0.148	-1.167
0.147	-1.264	0.147	-1.245	0.147	-1.224	0.147	-1.198	0.147	-1.184
0.146	-1.262	0.146	-1.235	0.146	-1.218	0.146	-1.198	0.146	-1.175
0.145	-1.261	0.145	-1.228	0.145	-1.213	0.145	-1.198	0.145	-1.179
0.144	-1.267	0.144	-1.250	0.144	-1.216	0.144	-1.207	0.144	-1.179
0.143	-1.271	0.143	-1.256	0.143	-1.227	0.143	-1.202	0.143	-1.185
0.142	-1.273	0.142	-1.248	0.142	-1.222	0.142	-1.208	0.142	-1.190
0.141	-1.276	0.141	-1.261	0.141	-1.231	0.141	-1.219	0.141	-1.190
0.140	-1.274	0.140	-1.258	0.140	-1.239	0.140	-1.225	0.140	-1.202
0.139	-1.297	0.139	-1.273	0.139	-1.256	0.139	-1.233	0.139	-1.207
0.138	-1.293	0.138	-1.271	0.138	-1.245	0.138	-1.236	0.138	-1.210
0.137	-1.300	0.137	-1.279	0.137	-1.254	0.137	-1.241	0.137	-1.216
0.136	-1.307	0.136	-1.288	0.136	-1.265	0.136	-1.244	0.136	-1.222
0.135	-1.313	0.135	-1.291	0.135	-1.273	0.135	-1.248	0.135	-1.233
0.134	-1.316	0.134	-1.291	0.134	-1.279	0.134	-1.265	0.134	-1.228
0.133	-1.325	0.133	-1.308	0.133	-1.282	0.133	-1.271	0.133	-1.241
0.132	-1.330	0.132	-1.313	0.132	-1.288	0.132	-1.270	0.132	-1.250
0.131	-1.359	0.131	-1.339	0.131	-1.325	0.131	-1.300	0.131	-1.277
0.130	-1.357	0.130	-1.328	0.130	-1.310	0.130	-1.284	0.130	-1.264
0.129	-1.357	0.129	-1.331	0.129	-1.313	0.129	-1.294	0.129	-1.270
0.128	-1.360	0.128	-1.339	0.128	-1.316	0.128	-1.300	0.128	-1.274
0.127	-1.373	0.127	-1.357	0.127	-1.331	0.127	-1.307	0.127	-1.288
0.126	-1.374	0.126	-1.348	0.126	-1.334	0.126	-1.319	0.126	-1.297
0.125	-1.377	0.125	-1.350	0.125	-1.340	0.125	-1.311	0.125	-1.290
0.124	-1.402	0.124	-1.369	0.124	-1.348	0.124	-1.328	0.124	-1.299
0.123	-1.402	0.123	-1.382	0.123	-1.365	0.123	-1.340	0.123	-1.323
0.122	-1.408	0.122	-1.385	0.122	-1.365	0.122	-1.333	0.122	-1.322
0.121	-1.412	0.121	-1.391	0.121	-1.368	0.121	-1.353	0.121	-1.327
0.120	-1.419	0.120	-1.397	0.120	-1.377	0.120	-1.359	0.120	-1.334
0.119	-1.442	0.119	-1.411	0.119	-1.388	0.119	-1.369	0.119	-1.350
0.118	-1.442	0.118	-1.417	0.118	-1.389	0.118	-1.374	0.118	-1.354
0.117	-1.442	0.117	-1.426	0.117	-1.399	0.117	-1.388	0.117	-1.359
0.116	-1.454	0.116	-1.429	0.116	-1.414	0.116	-1.399	0.116	-1.365
0.115	-1.475	0.115	-1.460	0.115	-1.425	0.115	-1.411	0.115	-1.385
0.114	-1.478	0.114	-1.448	0.114	-1.431	0.114	-1.406	0.114	-1.386
0.113	-1.475	0.113	-1.452	0.113	-1.435	0.113	-1.412	0.113	-1.392
0.112	-1.483	0.112	-1.462	0.112	-1.442	0.112	-1.419	0.112	-1.396
0.111	-1.506	0.111	-1.475	0.111	-1.458	0.111	-1.432	0.111	-1.408
0.110	-1.506	0.110	-1.477	0.110	-1.457	0.110	-1.448	0.110	-1.416
0.109	-1.509	0.109	-1.491	0.109	-1.469	0.109	-1.448	0.109	-1.429
0.108	-1.517	0.108	-1.500	0.108	-1.474	0.108	-1.457	0.108	-1.432
0.107	-1.543	0.107	-1.514	0.107	-1.498	0.107	-1.477	0.107	-1.449
0.106	-1.543	0.106	-1.511	0.106	-1.489	0.106	-1.471	0.106	-1.449
0.105	-1.552	0.105	-1.524	0.105	-1.501	0.105	-1.480	0.105	-1.451
0.104	-1.554	0.104	-1.532	0.104	-1.514	0.104	-1.489	0.104	-1.474
0.103	-1.575	0.103	-1.546	0.103	-1.523	0.103	-1.503	0.103	-1.478
0.102	-1.570	0.102	-1.550	0.102	-1.524	0.102	-1.504	0.102	-1.485
0.101	-1.581	0.101	-1.550	0.101	-1.543	0.101	-1.514	0.101	-1.494
