E /V	I /uA	E /V	I /uA	E /V	I /uA
0.100	-0.201	0.100	-1.750	0.100	-1.696
0.099	-0.581	0.099	-1.776	0.099	-1.721
0.098	-0.866	0.098	-1.761	0.098	-1.712
0.097	-1.093	0.097	-1.764	0.097	-1.722
0.096	-1.261	0.096	-1.771	0.096	-1.733
0.095	-1.389	0.095	-1.793	0.095	-1.731
0.094	-1.460	0.094	-1.794	0.094	-1.750
0.093	-1.532	0.093	-1.799	0.093	-1.765
0.092	-1.580	0.092	-1.808	0.092	-1.764
0.091	-1.619	0.091	-1.836	0.091	-1.781
0.090	-1.639	0.090	-1.833	0.090	-1.782
0.089	-1.659	0.089	-1.845	0.089	-1.788
0.088	-1.675	0.088	-1.845	0.088	-1.797
0.087	-1.704	0.087	-1.863	0.087	-1.813
0.086	-1.710	0.086	-1.869	0.086	-1.820
0.085	-1.724	0.085	-1.880	0.085	-1.825
0.084	-1.736	0.084	-1.883	0.084	-1.839
0.083	-1.770	0.083	-1.923	0.083	-1.873
0.082	-1.767	0.082	-1.915	0.082	-1.862
0.081	-1.779	0.081	-1.917	0.081	-1.874
0.080	-1.791	0.080	-1.926	0.080	-1.876
0.079	-1.802	0.079	-1.940	0.079	-1.889
0.078	-1.808	0.078	-1.945	0.078	-1.897
0.077	-1.828	0.077	-1.957	0.077	-1.905
0.076	-1.834	0.076	-1.965	0.076	-1.920
0.075	-1.860	0.075	-1.978	0.075	-1.934
0.074	-1.857	0.074	-1.992	0.074	-1.934
0.073	-1.869	0.073	-1.995	0.073	-1.943
0.072	-1.882	0.072	-2.001	0.072	-1.955
0.071	-1.902	0.071	-2.014	0.071	-1.966
0.070	-1.912	0.070	-2.023	0.070	-1.971
0.069	-1.923	0.069	-2.035	0.069	-1.989
0.068	-1.929	0.068	-2.043	0.068	-1.998
0.067	-1.978	0.067	-2.084	0.067	-2.038
0.066	-1.972	0.066	-2.083	0.066	-2.018
0.065	-1.983	0.065	-2.080	0.065	-2.026
0.064	-1.981	0.064	-2.089	0.064	-2.034
0.063	-2.006	0.063	-2.101	0.063	-2.050
0.062	-2.011	0.062	-2.101	0.062	-2.049
0.061	-2.026	0.061	-2.106	0.061	-2.064
0.060	-2.038	0.060	-2.132	0.060	-2.067
0.059	-2.069	0.059	-2.156	0.059	-2.093
0.058	-2.066	0.058	-2.149	0.058	-2.089
0.057	-2.075	0.057	-2.162	0.057	-2.100
0.056	-2.090	0.056	-2.164	0.056	-2.109
0.055	-2.098	0.055	-2.181	0.055	-2.126
0.054	-2.123	0.054	-2.176	0.054	-2.130
0.053	-2.141	0.053	-2.202	0.053	-2.136
0.052	-2.138	0.052	-2.208	0.052	-2.149
0.051	-2.178	0.051	-2.234	0.051	-2.178
0.050	-2.175	0.050	-2.230	0.050	-2.170
0.049	-2.192	0.049	-2.238	0.049	-2.181
0.048	-2.198	0.048	-2.236	0.048	-2.176
0.047	-2.218	0.047	-2.254	0.047	-2.193
0.046	-2.222	0.046	-2.262	0.046	-2.196
0.045	-2.236	0.045	-2.271	0.045	-2.192
0.044	-2.254	0.044	-2.268	0.044	-2.213
0.043	-2.287	0.043	-2.307	0.043	-2.241
0.042	-2.277	0.042	-2.304	0.042	-2.236
0.041	-2.296	0.041	-2.311	0.041	-2.250
0.040	-2.302	0.040	-2.319	0.040	-2.248
0.039	-2.331	0.039	-2.334	0.039	-2.271
0.038	-2.327	0.038	-2.342	0.038	-2.267
0.037	-2.343	0.037	-2.343	0.037	-2.276
0.036	-2.362	0.036	-2.350	0.036	-2.287
0.035	-2.396	0.035	-2.391	0.035	-2.325
0.034	-2.377	0.034	-2.374	0.034	-2.308
0.033	-2.402	0.033	-2.382	0.033	-2.299
0.032	-2.411	0.032	-2.394	0.032	-2.313
0.031	-2.428	0.031	-2.403	0.031	-2.330
0.030	-2.431	0.030	-2.414	0.030	-2.328
0.029	-2.449	0.029	-2.420	0.029	-2.346
0.028	-2.468	0.028	-2.432	0.028	-2.357
0.027	-2.491	0.027	-2.457	0.027	-2.373
0.026	-2.491	0.026	-2.449	0.026	-2.369
0.025	-2.504	0.025	-2.455	0.025	-2.383
0.024	-2.523	0.024	-2.468	0.024	-2.386
0.023	-2.541	0.023	-2.489	0.023	-2.411
0.022	-2.541	0.022	-2.494	0.022	-2.399
0.021	-2.563	0.021	-2.500	0.021	-2.420
0.020	-2.569	0.020	-2.507	0.020	-2.420
0.019	-2.615	0.019	-2.540	0.019	-2.457
0.018	-2.609	0.018	-2.535	0.018	-2.452
0.017	-2.619	0.017	-2.537	0.017	-2.448
0.016	-2.636	0.016	-2.544	0.016	-2.458
0.015	-2.652	0.015	-2.569	0.015	-2.471
0.014	-2.664	0.014	-2.569	0.014	-2.480
0.013	-2.673	0.013	-2.581	0.013	-2.486
0.012	-2.687	0.012	-2.592	0.012	-2.501
0.011	-2.722	0.011	-2.619	0.011	-2.526
0.010	-2.719	0.010	-2.615	0.010	-2.521
0.009	-2.739	0.009	-2.629	0.009	-2.534
0.008	-2.757	0.008	-2.635	0.008	-2.529
0.007	-2.782	0.007	-2.664	0.007	-2.555
0.006	-2.780	0.006	-2.658	0.006	-2.558
0.005	-2.799	0.005	-2.673	0.005	-2.573
0.004	-2.822	0.004	-2.693	0.004	-2.589
0.003	-2.892	0.003	-2.761	0.003	-2.652
0.002	-2.863	0.002	-2.728	0.002	-2.626
0.001	-2.874	0.001	-2.736	0.001	-2.616
0.000	-2.892	0.000	-2.742	0.000	-2.627
-0.001	-2.915	-0.001	-2.762	-0.001	-2.661
-0.002	-2.929	-0.002	-2.774	-0.002	-2.662
-0.003	-2.952	-0.003	-2.803	-0.003	-2.676
-0.004	-2.968	-0.004	-2.814	-0.004	-2.711
-0.005	-3.012	-0.005	-2.846	-0.005	-2.718
-0.006	-3.021	-0.006	-2.853	-0.006	-2.728
-0.007	-3.049	-0.007	-2.877	-0.007	-2.754
-0.008	-3.070	-0.008	-2.899	-0.008	-2.773
-0.009	-3.112	-0.009	-2.926	-0.009	-2.802
-0.010	-2.721	-0.010	-2.532	-0.010	-2.402
-0.009	-1.761	-0.009	-1.589	-0.009	-1.466
-0.008	-0.908	-0.008	-0.733	-0.008	-0.633
-0.007	-0.215	-0.007	-0.066	-0.007	0.023
-0.006	0.284	-0.006	0.417	-0.006	0.506
-0.005	0.690	-0.005	0.801	-0.005	0.870
-0.004	0.949	-0.004	1.057	-0.004	1.109
-0.003	1.163	-0.003	1.247	-0.003	1.298
-0.002	1.305	-0.002	1.388	-0.002	1.431
-0.001	1.443	-0.001	1.512	-0.001	1.545
0.000	1.529	0.000	1.586	0.000	1.612
0.001	1.615	0.001	1.661	0.001	1.683
0.002	1.670	0.002	1.709	0.002	1.727
0.003	1.768	0.003	1.811	0.003	1.821
0.004	1.773	0.004	1.799	0.004	1.813
0.005	1.801	0.005	1.842	0.005	1.845
0.006	1.827	0.006	1.845	0.006	1.857
0.007	1.868	0.007	1.885	0.007	1.885
0.008	1.888	0.008	1.900	0.008	1.910
0.009	1.922	0.009	1.926	0.009	1.931
0.010	1.925	0.010	1.939	0.010	1.936
0.011	1.980	0.011	1.980	0.011	1.979
0.012	1.985	0.012	1.975	0.012	1.982
0.013	2.008	0.013	2.005	0.013	1.995
0.014	2.009	0.014	2.002	0.014	1.995
0.015	2.032	0.015	2.026	0.015	2.020
0.016	2.035	0.016	2.034	0.016	2.020
0.017	2.046	0.017	2.048	0.017	2.031
0.018	2.058	0.018	2.045	0.018	2.037
0.019	2.101	0.019	2.086	0.019	2.072
0.020	2.080	0.020	2.077	0.020	2.061
0.021	2.089	0.021	2.080	0.021	2.058
0.022	2.089	0.022	2.064	0.022	2.061
0.023	2.110	0.023	2.094	0.023	2.072
0.024	2.101	0.024	2.094	0.024	2.066
0.025	2.120	0.025	2.089	0.025	2.068
0.026	2.103	0.026	2.084	0.026	2.071
0.027	2.132	0.027	2.115	0.027	2.086
0.028	2.121	0.028	2.098	0.028	2.083
0.029	2.127	0.029	2.103	0.029	2.087
0.030	2.118	0.030	2.094	0.030	2.080
0.031	2.135	0.031	2.107	0.031	2.097
0.032	2.120	0.032	2.098	0.032	2.086
0.033	2.118	0.033	2.104	0.033	2.084
0.034	2.109	0.034	2.095	0.034	2.071
0.035	2.138	0.035	2.126	0.035	2.109
0.036	2.121	0.036	2.095	0.036	2.075
0.037	2.123	0.037	2.104	0.037	2.071
0.038	2.110	0.038	2.086	0.038	2.068
0.039	2.115	0.039	2.097	0.039	2.068
0.040	2.104	0.040	2.086	0.040	2.054
0.041	2.107	0.041	2.089	0.041	2.068
0.042	2.101	0.042	2.086	0.042	2.054
0.043	2.104	0.043	2.106	0.043	2.071
0.044	2.103	0.044	2.077	0.044	2.052
0.045	2.098	0.045	2.077	0.045	2.054
0.046	2.086	0.046	2.061	0.046	2.043
0.047	2.094	0.047	2.074	0.047	2.046
0.048	2.078	0.048	2.057	0.048	2.031
0.049	2.081	0.049	2.057	0.049	2.034
0.050	2.061	0.050	2.043	0.050	2.017
0.051	2.087	0.051	2.072	0.051	2.049
0.052	2.061	0.052	2.041	0.052	2.015
0.053	2.058	0.053	2.045	0.053	2.012
0.054	2.040	0.054	2.015	0.054	2.000
0.055	2.048	0.055	2.032	0.055	2.011
0.056	2.037	0.056	2.009	0.056	1.986
0.057	2.031	0.057	2.003	0.057	1.989
0.058	2.009	0.058	1.988	0.058	1.969
0.059	2.025	0.059	2.005	0.059	1.982
0.060	2.005	0.060	1.991	0.060	1.965
0.061	1.994	0.061	1.974	0.061	1.957
0.062	1.980	0.062	1.969	0.062	1.939
0.063	1.989	0.063	1.971	0.063	1.949
0.064	1.971	0.064	1.957	0.064	1.929
0.065	1.969	0.065	1.959	0.065	1.920
0.066	1.960	0.066	1.943	0.066	1.906
0.067	1.991	0.067	1.974	0.067	1.951
0.068	1.960	0.068	1.940	0.068	1.922
0.069	1.948	0.069	1.926	0.069	1.900
0.070	1.934	0.070	1.905	0.070	1.885
0.071	1.933	0.071	1.908	0.071	1.883
0.072	1.916	0.072	1.890	0.072	1.873
0.073	1.911	0.073	1.890	0.073	1.870
0.074	1.899	0.074	1.874	0.074	1.856
0.075	1.919	0.075	1.882	0.075	1.859
0.076	1.874	0.076	1.865	0.076	1.836
0.077	1.877	0.077	1.853	0.077	1.830
0.078	1.857	0.078	1.839	0.078	1.813
0.079	1.865	0.079	1.841	0.079	1.821
0.080	1.850	0.080	1.825	0.080	1.791
0.081	1.845	0.081	1.816	0.081	1.798
0.082	1.828	0.082	1.810	0.082	1.779
0.083	1.850	0.083	1.830	0.083	1.796
0.084	1.822	0.084	1.795	0.084	1.776
0.085	1.816	0.085	1.787	0.085	1.772
0.086	1.788	0.086	1.778	0.086	1.739
0.087	1.804	0.087	1.776	0.087	1.750
0.088	1.778	0.088	1.758	0.088	1.730
0.089	1.776	0.089	1.747	0.089	1.725
0.090	1.759	0.090	1.739	0.090	1.710
0.091	1.770	0.091	1.745	0.091	1.724
0.092	1.752	0.092	1.732	0.092	1.699
0.093	1.750	0.093	1.721	0.093	1.690
0.094	1.732	0.094	1.707	0.094	1.673
0.095	1.732	0.095	1.704	0.095	1.678
0.096	1.712	0.096	1.686	0.096	1.660
0.097	1.710	0.097	1.687	0.097	1.655
0.098	1.695	0.098	1.666	0.098	1.646
0.099	1.713	0.099	1.684	0.099	1.649
0.100	1.681	0.100	1.658	0.100	1.623
0.101	1.670	0.101	1.655	0.101	1.623
0.102	1.666	0.102	1.638	0.102	1.601
0.103	1.663	0.103	1.635	0.103	1.609
0.104	1.653	0.104	1.620	0.104	1.600
0.105	1.640	0.105	1.627	0.105	1.586
0.106	1.630	0.106	1.600	0.106	1.568
0.107	1.640	0.107	1.607	0.107	1.580
0.108	1.621	0.108	1.597	0.108	1.561
0.109	1.614	0.109	1.587	0.109	1.551
0.110	1.595	0.110	1.572	0.110	1.541
0.111	1.606	0.111	1.569	0.111	1.537
0.112	1.591	0.112	1.555	0.112	1.528
0.113	1.578	0.113	1.555	0.113	1.526
0.114	1.569	0.114	1.540	0.114	1.511
0.115	1.591	0.115	1.551	0.115	1.520
0.116	1.564	0.116	1.528	0.116	1.491
0.117	1.555	0.117	1.526	0.117	1.494
0.118	1.540	0.118	1.511	0.118	1.482
0.119	1.548	0.119	1.512	0.119	1.477
0.120	1.535	0.120	1.497	0.120	1.463
0.121	1.523	0.121	1.494	0.121	1.463
0.122	1.517	0.122	1.488	0.122	1.451
0.123	1.517	0.123	1.491	0.123	1.454
0.124	1.512	0.124	1.471	0.124	1.439
0.125	1.512	0.125	1.466	0.125	1.440
0.126	1.483	0.126	1.456	0.126	1.428
0.127	1.499	0.127	1.462	0.127	1.417
0.128	1.482	0.128	1.443	0.128	1.405
0.129	1.482	0.129	1.440	0.129	1.399
0.130	1.477	0.130	1.426	0.130	1.388
0.131	1.489	0.131	1.446	0.131	1.414
0.132	1.460	0.132	1.423	0.132	1.387
0.133	1.466	0.133	1.420	0.133	1.383
0.134	1.446	0.134	1.405	0.134	1.367
0.135	1.446	0.135	1.405	0.135	1.374
0.136	1.434	0.136	1.393	0.136	1.350
0.137	1.440	0.137	1.394	0.137	1.351
0.138	1.428	0.138	1.383	0.138	1.342
0.139	1.429	0.139	1.388	0.139	1.347
0.140	1.410	0.140	1.374	0.140	1.333
0.141	1.420	0.141	1.364	0.141	1.334
0.142	1.408	0.142	1.365	0.142	1.319
0.143	1.403	0.143	1.365	0.143	1.316
0.144	1.400	0.144	1.359	0.144	1.314
0.145	1.396	0.145	1.351	0.145	1.307
0.146	1.382	0.146	1.345	0.146	1.295
0.147	1.396	0.147	1.357	0.147	1.304
0.148	1.388	0.148	1.339	0.148	1.290
0.149	1.377	0.149	1.330	0.149	1.287
0.150	1.368	0.150	1.324	0.150	1.279
0.151	1.376	0.151	1.327	0.151	1.285
0.152	1.367	0.152	1.321	0.152	1.272
0.153	1.367	0.153	1.322	0.153	1.268
0.154	1.362	0.154	1.308	0.154	1.265
0.155	1.368	0.155	1.324	0.155	1.275
0.156	1.362	0.156	1.305	0.156	1.265
0.157	1.360	0.157	1.305	0.157	1.265
0.158	1.356	0.158	1.302	0.158	1.256
0.159	1.365	0.159	1.311	0.159	1.261
0.160	1.360	0.160	1.307	0.160	1.265
0.161	1.365	0.161	1.305	0.161	1.267
0.162	1.357	0.162	1.307	0.162	1.267
0.163	1.379	0.163	1.333	0.163	1.287
0.164	1.374	0.164	1.316	0.164	1.268
0.165	1.374	0.165	1.324	0.165	1.262
0.166	1.376	0.166	1.319	0.166	1.282
0.167	1.388	0.167	1.328	0.167	1.291
0.168	1.383	0.168	1.339	0.168	1.284
0.169	1.403	0.169	1.345	0.169	1.291
0.170	1.405	0.170	1.354	0.170	1.308
0.171	1.426	0.171	1.376	0.171	1.316
0.172	1.423	0.172	1.365	0.172	1.316
0.173	1.443	0.173	1.387	0.173	1.330
0.174	1.448	0.174	1.400	0.174	1.336
0.175	1.476	0.175	1.405	0.175	1.360
0.176	1.463	0.176	1.419	0.176	1.370
0.177	1.480	0.177	1.433	0.177	1.382
0.178	1.489	0.178	1.443	0.178	1.387
0.179	1.517	0.179	1.476	0.179	1.425
0.180	1.532	0.180	1.479	0.180	1.429
0.181	1.540	0.181	1.494	0.181	1.449
0.182	1.548	0.182	1.503	0.182	1.462
0.183	1.577	0.183	1.543	0.183	1.486
0.184	1.587	0.184	1.546	0.184	1.488
0.185	1.604	0.185	1.560	0.185	1.522
0.186	1.614	0.186	1.584	0.186	1.525
0.187	1.652	0.187	1.610	0.187	1.549
0.188	1.649	0.188	1.614	0.188	1.563
0.189	1.670	0.189	1.630	0.189	1.581
0.190	1.669	0.190	1.638	0.190	1.586
0.191	1.692	0.191	1.663	0.191	1.603
0.192	1.699	0.192	1.664	0.192	1.617
0.193	1.712	0.193	1.675	0.193	1.629
0.194	1.716	0.194	1.678	0.194	1.627
0.195	1.753	0.195	1.707	0.195	1.655
0.196	1.739	0.196	1.706	0.196	1.655
0.197	1.744	0.197	1.701	0.197	1.653
0.198	1.735	0.198	1.687	0.198	1.649
0.199	1.745	0.199	1.687	0.199	1.656
0.200	1.738	0.200	1.679	0.200	1.633
0.201	1.736	0.201	1.675	0.201	1.637
0.202	1.725	0.202	1.672	0.202	1.620
0.203	1.735	0.203	1.669	0.203	1.623
0.204	1.716	0.204	1.650	0.204	1.609
0.205	1.712	0.205	1.643	0.205	1.604
0.206	1.698	0.206	1.612	0.206	1.587
0.207	1.687	0.207	1.615	0.207	1.575
0.208	1.669	0.208	1.597	0.208	1.561
0.209	1.656	0.209	1.583	0.209	1.554
0.210	1.630	0.210	1.564	0.210	1.529
0.211	1.637	0.211	1.564	0.211	1.528
0.212	1.606	0.212	1.537	0.212	1.503
0.213	1.583	0.213	1.514	0.213	1.485
0.214	1.551	0.214	1.479	0.214	1.451
0.215	1.535	0.215	1.469	0.215	1.443
0.216	1.500	0.216	1.440	0.216	1.413
0.217	1.471	0.217	1.422	0.217	1.394
0.218	1.439	0.218	1.387	0.218	1.364
0.219	1.417	0.219	1.364	0.219	1.341
0.220	1.379	0.220	1.327		
0.221	1.350	0.221	1.298		
0.222	1.308	0.222	1.262		
0.223	1.278	0.223	1.227		
0.224	1.242	0.224	1.196		
0.225	1.215	0.225	1.163		
0.226	1.172	0.226	1.130		
0.227	1.155	0.227	1.106		
0.228	1.101	0.228	1.061		
0.229	1.078	0.229	1.032		
0.230	1.046	0.230	0.992		
0.231	1.018	0.231	0.976		
0.232	0.991	0.232	0.943		
0.233	0.966	0.233	0.920		
0.234	0.939	0.234	0.890		
0.235	0.922	0.235	0.868		
0.236	0.899	0.236	0.844		
0.237	0.887	0.237	0.827		
0.238	0.862	0.238	0.799		
0.239	0.844	0.239	0.795		
0.240	0.831	0.240	0.772		
0.241	0.819	0.241	0.755		
0.242	0.805	0.242	0.744		
0.243	0.795	0.243	0.738		
0.244	0.781	0.244	0.719		
0.245	0.776	0.245	0.712		
0.246	0.765	0.246	0.701		
0.247	0.765	0.247	0.689		
0.248	0.755	0.248	0.686		
0.249	0.753	0.249	0.676		
0.250	0.742	0.250	0.670		
0.251	0.742	0.251	0.675		
0.252	0.735	0.252	0.669		
0.253	0.735	0.253	0.667		
0.254	0.733	0.254	0.655		
0.255	0.733	0.255	0.669		
0.256	0.733	0.256	0.658		
0.257	0.733	0.257	0.661		
0.258	0.739	0.258	0.661		
0.259	0.752	0.259	0.680		
0.260	0.742	0.260	0.667		
0.261	0.735	0.261	0.670		
0.262	0.745	0.262	0.672		
0.263	0.752	0.263	0.676		
0.264	0.750	0.264	0.672		
0.265	0.756	0.265	0.676		
0.266	0.759	0.266	0.689		
0.267	0.775	0.267	0.692		
0.268	0.768	0.268	0.689		
0.269	0.778	0.269	0.695		
0.270	0.778	0.270	0.701		
0.271	0.791	0.271	0.718		
0.272	0.796	0.272	0.716		
0.273	0.801	0.273	0.721		
0.274	0.805	0.274	0.730		
0.275	0.828	0.275	0.749		
0.276	0.831	0.276	0.752		
0.277	0.834	0.277	0.762		
0.278	0.842	0.278	0.764		
0.279	0.856	0.279	0.782		
0.280	0.865	0.280	0.787		
0.281	0.887	0.281	0.790		
0.282	0.894	0.282	0.798		
0.283	0.911	0.283	0.824		
0.284	0.910	0.284	0.831		
0.285	0.931	0.285	0.845		
0.286	0.948	0.286	0.862		
0.287	0.957	0.287	0.876		
0.288	0.979	0.288	0.891		
0.289	0.995	0.289	0.907		
0.290	1.011	0.290	0.926		
0.291	1.043	0.291	0.956		
0.292	1.052	0.292	0.968		
0.293	1.084	0.293	1.000		
0.294	1.098	0.294	1.012		
0.295	1.126	0.295	1.040		
0.296	1.143	0.296	1.066		
0.297	1.181	0.297	1.095		
0.298	1.212	0.298	1.123		
0.299	1.250	0.299	1.163		
0.300	1.281	0.300	1.193		
0.301	1.321	0.301	1.229		
0.302	1.360	0.302	1.259		
0.303	1.414	0.303	1.311		
0.304	1.454	0.304	1.353		
0.305	1.499	0.305	1.403		
0.306	1.555	0.306	1.449		
0.307	1.621	0.307	1.514		
0.308	1.666	0.308	1.568		
0.309	1.741	0.309	1.626		
0.310	1.796	0.310	1.689		
0.311	1.867	0.311	1.755		
0.312	1.942	0.312	1.819		
0.313	2.023	0.313	1.894		
0.314	2.087	0.314	1.962		
0.315	2.178	0.315	2.045		
0.316	2.252	0.316	2.132		
0.317	2.331	0.317	2.206		
0.318	2.413	0.318	2.273		
0.319	2.488	0.319	2.359		
0.320	2.554	0.320	2.425		
0.321	2.621	0.321	2.495		
0.322	2.664	0.322	2.551		
0.323	2.739	0.323	2.620		
0.324	2.742	0.324	2.660		
0.325	2.758	0.325	2.681		
0.326	2.716	0.326	2.681		
0.327	2.686	0.327	2.675		
0.328	2.610	0.328	2.637		
0.329	2.518	0.329	2.581		
0.330	2.400	0.330	2.498		
0.331	2.270	0.331	2.411		
0.332	2.115	0.332	2.282		
0.333	1.949	0.333	2.146		
0.334	1.795	0.334	1.989		
0.335	1.640	0.335	1.842		
0.336	1.488	0.336	1.683		
0.337	1.368	0.337	1.531		
0.338	1.244	0.338	1.393		
0.339	1.155	0.339	1.281		
0.340	1.072	0.340	1.161		
0.341	1.006	0.341	1.074		
0.342	0.946	0.342	0.985		
0.343	0.891	0.343	0.919		
0.344	0.839	0.344	0.864		
0.345	0.807	0.345	0.816		
0.346	0.772	0.346	0.773		
0.347	0.747	0.347	0.741		
0.348	0.707	0.348	0.707		
0.349	0.686	0.349	0.681		
0.350	0.660	0.350	0.647		
0.351	0.638	0.351	0.624		
0.352	0.620	0.352	0.609		
0.353	0.597	0.353	0.595		
0.354	0.584	0.354	0.561		
0.355	0.566	0.355	0.561		
0.356	0.549	0.356	0.535		
0.357	0.541	0.357	0.523		
0.358	0.520	0.358	0.506		
0.359	0.520	0.359	0.495		
0.360	0.502	0.360	0.483		
0.361	0.488	0.361	0.471		
0.362	0.476	0.362	0.465		
0.363	0.472	0.363	0.449		
0.364	0.460	0.364	0.442		
0.365	0.453	0.365	0.428		
0.366	0.443	0.366	0.423		
0.367	0.440	0.367	0.420		
0.368	0.430	0.368	0.410		
0.369	0.430	0.369	0.403		
0.370	0.420	0.370	0.405		
0.371	0.419	0.371	0.394		
0.372	0.416	0.372	0.388		
0.373	0.405	0.373	0.387		
0.374	0.403	0.374	0.377		
0.375	0.394	0.375	0.377		
0.376	0.390	0.376	0.373		
0.377	0.388	0.377	0.370		
0.378	0.377	0.378	0.361		
0.379	0.377	0.379	0.361		
0.380	0.374	0.380	0.356		
0.381	0.380	0.381	0.347		
0.382	0.365	0.382	0.348		
0.383	0.371	0.383	0.347		
0.384	0.368	0.384	0.345		
0.385	0.364	0.385	0.341		
0.386	0.357	0.386	0.341		
0.387	0.356	0.387	0.338		
0.388	0.353	0.388	0.333		
0.389	0.350	0.389	0.331		
0.390	0.348	0.390	0.330		
0.391	0.338	0.391	0.325		
0.392	0.348	0.392	0.324		
0.393	0.341	0.393	0.325		
0.394	0.334	0.394	0.321		
0.395	0.339	0.395	0.328		
0.396	0.333	0.396	0.313		
0.397	0.333	0.397	0.316		
0.398	0.336	0.398	0.313		
0.399	0.331	0.399	0.310		
0.400	0.327	0.400	0.318		
0.401	0.328	0.401	0.315		
0.402	0.324	0.402	0.307		
0.403	0.327	0.403	0.305		
0.404	0.334	0.404	0.310		
0.405	0.318	0.405	0.310		
0.406	0.325	0.406	0.302		
0.407	0.325	0.407	0.305		
0.408	0.313	0.408	0.301		
0.409	0.325	0.409	0.302		
0.410	0.319	0.410	0.302		
0.411	0.316	0.411	0.299		
0.412	0.319	0.412	0.296		
0.413	0.315	0.413	0.305		
0.414	0.313	0.414	0.298		
0.415	0.308	0.415	0.291		
0.416	0.311	0.416	0.296		
0.417	0.313	0.417	0.290		
0.418	0.311	0.418	0.290		
0.419	0.308	0.419	0.291		
0.420	0.304	0.420	0.296		
0.421	0.304	0.421	0.288		
0.422	0.305	0.422	0.288		
0.423	0.311	0.423	0.288		
0.424	0.307	0.424	0.288		
0.425	0.304	0.425	0.287		
0.426	0.298	0.426	0.278		
0.427	0.298	0.427	0.282		
0.428	0.298	0.428	0.285		
0.429	0.290	0.429	0.287		
0.430	0.301	0.430	0.285		
0.431	0.298	0.431	0.279		
0.432	0.295	0.432	0.282		
0.433	0.301	0.433	0.279		
0.434	0.296	0.434	0.281		
0.435	0.302	0.435	0.279		
0.436	0.301	0.436	0.275		
0.437	0.296	0.437	0.276		
0.438	0.299	0.438	0.281		
0.439	0.291	0.439	0.273		
0.440	0.299	0.440	0.276		
0.441	0.298	0.441	0.275		
0.442	0.296	0.442	0.275		
0.443	0.290	0.443	0.276		
0.444	0.288	0.444	0.268		
0.445	0.288	0.445	0.272		
0.446	0.296	0.446	0.273		
0.447	0.295	0.447	0.276		
0.448	0.291	0.448	0.273		
0.449	0.293	0.449	0.270		
0.450	0.290	0.450	0.259		
0.451	0.295	0.451	0.276		
0.452	0.298	0.452	0.272		
0.453	0.288	0.453	0.267		
0.454	0.291	0.454	0.264		
0.455	0.291	0.455	0.270		
0.456	0.293	0.456	0.270		
0.457	0.290	0.457	0.268		
0.458	0.293	0.458	0.267		
0.459	0.285	0.459	0.272		
0.460	0.288	0.460	0.267		
0.461	0.290	0.461	0.268		
0.462	0.285	0.462	0.268		
0.463	0.288	0.463	0.264		
0.464	0.290	0.464	0.262		
0.465	0.293	0.465	0.262		
0.466	0.296	0.466	0.268		
0.467	0.290	0.467	0.267		
0.468	0.295	0.468	0.267		
0.469	0.296	0.469	0.265		
0.470	0.288	0.470	0.273		
0.471	0.288	0.471	0.273		
0.472	0.298	0.472	0.265		
0.473	0.293	0.473	0.273		
0.474	0.293	0.474	0.265		
0.475	0.295	0.475	0.272		
0.476	0.296	0.476	0.270		
0.477	0.304	0.477	0.275		
0.478	0.301	0.478	0.268		
0.479	0.293	0.479	0.281		
0.480	0.293	0.480	0.275		
0.481	0.295	0.481	0.270		
0.482	0.298	0.482	0.270		
0.483	0.299	0.483	0.273		
0.484	0.299	0.484	0.272		
0.485	0.293	0.485	0.273		
0.486	0.301	0.486	0.273		
0.487	0.299	0.487	0.275		
0.488	0.304	0.488	0.278		
0.489	0.301	0.489	0.282		
0.490	0.301	0.490	0.281		
0.491	0.301	0.491	0.278		
0.492	0.305	0.492	0.278		
0.493	0.302	0.493	0.281		
0.494	0.304	0.494	0.282		
0.495	0.304	0.495	0.285		
0.496	0.316	0.496	0.284		
0.497	0.311	0.497	0.279		
0.498	0.307	0.498	0.288		
0.499	0.310	0.499	0.285		
0.500	0.307	0.500	0.293		
0.501	0.304	0.501	0.293		
0.502	0.311	0.502	0.293		
0.503	0.311	0.503	0.291		
0.504	0.316	0.504	0.295		
0.505	0.318	0.505	0.291		
0.506	0.318	0.506	0.291		
0.507	0.322	0.507	0.305		
0.508	0.322	0.508	0.296		
0.509	0.328	0.509	0.299		
0.510	0.327	0.510	0.302		
0.511	0.324	0.511	0.304		
0.512	0.324	0.512	0.319		
0.513	0.333	0.513	0.308		
0.514	0.331	0.514	0.298		
0.515	0.336	0.515	0.308		
0.516	0.342	0.516	0.308		
0.517	0.334	0.517	0.311		
0.518	0.338	0.518	0.319		
0.519	0.339	0.519	0.319		
0.520	0.339	0.520	0.322		
0.521	0.342	0.521	0.327		
0.522	0.344	0.522	0.318		
0.523	0.350	0.523	0.327		
0.524	0.344	0.524	0.328		
0.525	0.354	0.525	0.334		
0.526	0.353	0.526	0.331		
0.527	0.364	0.527	0.338		
0.528	0.362	0.528	0.341		
0.529	0.361	0.529	0.342		
0.530	0.364	0.530	0.353		
0.531	0.371	0.531	0.354		
0.532	0.368	0.532	0.350		
0.533	0.367	0.533	0.356		
0.534	0.376	0.534	0.365		
0.535	0.384	0.535	0.359		
0.536	0.374	0.536	0.361		
0.537	0.374	0.537	0.365		
0.538	0.380	0.538	0.367		
0.539	0.387	0.539	0.371		
0.540	0.391	0.540	0.371		
0.541	0.394	0.541	0.379		
0.542	0.391	0.542	0.376		
0.543	0.396	0.543	0.384		
0.544	0.400	0.544	0.384		
0.545	0.405	0.545	0.390		
0.546	0.407	0.546	0.393		
0.547	0.408	0.547	0.397		
0.548	0.408	0.548	0.390		
0.549	0.419	0.549	0.396		
0.550	0.413	0.550	0.402		
0.551	0.417	0.551	0.403		
0.552	0.417	0.552	0.410		
0.553	0.420	0.553	0.407		
0.554	0.420	0.554	0.417		
0.555	0.436	0.555	0.426		
0.556	0.430	0.556	0.417		
0.557	0.430	0.557	0.413		
0.558	0.436	0.558	0.420		
0.559	0.449	0.559	0.426		
0.560	0.440	0.560	0.425		
0.561	0.453	0.561	0.425		
0.562	0.440	0.562	0.426		
0.563	0.451	0.563	0.436		
0.564	0.453	0.564	0.433		
0.565	0.456	0.565	0.442		
0.566	0.459	0.566	0.443		
0.567	0.471	0.567	0.440		
0.568	0.465	0.568	0.449		
0.569	0.465	0.569	0.449		
0.570	0.465	0.570	0.449		
0.571	0.474	0.571	0.453		
0.572	0.480	0.572	0.454		
0.573	0.476	0.573	0.457		
0.574	0.480	0.574	0.466		
0.575	0.489	0.575	0.462		
0.576	0.485	0.576	0.460		
0.577	0.492	0.577	0.471		
0.578	0.492	0.578	0.469		
0.579	0.506	0.579	0.468		
0.580	0.500	0.580	0.469		
0.581	0.508	0.581	0.480		
0.582	0.508	0.582	0.477		
0.583	0.512	0.583	0.474		
0.584	0.509	0.584	0.477		
0.585	0.515	0.585	0.485		
0.586	0.522	0.586	0.491		
0.587	0.526	0.587	0.494		
0.588	0.529	0.588	0.489		
0.589	0.526	0.589	0.500		
0.590	0.535	0.590	0.502		
0.591	0.541	0.591	0.497		
0.592	0.543	0.592	0.502		
0.593	0.541	0.593	0.511		
0.594	0.551	0.594	0.512		
0.595	0.560	0.595	0.520		
0.596	0.560	0.596	0.525		
0.597	0.571	0.597	0.532		
0.598	0.568	0.598	0.531		
0.599	0.577	0.599	0.534		
0.600	0.578	0.600	0.537		
0.601	0.586	0.601	0.541		
0.602	0.594	0.602	0.546		
0.603	0.597	0.603	0.557		
0.604	0.601	0.604	0.554		
0.605	0.606	0.605	0.563		
0.606	0.611	0.606	0.561		
0.607	0.623	0.607	0.578		
0.608	0.626	0.608	0.571		
0.609	0.626	0.609	0.580		
0.610	0.634	0.610	0.583		
0.611	0.647	0.611	0.587		
0.612	0.647	0.612	0.592		
0.613	0.653	0.613	0.603		
0.614	0.663	0.614	0.603		
0.615	0.669	0.615	0.620		
0.616	0.672	0.616	0.621		
0.617	0.678	0.617	0.621		
0.618	0.692	0.618	0.634		
0.619	0.695	0.619	0.647		
0.620	0.706	0.620	0.653		
0.621	0.715	0.621	0.650		
0.622	0.722	0.622	0.660		
0.623	0.730	0.623	0.672		
0.624	0.738	0.624	0.678		
0.625	0.753	0.625	0.684		
0.626	0.745	0.626	0.695		
0.627	0.761	0.627	0.701		
0.628	0.781	0.628	0.712		
0.629	0.788	0.629	0.727		
0.630	0.788	0.630	0.733		
0.631	0.805	0.631	0.744		
0.632	0.818	0.632	0.752		
0.633	0.825	0.633	0.759		
0.634	0.839	0.634	0.770		
0.635	0.845	0.635	0.788		
0.636	0.864	0.636	0.796		
0.637	0.865	0.637	0.813		
0.638	0.880	0.638	0.821		
0.639	0.899	0.639	0.836		
0.640	0.905	0.640	0.845		
0.641	0.925	0.641	0.860		
0.642	0.936	0.642	0.868		
0.643	0.972	0.643	0.900		
0.644	0.972	0.644	0.907		
0.645	0.989	0.645	0.931		
0.646	0.999	0.646	0.940		
0.647	1.018	0.647	0.954		
0.648	1.037	0.648	0.972		
0.649	1.051	0.649	0.989		
0.650	1.072	0.650	1.003		
0.651	1.084	0.651	1.026		
0.652	1.109	0.652	1.038		
0.653	1.129	0.653	1.060		
0.654	1.147	0.654	1.077		
0.655	1.170	0.655	1.107		
0.656	1.186	0.656	1.114		
0.657	1.203	0.657	1.137		
0.658	1.236	0.658	1.152		
0.659	1.265	0.659	1.181		
0.660	1.284	0.660	1.206		
0.661	1.304	0.661	1.215		
0.662	1.328	0.662	1.250		
0.663	1.357	0.663	1.272		
0.664	1.371	0.664	1.296		
0.665	1.408	0.665	1.322		
0.666	1.434	0.666	1.341		
0.667	1.460	0.667	1.374		
0.668	1.492	0.668	1.394		
0.669	1.508	0.669	1.419		
0.670	1.537	0.670	1.449		
0.671	1.575	0.671	1.483		
0.672	1.598	0.672	1.502		
0.673	1.621	0.673	1.532		
0.674	1.658	0.674	1.564		
0.675	1.710	0.675	1.609		
0.676	1.725	0.676	1.629		
0.677	1.765	0.677	1.660		
0.678	1.791	0.678	1.696		
0.679	1.833	0.679	1.724		
0.680	1.867	0.680	1.750		
0.681	1.905	0.681	1.793		
0.682	1.934	0.682	1.830		
0.683	1.989	0.683	1.880		
0.684	2.012	0.684	1.897		
0.685	2.060	0.685	1.945		
0.686	2.094	0.686	1.975		
0.687	2.143	0.687	2.022		
0.688	2.176	0.688	2.055		
0.689	2.216	0.689	2.095		
0.690	2.250	0.690	2.138		
0.691	2.321	0.691	2.207		
0.692	2.342	0.692	2.221		
0.693	2.387	0.693	2.264		
0.694	2.422	0.694	2.304		
0.695	2.477	0.695	2.353		
0.696	2.506	0.696	2.390		
0.697	2.555	0.697	2.439		
0.698	2.598	0.698	2.475		
0.699	2.667	0.699	2.546		
0.700	2.198	0.700	2.068		
0.699	1.146	0.699	1.035		
0.698	0.264	0.698	0.163		
0.697	-0.403	0.697	-0.495		
0.696	-0.885	0.696	-0.960		
0.695	-1.215	0.695	-1.279		
0.694	-1.437	0.694	-1.506		
0.693	-1.581	0.693	-1.636		
0.692	-1.676	0.692	-1.725		
0.691	-1.758	0.691	-1.797		
0.690	-1.777	0.690	-1.805		
0.689	-1.787	0.689	-1.814		
0.688	-1.796	0.688	-1.810		
0.687	-1.802	0.687	-1.807		
0.686	-1.774	0.686	-1.787		
0.685	-1.753	0.685	-1.765		
0.684	-1.738	0.684	-1.744		
0.683	-1.727	0.683	-1.739		
0.682	-1.693	0.682	-1.685		
0.681	-1.672	0.681	-1.673		
0.680	-1.635	0.680	-1.646		
0.679	-1.619	0.679	-1.629		
0.678	-1.589	0.678	-1.580		
0.677	-1.569	0.677	-1.555		
0.676	-1.538	0.676	-1.532		
0.675	-1.509	0.675	-1.506		
0.674	-1.481	0.674	-1.463		
0.673	-1.440	0.673	-1.437		
0.672	-1.412	0.672	-1.397		
0.671	-1.383	0.671	-1.371		
0.670	-1.362	0.670	-1.350		
0.669	-1.327	0.669	-1.322		
0.668	-1.304	0.668	-1.291		
0.667	-1.277	0.667	-1.276		
0.666	-1.248	0.666	-1.245		
0.665	-1.222	0.665	-1.212		
0.664	-1.201	0.664	-1.185		
0.663	-1.179	0.663	-1.166		
0.662	-1.146	0.662	-1.144		
0.661	-1.129	0.661	-1.121		
0.660	-1.104	0.660	-1.096		
0.659	-1.090	0.659	-1.081		
0.658	-1.067	0.658	-1.060		
0.657	-1.046	0.657	-1.034		
0.656	-1.023	0.656	-1.018		
0.655	-1.001	0.655	-1.000		
0.654	-0.983	0.654	-0.983		
0.653	-0.965	0.653	-0.962		
0.652	-0.948	0.652	-0.943		
0.651	-0.931	0.651	-0.925		
0.650	-0.914	0.650	-0.909		
0.649	-0.891	0.649	-0.891		
0.648	-0.880	0.648	-0.876		
0.647	-0.862	0.647	-0.859		
0.646	-0.850	0.646	-0.851		
0.645	-0.830	0.645	-0.825		
0.644	-0.810	0.644	-0.831		
0.643	-0.813	0.643	-0.813		
0.642	-0.791	0.642	-0.799		
0.641	-0.773	0.641	-0.781		
0.640	-0.759	0.640	-0.773		
0.639	-0.759	0.639	-0.759		
0.638	-0.747	0.638	-0.747		
0.637	-0.727	0.637	-0.733		
0.636	-0.715	0.636	-0.718		
0.635	-0.715	0.635	-0.716		
0.634	-0.701	0.634	-0.698		
0.633	-0.681	0.633	-0.695		
0.632	-0.678	0.632	-0.684		
0.631	-0.664	0.631	-0.672		
0.630	-0.664	0.630	-0.652		
0.629	-0.646	0.629	-0.659		
0.628	-0.641	0.628	-0.649		
0.627	-0.633	0.627	-0.635		
0.626	-0.623	0.626	-0.627		
0.625	-0.604	0.625	-0.618		
0.624	-0.606	0.624	-0.610		
0.623	-0.600	0.623	-0.603		
0.622	-0.595	0.622	-0.600		
0.621	-0.578	0.621	-0.590		
0.620	-0.575	0.620	-0.578		
0.619	-0.578	0.619	-0.580		
0.618	-0.563	0.618	-0.580		
0.617	-0.552	0.617	-0.566		
0.616	-0.557	0.616	-0.560		
0.615	-0.538	0.615	-0.544		
0.614	-0.538	0.614	-0.543		
0.613	-0.531	0.613	-0.534		
0.612	-0.526	0.612	-0.535		
0.611	-0.520	0.611	-0.529		
0.610	-0.518	0.610	-0.518		
0.609	-0.508	0.609	-0.514		
0.608	-0.503	0.608	-0.511		
0.607	-0.501	0.607	-0.500		
0.606	-0.486	0.606	-0.497		
0.605	-0.488	0.605	-0.498		
0.604	-0.481	0.604	-0.494		
0.603	-0.474	0.603	-0.486		
0.602	-0.475	0.602	-0.483		
0.601	-0.468	0.601	-0.474		
0.600	-0.458	0.600	-0.468		
0.599	-0.460	0.599	-0.471		
0.598	-0.454	0.598	-0.462		
0.597	-0.452	0.597	-0.462		
0.596	-0.451	0.596	-0.457		
0.595	-0.448	0.595	-0.452		
0.594	-0.431	0.594	-0.446		
0.593	-0.434	0.593	-0.448		
0.592	-0.432	0.592	-0.442		
0.591	-0.420	0.591	-0.443		
0.590	-0.426	0.590	-0.435		
0.589	-0.420	0.589	-0.431		
0.588	-0.417	0.588	-0.423		
0.587	-0.411	0.587	-0.420		
0.586	-0.405	0.586	-0.423		
0.585	-0.408	0.585	-0.419		
0.584	-0.406	0.584	-0.416		
0.583	-0.402	0.583	-0.414		
0.582	-0.394	0.582	-0.412		
0.581	-0.400	0.581	-0.403		
0.580	-0.400	0.580	-0.408		
0.579	-0.396	0.579	-0.397		
0.578	-0.389	0.578	-0.399		
0.577	-0.386	0.577	-0.396		
0.576	-0.385	0.576	-0.389		
0.575	-0.377	0.575	-0.389		
0.574	-0.376	0.574	-0.380		
0.573	-0.373	0.573	-0.379		
0.572	-0.370	0.572	-0.382		
0.571	-0.371	0.571	-0.382		
0.570	-0.362	0.570	-0.374		
0.569	-0.359	0.569	-0.377		
0.568	-0.365	0.568	-0.376		
0.567	-0.359	0.567	-0.366		
0.566	-0.350	0.566	-0.370		
0.565	-0.345	0.565	-0.363		
0.564	-0.356	0.564	-0.370		
0.563	-0.350	0.563	-0.362		
0.562	-0.353	0.562	-0.365		
0.561	-0.345	0.561	-0.357		
0.560	-0.347	0.560	-0.356		
0.559	-0.340	0.559	-0.354		
0.558	-0.342	0.558	-0.351		
0.557	-0.339	0.557	-0.351		
0.556	-0.337	0.556	-0.345		
0.555	-0.339	0.555	-0.345		
0.554	-0.334	0.554	-0.347		
0.553	-0.334	0.553	-0.342		
0.552	-0.327	0.552	-0.348		
0.551	-0.330	0.551	-0.334		
0.550	-0.325	0.550	-0.347		
0.549	-0.330	0.549	-0.336		
0.548	-0.316	0.548	-0.337		
0.547	-0.328	0.547	-0.337		
0.546	-0.314	0.546	-0.336		
0.545	-0.319	0.545	-0.330		
0.544	-0.319	0.544	-0.333		
0.543	-0.311	0.543	-0.325		
0.542	-0.313	0.542	-0.324		
0.541	-0.311	0.541	-0.327		
0.540	-0.316	0.540	-0.322		
0.539	-0.317	0.539	-0.320		
0.538	-0.316	0.538	-0.319		
0.537	-0.307	0.537	-0.327		
0.536	-0.307	0.536	-0.316		
0.535	-0.307	0.535	-0.313		
0.534	-0.311	0.534	-0.317		
0.533	-0.305	0.533	-0.317		
0.532	-0.304	0.532	-0.316		
0.531	-0.307	0.531	-0.313		
0.530	-0.301	0.530	-0.311		
0.529	-0.297	0.529	-0.308		
0.528	-0.301	0.528	-0.313		
0.527	-0.296	0.527	-0.304		
0.526	-0.293	0.526	-0.304		
0.525	-0.291	0.525	-0.311		
0.524	-0.282	0.524	-0.310		
0.523	-0.287	0.523	-0.305		
0.522	-0.294	0.522	-0.297		
0.521	-0.287	0.521	-0.301		
0.520	-0.291	0.520	-0.302		
0.519	-0.288	0.519	-0.302		
0.518	-0.287	0.518	-0.294		
0.517	-0.282	0.517	-0.299		
0.516	-0.288	0.516	-0.296		
0.515	-0.288	0.515	-0.301		
0.514	-0.288	0.514	-0.302		
0.513	-0.278	0.513	-0.291		
0.512	-0.285	0.512	-0.294		
0.511	-0.278	0.511	-0.290		
0.510	-0.282	0.510	-0.293		
0.509	-0.285	0.509	-0.290		
0.508	-0.279	0.508	-0.285		
0.507	-0.274	0.507	-0.294		
0.506	-0.274	0.506	-0.290		
0.505	-0.271	0.505	-0.288		
0.504	-0.270	0.504	-0.284		
0.503	-0.273	0.503	-0.290		
0.502	-0.270	0.502	-0.291		
0.501	-0.273	0.501	-0.281		
0.500	-0.274	0.500	-0.282		
0.499	-0.274	0.499	-0.281		
0.498	-0.268	0.498	-0.282		
0.497	-0.268	0.497	-0.274		
0.496	-0.273	0.496	-0.282		
0.495	-0.271	0.495	-0.278		
0.494	-0.273	0.494	-0.279		
0.493	-0.270	0.493	-0.276		
0.492	-0.264	0.492	-0.282		
0.491	-0.270	0.491	-0.279		
0.490	-0.262	0.490	-0.284		
0.489	-0.262	0.489	-0.273		
0.488	-0.268	0.488	-0.278		
0.487	-0.271	0.487	-0.274		
0.486	-0.265	0.486	-0.274		
0.485	-0.264	0.485	-0.279		
0.484	-0.262	0.484	-0.274		
0.483	-0.267	0.483	-0.274		
0.482	-0.261	0.482	-0.279		
0.481	-0.267	0.481	-0.278		
0.480	-0.267	0.480	-0.274		
0.479	-0.274	0.479	-0.278		
0.478	-0.265	0.478	-0.276		
0.477	-0.264	0.477	-0.281		
0.476	-0.274	0.476	-0.279		
0.475	-0.262	0.475	-0.279		
0.474	-0.268	0.474	-0.273		
0.473	-0.268	0.473	-0.273		
0.472	-0.264	0.472	-0.279		
0.471	-0.270	0.471	-0.274		
0.470	-0.265	0.470	-0.278		
0.469	-0.265	0.469	-0.278		
0.468	-0.271	0.468	-0.276		
0.467	-0.273	0.467	-0.279		
0.466	-0.271	0.466	-0.274		
0.465	-0.270	0.465	-0.273		
0.464	-0.273	0.464	-0.276		
0.463	-0.273	0.463	-0.279		
0.462	-0.267	0.462	-0.279		
0.461	-0.271	0.461	-0.276		
0.460	-0.274	0.460	-0.278		
0.459	-0.274	0.459	-0.276		
0.458	-0.278	0.458	-0.274		
0.457	-0.268	0.457	-0.278		
0.456	-0.270	0.456	-0.282		
0.455	-0.267	0.455	-0.274		
0.454	-0.274	0.454	-0.279		
0.453	-0.278	0.453	-0.281		
0.452	-0.279	0.452	-0.279		
0.451	-0.278	0.451	-0.282		
0.450	-0.279	0.450	-0.287		
0.449	-0.279	0.449	-0.285		
0.448	-0.278	0.448	-0.284		
0.447	-0.278	0.447	-0.284		
0.446	-0.279	0.446	-0.284		
0.445	-0.285	0.445	-0.281		
0.444	-0.282	0.444	-0.290		
0.443	-0.284	0.443	-0.287		
0.442	-0.285	0.442	-0.297		
0.441	-0.281	0.441	-0.290		
0.440	-0.287	0.440	-0.287		
0.439	-0.282	0.439	-0.285		
0.438	-0.284	0.438	-0.291		
0.437	-0.287	0.437	-0.288		
0.436	-0.290	0.436	-0.290		
0.435	-0.287	0.435	-0.301		
0.434	-0.291	0.434	-0.288		
0.433	-0.287	0.433	-0.294		
0.432	-0.291	0.432	-0.291		
0.431	-0.294	0.431	-0.301		
0.430	-0.290	0.430	-0.301		
0.429	-0.293	0.429	-0.297		
0.428	-0.294	0.428	-0.299		
0.427	-0.296	0.427	-0.304		
0.426	-0.299	0.426	-0.305		
0.425	-0.293	0.425	-0.299		
0.424	-0.301	0.424	-0.302		
0.423	-0.297	0.423	-0.296		
0.422	-0.301	0.422	-0.310		
0.421	-0.305	0.421	-0.305		
0.420	-0.301	0.420	-0.310		
0.419	-0.302	0.419	-0.305		
0.418	-0.307	0.418	-0.307		
0.417	-0.301	0.417	-0.311		
0.416	-0.311	0.416	-0.316		
0.415	-0.310	0.415	-0.313		
0.414	-0.302	0.414	-0.313		
0.413	-0.311	0.413	-0.313		
0.412	-0.308	0.412	-0.314		
0.411	-0.311	0.411	-0.322		
0.410	-0.317	0.410	-0.317		
0.409	-0.313	0.409	-0.324		
0.408	-0.308	0.408	-0.324		
0.407	-0.313	0.407	-0.316		
0.406	-0.316	0.406	-0.320		
0.405	-0.314	0.405	-0.324		
0.404	-0.320	0.404	-0.327		
0.403	-0.319	0.403	-0.324		
0.402	-0.324	0.402	-0.328		
0.401	-0.328	0.401	-0.328		
0.400	-0.322	0.400	-0.334		
0.399	-0.330	0.399	-0.333		
0.398	-0.330	0.398	-0.331		
0.397	-0.325	0.397	-0.333		
0.396	-0.325	0.396	-0.336		
0.395	-0.325	0.395	-0.331		
0.394	-0.327	0.394	-0.340		
0.393	-0.331	0.393	-0.347		
0.392	-0.336	0.392	-0.334		
0.391	-0.340	0.391	-0.345		
0.390	-0.339	0.390	-0.345		
0.389	-0.343	0.389	-0.347		
0.388	-0.342	0.388	-0.354		
0.387	-0.339	0.387	-0.348		
0.386	-0.348	0.386	-0.343		
0.385	-0.343	0.385	-0.348		
0.384	-0.350	0.384	-0.359		
0.383	-0.350	0.383	-0.353		
0.382	-0.348	0.382	-0.357		
0.381	-0.353	0.381	-0.360		
0.380	-0.356	0.380	-0.362		
0.379	-0.357	0.379	-0.360		
0.378	-0.360	0.378	-0.357		
0.377	-0.362	0.377	-0.368		
0.376	-0.362	0.376	-0.368		
0.375	-0.368	0.375	-0.370		
0.374	-0.371	0.374	-0.379		
0.373	-0.374	0.373	-0.379		
0.372	-0.374	0.372	-0.374		
0.371	-0.382	0.371	-0.386		
0.370	-0.388	0.370	-0.393		
0.369	-0.386	0.369	-0.393		
0.368	-0.394	0.368	-0.394		
0.367	-0.397	0.367	-0.394		
0.366	-0.399	0.366	-0.408		
0.365	-0.406	0.365	-0.403		
0.364	-0.406	0.364	-0.419		
0.363	-0.420	0.363	-0.416		
0.362	-0.422	0.362	-0.423		
0.361	-0.420	0.361	-0.437		
0.360	-0.432	0.360	-0.439		
0.359	-0.443	0.359	-0.452		
0.358	-0.446	0.358	-0.455		
0.357	-0.455	0.357	-0.455		
0.356	-0.460	0.356	-0.463		
0.355	-0.471	0.355	-0.472		
0.354	-0.477	0.354	-0.486		
0.353	-0.485	0.353	-0.492		
0.352	-0.495	0.352	-0.511		
0.351	-0.504	0.351	-0.517		
0.350	-0.517	0.350	-0.524		
0.349	-0.531	0.349	-0.538		
0.348	-0.541	0.348	-0.547		
0.347	-0.558	0.347	-0.569		
0.346	-0.575	0.346	-0.581		
0.345	-0.578	0.345	-0.592		
0.344	-0.595	0.344	-0.613		
0.343	-0.620	0.343	-0.632		
0.342	-0.636	0.342	-0.649		
0.341	-0.659	0.341	-0.670		
0.340	-0.682	0.340	-0.693		
0.339	-0.704	0.339	-0.718		
0.338	-0.728	0.338	-0.745		
0.337	-0.754	0.337	-0.765		
0.336	-0.784	0.336	-0.793		
0.335	-0.814	0.335	-0.827		
0.334	-0.840	0.334	-0.854		
0.333	-0.880	0.333	-0.893		
0.332	-0.916	0.332	-0.928		
0.331	-0.958	0.331	-0.972		
0.330	-1.000	0.330	-1.011		
0.329	-1.046	0.329	-1.058		
0.328	-1.095	0.328	-1.109		
0.327	-1.150	0.327	-1.164		
0.326	-1.202	0.326	-1.212		
0.325	-1.262	0.325	-1.265		
0.324	-1.327	0.324	-1.320		
0.323	-1.411	0.323	-1.394		
0.322	-1.469	0.322	-1.458		
0.321	-1.538	0.321	-1.523		
0.320	-1.606	0.320	-1.581		
0.319	-1.679	0.319	-1.656		
0.318	-1.753	0.318	-1.715		
0.317	-1.828	0.317	-1.779		
0.316	-1.899	0.316	-1.854		
0.315	-1.981	0.315	-1.923		
0.314	-2.040	0.314	-1.974		
0.313	-2.103	0.313	-2.038		
0.312	-2.146	0.312	-2.087		
0.311	-2.198	0.311	-2.126		
0.310	-2.231	0.310	-2.162		
0.309	-2.251	0.309	-2.178		
0.308	-2.254	0.308	-2.196		
0.307	-2.274	0.307	-2.208		
0.306	-2.250	0.306	-2.202		
0.305	-2.207	0.305	-2.172		
0.304	-2.162	0.304	-2.138		
0.303	-2.104	0.303	-2.096		
0.302	-2.043	0.302	-2.041		
0.301	-1.963	0.301	-1.978		
0.300	-1.882	0.300	-1.903		
0.299	-1.808	0.299	-1.842		
0.298	-1.718	0.298	-1.767		
0.297	-1.641	0.297	-1.684		
0.296	-1.563	0.296	-1.612		
0.295	-1.494	0.295	-1.532		
0.294	-1.414	0.294	-1.469		
0.293	-1.357	0.293	-1.394		
0.292	-1.296	0.292	-1.337		
0.291	-1.256	0.291	-1.293		
0.290	-1.201	0.290	-1.225		
0.289	-1.158	0.289	-1.178		
0.288	-1.112	0.288	-1.146		
0.287	-1.087	0.287	-1.098		
0.286	-1.044	0.286	-1.061		
0.285	-1.020	0.285	-1.032		
0.284	-0.992	0.284	-1.004		
0.283	-0.980	0.283	-0.983		
0.282	-0.948	0.282	-0.948		
0.281	-0.923	0.281	-0.937		
0.280	-0.911	0.280	-0.911		
0.279	-0.894	0.279	-0.894		
0.278	-0.879	0.278	-0.879		
0.277	-0.866	0.277	-0.870		
0.276	-0.854	0.276	-0.856		
0.275	-0.853	0.275	-0.851		
0.274	-0.839	0.274	-0.833		
0.273	-0.827	0.273	-0.819		
0.272	-0.811	0.272	-0.816		
0.271	-0.810	0.271	-0.807		
0.270	-0.802	0.270	-0.800		
0.269	-0.793	0.269	-0.790		
0.268	-0.782	0.268	-0.791		
0.267	-0.787	0.267	-0.791		
0.266	-0.777	0.266	-0.777		
0.265	-0.776	0.265	-0.777		
0.264	-0.765	0.264	-0.770		
0.263	-0.770	0.263	-0.768		
0.262	-0.759	0.262	-0.759		
0.261	-0.758	0.261	-0.762		
0.260	-0.758	0.260	-0.750		
0.259	-0.771	0.259	-0.770		
0.258	-0.759	0.258	-0.761		
0.257	-0.748	0.257	-0.758		
0.256	-0.747	0.256	-0.761		
0.255	-0.748	0.255	-0.751		
0.254	-0.751	0.254	-0.758		
0.253	-0.745	0.253	-0.748		
0.252	-0.748	0.252	-0.751		
0.251	-0.744	0.251	-0.753		
0.250	-0.747	0.250	-0.753		
0.249	-0.745	0.249	-0.748		
0.248	-0.748	0.248	-0.745		
0.247	-0.747	0.247	-0.751		
0.246	-0.751	0.246	-0.750		
0.245	-0.754	0.245	-0.753		
0.244	-0.754	0.244	-0.753		
0.243	-0.765	0.243	-0.764		
0.242	-0.765	0.242	-0.756		
0.241	-0.762	0.241	-0.764		
0.240	-0.768	0.240	-0.770		
0.239	-0.777	0.239	-0.779		
0.238	-0.785	0.238	-0.781		
0.237	-0.788	0.237	-0.794		
0.236	-0.804	0.236	-0.802		
0.235	-0.814	0.235	-0.811		
0.234	-0.822	0.234	-0.819		
0.233	-0.827	0.233	-0.828		
0.232	-0.843	0.232	-0.840		
0.231	-0.853	0.231	-0.857		
0.230	-0.873	0.230	-0.873		
0.229	-0.883	0.229	-0.883		
0.228	-0.905	0.228	-0.902		
0.227	-0.928	0.227	-0.925		
0.226	-0.940	0.226	-0.939		
0.225	-0.957	0.225	-0.960		
0.224	-0.986	0.224	-0.978		
0.223	-1.004	0.223	-1.000		
0.222	-1.034	0.222	-1.027		
0.221	-1.047	0.221	-1.046		
0.220	-1.077	0.220	-1.067		
0.219	-1.103	0.219	-1.100		
0.218	-1.130	0.218	-1.113		
0.217	-1.152	0.217	-1.149		
0.216	-1.181	0.216	-1.173		
0.215	-1.205	0.215	-1.215		
0.214	-1.235	0.214	-1.231		
0.213	-1.262	0.213	-1.259		
0.212	-1.288	0.212	-1.284		
0.211	-1.330	0.211	-1.317		
0.210	-1.350	0.210	-1.337		
0.209	-1.371	0.209	-1.359		
0.208	-1.389	0.208	-1.377		
0.207	-1.416	0.207	-1.406		
0.206	-1.437	0.206	-1.420		
0.205	-1.457	0.205	-1.449		
0.204	-1.488	0.204	-1.460		
0.203	-1.511	0.203	-1.497		
0.202	-1.527	0.202	-1.495		
0.201	-1.546	0.201	-1.517		
0.200	-1.561	0.200	-1.534		
0.199	-1.569	0.199	-1.547		
0.198	-1.589	0.198	-1.555		
0.197	-1.600	0.197	-1.573		
0.196	-1.613	0.196	-1.580		
0.195	-1.650	0.195	-1.609		
0.194	-1.642	0.194	-1.616		
0.193	-1.659	0.193	-1.619		
0.192	-1.661	0.192	-1.623		
0.191	-1.667	0.191	-1.626		
0.190	-1.659	0.190	-1.629		
0.189	-1.679	0.189	-1.636		
0.188	-1.682	0.188	-1.630		
0.187	-1.696	0.187	-1.650		
0.186	-1.685	0.186	-1.636		
0.185	-1.678	0.185	-1.644		
0.184	-1.678	0.184	-1.635		
0.183	-1.684	0.183	-1.638		
0.182	-1.679	0.182	-1.624		
0.181	-1.658	0.181	-1.621		
0.180	-1.661	0.180	-1.612		
0.179	-1.670	0.179	-1.606		
0.178	-1.641	0.178	-1.590		
0.177	-1.624	0.177	-1.573		
0.176	-1.609	0.176	-1.558		
0.175	-1.601	0.175	-1.554		
0.174	-1.598	0.174	-1.535		
0.173	-1.578	0.173	-1.521		
0.172	-1.560	0.172	-1.508		
0.171	-1.554	0.171	-1.500		
0.170	-1.537	0.170	-1.478		
0.169	-1.518	0.169	-1.463		
0.168	-1.506	0.168	-1.448		
0.167	-1.492	0.167	-1.435		
0.166	-1.481	0.166	-1.426		
0.165	-1.475	0.165	-1.420		
0.164	-1.458	0.164	-1.405		
0.163	-1.460	0.163	-1.409		
0.162	-1.440	0.162	-1.380		
0.161	-1.442	0.161	-1.373		
0.160	-1.428	0.160	-1.371		
0.159	-1.423	0.159	-1.366		
0.158	-1.419	0.158	-1.363		
0.157	-1.411	0.157	-1.360		
0.156	-1.414	0.156	-1.353		
0.155	-1.416	0.155	-1.363		
0.154	-1.403	0.154	-1.353		
0.153	-1.402	0.153	-1.353		
0.152	-1.406	0.152	-1.346		
0.151	-1.408	0.151	-1.350		
0.150	-1.406	0.150	-1.357		
0.149	-1.411	0.149	-1.360		
0.148	-1.405	0.148	-1.360		
0.147	-1.425	0.147	-1.373		
0.146	-1.416	0.146	-1.366		
0.145	-1.419	0.145	-1.365		
0.144	-1.408	0.144	-1.373		
0.143	-1.429	0.143	-1.377		
0.142	-1.431	0.142	-1.379		
0.141	-1.435	0.141	-1.388		
0.140	-1.434	0.140	-1.391		
0.139	-1.455	0.139	-1.405		
0.138	-1.446	0.138	-1.405		
0.137	-1.452	0.137	-1.408		
0.136	-1.455	0.136	-1.416		
0.135	-1.475	0.135	-1.425		
0.134	-1.472	0.134	-1.429		
0.133	-1.483	0.133	-1.431		
0.132	-1.485	0.132	-1.446		
0.131	-1.517	0.131	-1.475		
0.130	-1.506	0.130	-1.465		
0.129	-1.503	0.129	-1.463		
0.128	-1.515	0.128	-1.466		
0.127	-1.523	0.127	-1.485		
0.126	-1.535	0.126	-1.485		
0.125	-1.524	0.125	-1.491		
0.124	-1.540	0.124	-1.503		
0.123	-1.560	0.123	-1.517		
0.122	-1.564	0.122	-1.521		
0.121	-1.570	0.121	-1.526		
0.120	-1.575	0.120	-1.535		
0.119	-1.589	0.119	-1.547		
0.118	-1.593	0.118	-1.544		
0.117	-1.610	0.117	-1.561		
0.116	-1.610	0.116	-1.564		
0.115	-1.638	0.115	-1.587		
0.114	-1.630	0.114	-1.586		
0.113	-1.641	0.113	-1.590		
0.112	-1.650	0.112	-1.601		
0.111	-1.661	0.111	-1.612		
0.110	-1.662	0.110	-1.612		
0.109	-1.675	0.109	-1.626		
0.108	-1.681	0.108	-1.627		
0.107	-1.699	0.107	-1.652		
0.106	-1.695	0.106	-1.652		
0.105	-1.699	0.105	-1.659		
0.104	-1.713	0.104	-1.664		
0.103	-1.730	0.103	-1.678		
0.102	-1.730	0.102	-1.684		
0.101	-1.738	0.101	-1.701		
