E /V	I /uA	E /V	I /uA	E /V	I /uA
0.100	2.069	0.100	-0.216	0.100	-0.224
0.099	0.753	0.099	-0.219	0.099	-0.227
0.098	0.272	0.098	-0.219	0.098	-0.227
0.097	0.065	0.097	-0.218	0.097	-0.228
0.096	-0.021	0.096	-0.219	0.096	-0.230
0.095	-0.072	0.095	-0.219	0.095	-0.228
0.094	-0.101	0.094	-0.221	0.094	-0.230
0.093	-0.120	0.093	-0.222	0.093	-0.230
0.092	-0.135	0.092	-0.228	0.092	-0.230
0.091	-0.150	0.091	-0.225	0.091	-0.233
0.090	-0.166	0.090	-0.227	0.090	-0.231
0.089	-0.175	0.089	-0.228	0.089	-0.233
0.088	-0.184	0.088	-0.224	0.088	-0.228
0.087	-0.190	0.087	-0.235	0.087	-0.227
0.086	-0.201	0.086	-0.233	0.086	-0.233
0.085	-0.205	0.085	-0.236	0.085	-0.238
0.084	-0.210	0.084	-0.233	0.084	-0.230
0.083	-0.222	0.083	-0.244	0.083	-0.233
0.082	-0.225	0.082	-0.241	0.082	-0.228
0.081	-0.231	0.081	-0.238	0.081	-0.235
0.080	-0.236	0.080	-0.241	0.080	-0.238
0.079	-0.241	0.079	-0.241	0.079	-0.235
0.078	-0.247	0.078	-0.248	0.078	-0.227
0.077	-0.245	0.077	-0.245	0.077	-0.238
0.076	-0.259	0.076	-0.244	0.076	-0.239
0.075	-0.258	0.075	-0.248	0.075	-0.233
0.074	-0.270	0.074	-0.250	0.074	-0.241
0.073	-0.268	0.073	-0.254	0.073	-0.242
0.072	-0.274	0.072	-0.256	0.072	-0.241
0.071	-0.279	0.071	-0.254	0.071	-0.244
0.070	-0.281	0.070	-0.259	0.070	-0.239
0.069	-0.288	0.069	-0.259	0.069	-0.244
0.068	-0.285	0.068	-0.258	0.068	-0.247
0.067	-0.296	0.067	-0.268	0.067	-0.247
0.066	-0.299	0.066	-0.271	0.066	-0.245
0.065	-0.299	0.065	-0.270	0.065	-0.247
0.064	-0.307	0.064	-0.279	0.064	-0.245
0.063	-0.308	0.063	-0.267	0.063	-0.248
0.062	-0.308	0.062	-0.268	0.062	-0.245
0.061	-0.311	0.061	-0.276	0.061	-0.247
0.060	-0.084	0.060	-0.147	0.060	-0.185
0.061	0.146	0.061	-0.006	0.061	-0.118
0.062	0.239	0.062	0.040	0.062	-0.097
0.063	0.275	0.063	0.065	0.063	-0.084
0.064	0.285	0.064	0.075	0.064	-0.081
0.065	0.296	0.065	0.084	0.065	-0.075
0.066	0.290	0.066	0.081	0.066	-0.077
0.067	0.298	0.067	0.086	0.067	-0.077
0.068	0.295	0.068	0.092	0.068	-0.074
0.069	0.287	0.069	0.088	0.069	-0.072
0.070	0.295	0.070	0.091	0.070	-0.070
0.071	0.291	0.071	0.095	0.071	-0.069
0.072	0.295	0.072	0.084	0.072	-0.069
0.073	0.287	0.073	0.094	0.073	-0.067
0.074	0.290	0.074	0.089	0.074	-0.067
0.075	0.293	0.075	0.092	0.075	-0.066
0.076	0.285	0.076	0.092	0.076	-0.064
0.077	0.279	0.077	0.098	0.077	-0.067
0.078	0.281	0.078	0.089	0.078	-0.066
0.079	0.282	0.079	0.084	0.079	-0.067
0.080	0.278	0.080	0.089	0.080	-0.066
0.081	0.273	0.081	0.086	0.081	-0.069
0.082	0.272	0.082	0.086	0.082	-0.063
0.083	0.268	0.083	0.088	0.083	-0.063
0.084	0.270	0.084	0.086	0.084	-0.064
0.085	0.268	0.085	0.084	0.085	-0.060
0.086	0.264	0.086	0.074	0.086	-0.063
0.087	0.262	0.087	0.078	0.087	-0.067
0.088	0.258	0.088	0.083	0.088	-0.067
0.089	0.249	0.089	0.077	0.089	-0.063
0.090	0.249	0.090	0.071	0.090	-0.060
0.091	0.250	0.091	0.075	0.091	-0.064
0.092	0.250	0.092	0.077	0.092	-0.058
0.093	0.247	0.093	0.075	0.093	-0.061
0.094	0.241	0.094	0.071	0.094	-0.057
0.095	0.238	0.095	0.065	0.095	-0.061
0.096	0.247	0.096	0.065	0.096	-0.060
0.097	0.235	0.097	0.069	0.097	-0.061
0.098	0.230	0.098	0.069	0.098	-0.057
0.099	0.238	0.099	0.065	0.099	-0.058
0.100	0.227	0.100	0.063	0.100	-0.057
0.101	0.227	0.101	0.063	0.101	-0.057
0.102	0.222	0.102	0.061	0.102	-0.055
0.103	0.221	0.103	0.069	0.103	-0.052
0.104	0.218	0.104	0.060	0.104	-0.052
0.105	0.224	0.105	0.058	0.105	-0.047
0.106	0.215	0.106	0.054	0.106	-0.054
0.107	0.215	0.107	0.061	0.107	-0.052
0.108	0.213	0.108	0.049	0.108	-0.051
0.109	0.203	0.109	0.052	0.109	-0.047
0.110	0.204	0.110	0.054	0.110	-0.052
0.111	0.213	0.111	0.049	0.111	-0.051
0.112	0.206	0.112	0.048	0.112	-0.051
0.113	0.213	0.113	0.048	0.113	-0.052
0.114	0.206	0.114	0.051	0.114	-0.047
0.115	0.201	0.115	0.048	0.115	-0.051
0.116	0.196	0.116	0.043	0.116	-0.046
0.117	0.193	0.117	0.048	0.117	-0.049
0.118	0.195	0.118	0.040	0.118	-0.044
0.119	0.193	0.119	0.040	0.119	-0.046
0.120	0.186	0.120	0.042	0.120	-0.046
0.121	0.186	0.121	0.037	0.121	-0.046
0.122	0.187	0.122	0.040	0.122	-0.046
0.123	0.178	0.123	0.043	0.123	-0.038
0.124	0.180	0.124	0.034	0.124	-0.040
0.125	0.184	0.125	0.035	0.125	-0.043
0.126	0.173	0.126	0.025	0.126	-0.043
0.127	0.176	0.127	0.035	0.127	-0.044
0.128	0.167	0.128	0.035	0.128	-0.041
0.129	0.175	0.129	0.035	0.129	-0.043
0.130	0.170	0.130	0.025	0.130	-0.043
0.131	0.170	0.131	0.028	0.131	-0.037
0.132	0.167	0.132	0.029	0.132	-0.038
0.133	0.173	0.133	0.023	0.133	-0.041
0.134	0.158	0.134	0.025	0.134	-0.034
0.135	0.161	0.135	0.023	0.135	-0.038
0.136	0.166	0.136	0.025	0.136	-0.037
0.137	0.157	0.137	0.022	0.137	-0.038
0.138	0.155	0.138	0.022	0.138	-0.037
0.139	0.153	0.139	0.025	0.139	-0.037
0.140	0.149	0.140	0.029	0.140	-0.038
0.141	0.150	0.141	0.019	0.141	-0.038
0.142	0.149	0.142	0.015	0.142	-0.038
0.143	0.149	0.143	0.020	0.143	-0.038
0.144	0.149	0.144	0.019	0.144	-0.035
0.145	0.147	0.145	0.019	0.145	-0.035
0.146	0.143	0.146	0.012	0.146	-0.038
0.147	0.149	0.147	0.014	0.147	-0.034
0.148	0.140	0.148	0.011	0.148	-0.031
0.149	0.140	0.149	0.012	0.149	-0.038
0.150	0.138	0.150	0.012	0.150	-0.031
0.151	0.135	0.151	0.011	0.151	-0.031
0.152	0.140	0.152	0.008	0.152	-0.035
0.153	0.132	0.153	0.011	0.153	-0.032
0.154	0.140	0.154	0.008	0.154	-0.040
0.155	0.132	0.155	0.009	0.155	-0.029
0.156	0.130	0.156	0.005	0.156	-0.032
0.157	0.130	0.157	0.009	0.157	-0.032
0.158	0.134	0.158	0.006	0.158	-0.026
0.159	0.126	0.159	0.003	0.159	-0.029
0.160	0.130	0.160	0.003	0.160	-0.028
0.161	0.127	0.161	0.003	0.161	-0.032
0.162	0.126	0.162	0.000	0.162	-0.032
0.163	0.123	0.163	0.006	0.163	-0.031
0.164	0.121	0.164	0.002	0.164	-0.029
0.165	0.126	0.165	0.003	0.165	-0.028
0.166	0.115	0.166	-0.006	0.166	-0.026
0.167	0.121	0.167	-0.003	0.167	-0.021
0.168	0.120	0.168	-0.001	0.168	-0.014
0.169	0.115	0.169	0.000	0.169	-0.028
0.170	0.118	0.170	-0.001	0.170	-0.028
0.171	0.115	0.171	-0.001	0.171	-0.024
0.172	0.112	0.172	-0.008	0.172	-0.026
0.173	0.111	0.173	-0.001	0.173	-0.023
0.174	0.111	0.174	-0.005	0.174	-0.020
0.175	0.111	0.175	-0.008	0.175	-0.020
0.176	0.107	0.176	-0.008	0.176	-0.020
0.177	0.111	0.177	-0.011	0.177	-0.021
0.178	0.106	0.178	-0.005	0.178	-0.018
0.179	0.103	0.179	-0.011	0.179	-0.020
0.180	0.106	0.180	0.003	0.180	-0.015
0.181	0.106	0.181	-0.006	0.181	-0.015
0.182	0.106	0.182	-0.008	0.182	-0.018
0.183	0.109	0.183	-0.009	0.183	-0.017
0.184	0.103	0.184	-0.009	0.184	-0.018
0.185	0.107	0.185	-0.008	0.185	-0.014
0.186	0.101	0.186	-0.008	0.186	-0.020
0.187	0.103	0.187	-0.005	0.187	-0.011
0.188	0.097	0.188	-0.005	0.188	-0.011
0.189	0.101	0.189	-0.012	0.189	-0.014
0.190	0.101	0.190	-0.009	0.190	-0.012
0.191	0.103	0.191	-0.011	0.191	-0.017
0.192	0.103	0.192	-0.011	0.192	-0.009
0.193	0.103	0.193	-0.012	0.193	-0.011
0.194	0.098	0.194	-0.015	0.194	-0.008
0.195	0.097	0.195	-0.011	0.195	-0.011
0.196	0.100	0.196	-0.015	0.196	-0.008
0.197	0.095	0.197	-0.008	0.197	-0.009
0.198	0.094	0.198	-0.014	0.198	-0.008
0.199	0.097	0.199	-0.011	0.199	-0.012
0.200	0.100	0.200	-0.018	0.200	-0.008
0.201	0.100	0.201	-0.011	0.201	-0.006
0.202	0.097	0.202	-0.012	0.202	-0.003
0.203	0.106	0.203	-0.011	0.203	-0.001
0.204	0.098	0.204	-0.006	0.204	-0.003
0.205	0.100	0.205	-0.006	0.205	-0.001
0.206	0.095	0.206	-0.012	0.206	0.000
0.207	0.100	0.207	-0.009	0.207	-0.003
0.208	0.103	0.208	-0.006	0.208	-0.003
0.209	0.097	0.209	-0.011	0.209	0.000
0.210	0.094	0.210	-0.005	0.210	0.003
0.211	0.097	0.211	-0.011	0.211	0.003
0.212	0.097	0.212	-0.012	0.212	0.002
0.213	0.097	0.213	-0.009	0.213	0.003
0.214	0.095	0.214	-0.008	0.214	0.008
0.215	0.100	0.215	-0.011	0.215	0.003
0.216	0.100	0.216	-0.009	0.216	0.005
0.217	0.100	0.217	-0.009	0.217	0.006
0.218	0.098	0.218	-0.006	0.218	0.011
0.219	0.095	0.219	-0.011	0.219	0.008
0.220	0.097	0.220	-0.009	0.220	0.009
0.221	0.098	0.221	-0.011	0.221	0.009
0.222	0.095	0.222	-0.009	0.222	0.009
0.223	0.098	0.223	-0.011	0.223	0.011
0.224	0.107	0.224	-0.009	0.224	0.015
0.225	0.106	0.225	-0.006	0.225	0.011
0.226	0.098	0.226	-0.012	0.226	0.014
0.227	0.101	0.227	-0.011	0.227	0.015
0.228	0.100	0.228	-0.008	0.228	0.015
0.229	0.104	0.229	-0.009	0.229	0.015
0.230	0.104	0.230	-0.005	0.230	0.019
0.231	0.103	0.231	-0.011	0.231	0.008
0.232	0.098	0.232	-0.009	0.232	0.020
0.233	0.107	0.233	-0.014	0.233	0.019
0.234	0.106	0.234	-0.005	0.234	0.017
0.235	0.106	0.235	-0.006	0.235	0.026
0.236	0.106	0.236	-0.006	0.236	0.022
0.237	0.103	0.237	-0.006	0.237	0.025
0.238	0.107	0.238	-0.006	0.238	0.025
0.239	0.104	0.239	-0.003	0.239	0.025
0.240	0.107	0.240	-0.003	0.240	0.023
0.241	0.107	0.241	-0.001	0.241	0.029
0.242	0.112	0.242	-0.011	0.242	0.028
0.243	0.115	0.243	-0.003	0.243	0.034
0.244	0.109	0.244	0.000	0.244	0.032
0.245	0.118	0.245	-0.003	0.245	0.035
0.246	0.114	0.246	-0.003	0.246	0.032
0.247	0.121	0.247	0.005	0.247	0.034
0.248	0.120	0.248	0.000	0.248	0.037
0.249	0.120	0.249	0.005	0.249	0.040
0.250	0.126	0.250	0.005	0.250	0.037
0.251	0.126	0.251	0.006	0.251	0.037
0.252	0.124	0.252	0.003	0.252	0.031
0.253	0.130	0.253	0.005	0.253	0.042
0.254	0.132	0.254	0.006	0.254	0.043
0.255	0.135	0.255	0.005	0.255	0.043
0.256	0.130	0.256	0.011	0.256	0.043
0.257	0.140	0.257	0.008	0.257	0.048
0.258	0.143	0.258	0.011	0.258	0.052
0.259	0.143	0.259	0.012	0.259	0.043
0.260	0.143	0.260	0.011	0.260	0.048
0.261	0.146	0.261	0.011	0.261	0.048
0.262	0.144	0.262	0.012	0.262	0.048
0.263	0.149	0.263	0.011	0.263	0.052
0.264	0.149	0.264	0.008	0.264	0.054
0.265	0.153	0.265	0.009	0.265	0.055
0.266	0.146	0.266	0.012	0.266	0.055
0.267	0.150	0.267	0.014	0.267	0.057
0.268	0.155	0.268	0.012	0.268	0.054
0.269	0.149	0.269	0.017	0.269	0.061
0.270	0.150	0.270	0.017	0.270	0.060
0.271	0.150	0.271	0.014	0.271	0.058
0.272	0.147	0.272	0.008	0.272	0.065
0.273	0.143	0.273	0.012	0.273	0.065
0.274	0.149	0.274	0.011	0.274	0.065
0.275	0.147	0.275	0.017	0.275	0.063
0.276	0.140	0.276	0.009	0.276	0.063
0.277	0.138	0.277	0.006	0.277	0.069
0.278	0.138	0.278	0.009	0.278	0.068
0.279	0.137	0.279	0.006	0.279	0.066
0.280	0.135	0.280	0.012	0.280	0.065
0.281	0.127	0.281	0.008	0.281	0.068
0.282	0.127	0.282	0.003	0.282	0.071
0.283	0.123	0.283	0.003	0.283	0.066
0.284	0.124	0.284	0.002	0.284	0.072
0.285	0.123	0.285	0.002	0.285	0.065
0.286	0.117	0.286	-0.001	0.286	0.075
0.287	0.117	0.287	0.003	0.287	0.072
0.288	0.112	0.288	0.003	0.288	0.071
0.289	0.111	0.289	-0.005	0.289	0.072
0.290	0.106	0.290	-0.001	0.290	0.071
0.291	0.104	0.291	-0.006	0.291	0.077
0.292	0.109	0.292	-0.011	0.292	0.077
0.293	0.104	0.293	-0.011	0.293	0.074
0.294	0.103	0.294	-0.008	0.294	0.074
0.295	0.097	0.295	-0.006	0.295	0.077
0.296	0.095	0.296	-0.012	0.296	0.077
0.297	0.097	0.297	-0.003	0.297	0.078
0.298	0.094	0.298	-0.009	0.298	0.075
0.299	0.088	0.299	-0.011	0.299	0.086
0.300	0.094	0.300	-0.008	0.300	0.078
0.301	0.089	0.301	-0.009	0.301	0.084
0.302	0.083	0.302	-0.008	0.302	0.083
0.303	0.088	0.303	-0.009	0.303	0.083
0.304	0.088	0.304	-0.005	0.304	0.084
0.305	0.081	0.305	-0.009	0.305	0.094
0.306	0.086	0.306	-0.011	0.306	0.088
0.307	0.084	0.307	-0.011	0.307	0.088
0.308	0.086	0.308	-0.011	0.308	0.088
0.309	0.086	0.309	-0.012	0.309	0.089
0.310	0.084	0.310	-0.009	0.310	0.089
0.311	0.081	0.311	-0.012	0.311	0.092
0.312	0.080	0.312	-0.015	0.312	0.091
0.313	0.078	0.313	-0.012	0.313	0.095
0.314	0.075	0.314	-0.015	0.314	0.097
0.315	0.077	0.315	-0.014	0.315	0.098
0.316	0.080	0.316	-0.014	0.316	0.100
0.317	0.077	0.317	-0.014	0.317	0.098
0.318	0.075	0.318	-0.012	0.318	0.098
0.319	0.074	0.319	-0.011	0.319	0.103
0.320	0.075	0.320	-0.014	0.320	0.103
0.321	0.071	0.321	-0.012	0.321	0.104
0.322	0.075	0.322	-0.006	0.322	0.104
0.323	0.075	0.323	-0.017	0.323	0.109
0.324	0.072	0.324	-0.014	0.324	0.109
0.325	0.072	0.325	-0.011	0.325	0.115
0.326	0.068	0.326	-0.014	0.326	0.111
0.327	0.072	0.327	-0.015	0.327	0.111
0.328	0.074	0.328	-0.014	0.328	0.115
0.329	0.074	0.329	-0.017	0.329	0.114
0.330	0.071	0.330	-0.006	0.330	0.117
0.331	0.072	0.331	-0.012	0.331	0.121
0.332	0.074	0.332	-0.011	0.332	0.121
0.333	0.071	0.333	-0.011	0.333	0.124
0.334	0.065	0.334	-0.014	0.334	0.124
0.335	0.065	0.335	-0.012		
0.336	0.058	0.336	-0.014		
0.337	0.061	0.337	-0.009		
0.338	0.063	0.338	-0.008		
0.339	0.069	0.339	-0.011		
0.340	0.068	0.340	-0.014		
0.341	0.061	0.341	-0.012		
0.342	0.065	0.342	-0.011		
0.343	0.072	0.343	-0.012		
0.344	0.065	0.344	-0.015		
0.345	0.065	0.345	-0.012		
0.346	0.060	0.346	-0.014		
0.347	0.065	0.347	-0.015		
0.348	0.057	0.348	-0.014		
0.349	0.060	0.349	-0.014		
0.350	0.063	0.350	-0.011		
0.351	0.061	0.351	-0.009		
0.352	0.061	0.352	-0.011		
0.353	0.063	0.353	-0.009		
0.354	0.060	0.354	-0.006		
0.355	0.066	0.355	-0.006		
0.356	0.061	0.356	-0.012		
0.357	0.058	0.357	-0.014		
0.358	0.060	0.358	-0.008		
0.359	0.063	0.359	-0.017		
0.360	0.058	0.360	-0.009		
0.361	0.063	0.361	-0.008		
0.362	0.066	0.362	-0.015		
0.363	0.057	0.363	-0.006		
0.364	0.060	0.364	-0.011		
0.365	0.060	0.365	-0.011		
0.366	0.058	0.366	-0.009		
0.367	0.057	0.367	-0.008		
0.368	0.060	0.368	-0.008		
0.369	0.057	0.369	-0.015		
0.370	0.054	0.370	-0.006		
0.371	0.058	0.371	-0.001		
0.372	0.057	0.372	-0.009		
0.373	0.058	0.373	-0.006		
0.374	0.054	0.374	-0.005		
0.375	0.058	0.375	-0.008		
0.376	0.052	0.376	-0.005		
0.377	0.057	0.377	-0.005		
0.378	0.060	0.378	-0.006		
0.379	0.054	0.379	-0.005		
0.380	0.055	0.380	-0.001		
0.381	0.054	0.381	-0.009		
0.382	0.051	0.382	-0.005		
0.383	0.055	0.383	0.000		
0.384	0.055	0.384	-0.001		
0.385	0.057	0.385	0.002		
0.386	0.057	0.386	-0.003		
0.387	0.055	0.387	-0.003		
0.388	0.051	0.388	0.003		
0.389	0.057	0.389	0.006		
0.390	0.052	0.390	-0.005		
0.391	0.054	0.391	0.002		
0.392	0.057	0.392	0.003		
0.393	0.058	0.393	0.005		
0.394	0.052	0.394	0.003		
0.395	0.058	0.395	0.006		
0.396	0.055	0.396	0.003		
0.397	0.060	0.397	0.008		
0.398	0.052	0.398	0.009		
0.399	0.054	0.399	0.009		
0.400	-0.046	0.400	-0.057		
0.399	-0.136	0.399	-0.124		
0.398	-0.173	0.398	-0.150		
0.397	-0.190	0.397	-0.166		
0.396	-0.193	0.396	-0.176		
0.395	-0.195	0.395	-0.181		
0.394	-0.198	0.394	-0.181		
0.393	-0.196	0.393	-0.182		
0.392	-0.198	0.392	-0.179		
0.391	-0.199	0.391	-0.179		
0.390	-0.199	0.390	-0.185		
0.389	-0.198	0.389	-0.185		
0.388	-0.199	0.388	-0.175		
0.387	-0.201	0.387	-0.187		
0.386	-0.198	0.386	-0.187		
0.385	-0.199	0.385	-0.187		
0.384	-0.201	0.384	-0.184		
0.383	-0.198	0.383	-0.189		
0.382	-0.201	0.382	-0.189		
0.381	-0.198	0.381	-0.189		
0.380	-0.199	0.380	-0.190		
0.379	-0.198	0.379	-0.189		
0.378	-0.201	0.378	-0.192		
0.377	-0.201	0.377	-0.190		
0.376	-0.198	0.376	-0.190		
0.375	-0.196	0.375	-0.185		
0.374	-0.205	0.374	-0.192		
0.373	-0.201	0.373	-0.190		
0.372	-0.198	0.372	-0.193		
0.371	-0.201	0.371	-0.192		
0.370	-0.199	0.370	-0.189		
0.369	-0.196	0.369	-0.192		
0.368	-0.196	0.368	-0.192		
0.367	-0.198	0.367	-0.189		
0.366	-0.198	0.366	-0.192		
0.365	-0.196	0.365	-0.189		
0.364	-0.201	0.364	-0.192		
0.363	-0.198	0.363	-0.189		
0.362	-0.202	0.362	-0.190		
0.361	-0.201	0.361	-0.189		
0.360	-0.192	0.360	-0.193		
0.359	-0.202	0.359	-0.192		
0.358	-0.201	0.358	-0.193		
0.357	-0.199	0.357	-0.193		
0.356	-0.195	0.356	-0.193		
0.355	-0.193	0.355	-0.190		
0.354	-0.202	0.354	-0.190		
0.353	-0.207	0.353	-0.190		
0.352	-0.196	0.352	-0.193		
0.351	-0.198	0.351	-0.193		
0.350	-0.196	0.350	-0.184		
0.349	-0.201	0.349	-0.187		
0.348	-0.198	0.348	-0.192		
0.347	-0.198	0.347	-0.193		
0.346	-0.199	0.346	-0.193		
0.345	-0.195	0.345	-0.192		
0.344	-0.202	0.344	-0.189		
0.343	-0.201	0.343	-0.190		
0.342	-0.196	0.342	-0.192		
0.341	-0.202	0.341	-0.189		
0.340	-0.199	0.340	-0.192		
0.339	-0.199	0.339	-0.196		
0.338	-0.196	0.338	-0.196		
0.337	-0.199	0.337	-0.195		
0.336	-0.199	0.336	-0.193		
0.335	-0.199	0.335	-0.193		
0.334	-0.199	0.334	-0.195		
0.333	-0.195	0.333	-0.192		
0.332	-0.199	0.332	-0.195		
0.331	-0.198	0.331	-0.192		
0.330	-0.198	0.330	-0.193		
0.329	-0.201	0.329	-0.199		
0.328	-0.199	0.328	-0.199		
0.327	-0.199	0.327	-0.195		
0.326	-0.196	0.326	-0.193		
0.325	-0.198	0.325	-0.193		
0.324	-0.202	0.324	-0.195		
0.323	-0.202	0.323	-0.198		
0.322	-0.202	0.322	-0.195		
0.321	-0.202	0.321	-0.196		
0.320	-0.201	0.320	-0.201		
0.319	-0.201	0.319	-0.204		
0.318	-0.201	0.318	-0.196		
0.317	-0.199	0.317	-0.195		
0.316	-0.198	0.316	-0.198		
0.315	-0.196	0.315	-0.195		
0.314	-0.198	0.314	-0.195		
0.313	-0.202	0.313	-0.195		
0.312	-0.210	0.312	-0.196		
0.311	-0.199	0.311	-0.196		
0.310	-0.196	0.310	-0.199		
0.309	-0.207	0.309	-0.193		
0.308	-0.199	0.308	-0.204		
0.307	-0.204	0.307	-0.195		
0.306	-0.196	0.306	-0.199		
0.305	-0.204	0.305	-0.199		
0.304	-0.198	0.304	-0.198		
0.303	-0.201	0.303	-0.192		
0.302	-0.205	0.302	-0.198		
0.301	-0.199	0.301	-0.198		
0.300	-0.208	0.300	-0.199		
0.299	-0.205	0.299	-0.199		
0.298	-0.208	0.298	-0.204		
0.297	-0.208	0.297	-0.207		
0.296	-0.207	0.296	-0.199		
0.295	-0.201	0.295	-0.201		
0.294	-0.205	0.294	-0.202		
0.293	-0.215	0.293	-0.202		
0.292	-0.210	0.292	-0.202		
0.291	-0.207	0.291	-0.205		
0.290	-0.212	0.290	-0.202		
0.289	-0.212	0.289	-0.204		
0.288	-0.213	0.288	-0.199		
0.287	-0.212	0.287	-0.205		
0.286	-0.218	0.286	-0.208		
0.285	-0.216	0.285	-0.212		
0.284	-0.215	0.284	-0.204		
0.283	-0.215	0.283	-0.208		
0.282	-0.218	0.282	-0.205		
0.281	-0.219	0.281	-0.210		
0.280	-0.227	0.280	-0.208		
0.279	-0.222	0.279	-0.213		
0.278	-0.219	0.278	-0.216		
0.277	-0.221	0.277	-0.213		
0.276	-0.224	0.276	-0.210		
0.275	-0.225	0.275	-0.207		
0.274	-0.225	0.274	-0.212		
0.273	-0.218	0.273	-0.213		
0.272	-0.230	0.272	-0.219		
0.271	-0.231	0.271	-0.216		
0.270	-0.219	0.270	-0.213		
0.269	-0.221	0.269	-0.212		
0.268	-0.221	0.268	-0.216		
0.267	-0.225	0.267	-0.218		
0.266	-0.224	0.266	-0.216		
0.265	-0.215	0.265	-0.213		
0.264	-0.219	0.264	-0.210		
0.263	-0.222	0.263	-0.219		
0.262	-0.213	0.262	-0.215		
0.261	-0.219	0.261	-0.210		
0.260	-0.216	0.260	-0.208		
0.259	-0.216	0.259	-0.215		
0.258	-0.219	0.258	-0.213		
0.257	-0.207	0.257	-0.212		
0.256	-0.208	0.256	-0.204		
0.255	-0.199	0.255	-0.204		
0.254	-0.208	0.254	-0.207		
0.253	-0.204	0.253	-0.201		
0.252	-0.205	0.252	-0.212		
0.251	-0.195	0.251	-0.204		
0.250	-0.195	0.250	-0.204		
0.249	-0.192	0.249	-0.204		
0.248	-0.195	0.248	-0.204		
0.247	-0.196	0.247	-0.208		
0.246	-0.184	0.246	-0.204		
0.245	-0.187	0.245	-0.207		
0.244	-0.184	0.244	-0.201		
0.243	-0.189	0.243	-0.202		
0.242	-0.181	0.242	-0.201		
0.241	-0.182	0.241	-0.201		
0.240	-0.176	0.240	-0.202		
0.239	-0.176	0.239	-0.202		
0.238	-0.184	0.238	-0.195		
0.237	-0.176	0.237	-0.201		
0.236	-0.176	0.236	-0.201		
0.235	-0.172	0.235	-0.198		
0.234	-0.175	0.234	-0.198		
0.233	-0.176	0.233	-0.199		
0.232	-0.175	0.232	-0.199		
0.231	-0.172	0.231	-0.196		
0.230	-0.167	0.230	-0.202		
0.229	-0.167	0.229	-0.198		
0.228	-0.173	0.228	-0.199		
0.227	-0.164	0.227	-0.201		
0.226	-0.162	0.226	-0.195		
0.225	-0.167	0.225	-0.199		
0.224	-0.166	0.224	-0.201		
0.223	-0.173	0.223	-0.198		
0.222	-0.162	0.222	-0.198		
0.221	-0.161	0.221	-0.195		
0.220	-0.170	0.220	-0.199		
0.219	-0.166	0.219	-0.196		
0.218	-0.162	0.218	-0.193		
0.217	-0.161	0.217	-0.187		
0.216	-0.162	0.216	-0.201		
0.215	-0.162	0.215	-0.195		
0.214	-0.164	0.214	-0.199		
0.213	-0.161	0.213	-0.198		
0.212	-0.162	0.212	-0.198		
0.211	-0.169	0.211	-0.198		
0.210	-0.161	0.210	-0.201		
0.209	-0.158	0.209	-0.202		
0.208	-0.161	0.208	-0.198		
0.207	-0.161	0.207	-0.199		
0.206	-0.161	0.206	-0.201		
0.205	-0.159	0.205	-0.202		
0.204	-0.161	0.204	-0.202		
0.203	-0.161	0.203	-0.198		
0.202	-0.159	0.202	-0.202		
0.201	-0.159	0.201	-0.201		
0.200	-0.159	0.200	-0.201		
0.199	-0.159	0.199	-0.201		
0.198	-0.155	0.198	-0.201		
0.197	-0.158	0.197	-0.196		
0.196	-0.156	0.196	-0.196		
0.195	-0.155	0.195	-0.199		
0.194	-0.159	0.194	-0.199		
0.193	-0.161	0.193	-0.199		
0.192	-0.153	0.192	-0.196		
0.191	-0.156	0.191	-0.199		
0.190	-0.156	0.190	-0.201		
0.189	-0.159	0.189	-0.195		
0.188	-0.155	0.188	-0.202		
0.187	-0.158	0.187	-0.205		
0.186	-0.161	0.186	-0.205		
0.185	-0.161	0.185	-0.201		
0.184	-0.159	0.184	-0.199		
0.183	-0.167	0.183	-0.199		
0.182	-0.164	0.182	-0.204		
0.181	-0.150	0.181	-0.198		
0.180	-0.161	0.180	-0.202		
0.179	-0.156	0.179	-0.204		
0.178	-0.161	0.178	-0.196		
0.177	-0.159	0.177	-0.201		
0.176	-0.159	0.176	-0.198		
0.175	-0.156	0.175	-0.201		
0.174	-0.156	0.174	-0.201		
0.173	-0.156	0.173	-0.201		
0.172	-0.155	0.172	-0.199		
0.171	-0.159	0.171	-0.201		
0.170	-0.156	0.170	-0.204		
0.169	-0.162	0.169	-0.207		
0.168	-0.162	0.168	-0.204		
0.167	-0.166	0.167	-0.201		
0.166	-0.166	0.166	-0.208		
0.165	-0.162	0.165	-0.204		
0.164	-0.162	0.164	-0.205		
0.163	-0.166	0.163	-0.204		
0.162	-0.164	0.162	-0.205		
0.161	-0.166	0.161	-0.198		
0.160	-0.167	0.160	-0.205		
0.159	-0.170	0.159	-0.204		
0.158	-0.169	0.158	-0.205		
0.157	-0.170	0.157	-0.207		
0.156	-0.169	0.156	-0.208		
0.155	-0.164	0.155	-0.204		
0.154	-0.170	0.154	-0.205		
0.153	-0.169	0.153	-0.205		
0.152	-0.173	0.152	-0.208		
0.151	-0.172	0.151	-0.204		
0.150	-0.172	0.150	-0.204		
0.149	-0.170	0.149	-0.210		
0.148	-0.173	0.148	-0.207		
0.147	-0.178	0.147	-0.208		
0.146	-0.181	0.146	-0.207		
0.145	-0.175	0.145	-0.205		
0.144	-0.179	0.144	-0.212		
0.143	-0.181	0.143	-0.205		
0.142	-0.176	0.142	-0.208		
0.141	-0.175	0.141	-0.210		
0.140	-0.178	0.140	-0.208		
0.139	-0.182	0.139	-0.210		
0.138	-0.178	0.138	-0.213		
0.137	-0.184	0.137	-0.210		
0.136	-0.182	0.136	-0.213		
0.135	-0.178	0.135	-0.207		
0.134	-0.185	0.134	-0.212		
0.133	-0.185	0.133	-0.210		
0.132	-0.182	0.132	-0.213		
0.131	-0.189	0.131	-0.210		
0.130	-0.187	0.130	-0.212		
0.129	-0.184	0.129	-0.213		
0.128	-0.189	0.128	-0.212		
0.127	-0.189	0.127	-0.215		
0.126	-0.189	0.126	-0.215		
0.125	-0.193	0.125	-0.221		
0.124	-0.192	0.124	-0.215		
0.123	-0.196	0.123	-0.212		
0.122	-0.192	0.122	-0.216		
0.121	-0.193	0.121	-0.210		
0.120	-0.190	0.120	-0.218		
0.119	-0.196	0.119	-0.212		
0.118	-0.193	0.118	-0.218		
0.117	-0.195	0.117	-0.221		
0.116	-0.201	0.116	-0.219		
0.115	-0.196	0.115	-0.216		
0.114	-0.204	0.114	-0.219		
0.113	-0.198	0.113	-0.219		
0.112	-0.204	0.112	-0.219		
0.111	-0.202	0.111	-0.221		
0.110	-0.204	0.110	-0.218		
0.109	-0.205	0.109	-0.221		
0.108	-0.205	0.108	-0.221		
0.107	-0.199	0.107	-0.222		
0.106	-0.210	0.106	-0.222		
0.105	-0.212	0.105	-0.221		
0.104	-0.208	0.104	-0.222		
0.103	-0.212	0.103	-0.222		
0.102	-0.212	0.102	-0.227		
0.101	-0.210	0.101	-0.222		
