E /V	I /uA	E /V	I /uA	E /V	I /uA
0.100	-1.152	0.100	-6.196	0.100	-6.139
0.099	-2.535	0.099	-6.331	0.099	-6.316
0.098	-3.537	0.098	-6.398	0.098	-6.397
0.097	-4.291	0.097	-6.550	0.097	-6.532
0.096	-4.872	0.096	-6.687	0.096	-6.641
0.095	-5.352	0.095	-6.845	0.095	-6.803
0.094	-5.693	0.094	-6.992	0.094	-6.958
0.093	-5.989	0.093	-7.159	0.093	-7.127
0.092	-6.245	0.092	-7.372	0.092	-7.302
0.091	-6.518	0.091	-7.555	0.091	-7.524
0.090	-6.745	0.090	-7.714	0.090	-7.697
0.089	-6.931	0.089	-7.974	0.089	-7.886
0.088	-7.185	0.088	-8.182	0.088	-8.107
0.087	-7.426	0.087	-8.388	0.087	-8.363
0.086	-7.642	0.086	-8.584	0.086	-8.558
0.085	-7.894	0.085	-8.851	0.085	-8.834
0.084	-8.128	0.084	-9.099	0.084	-9.090
0.083	-8.440	0.083	-9.438	0.083	-9.429
0.082	-8.656	0.082	-9.628	0.082	-9.589
0.081	-8.866	0.081	-9.826	0.081	-9.857
0.080	-9.098	0.080	-10.058	0.080	-10.059
0.079	-9.343	0.079	-10.259	0.079	-10.279
0.078	-9.469	0.078	-10.401	0.078	-10.452
0.077	-9.616	0.077	-10.530	0.077	-10.558
0.076	-9.736	0.076	-10.612	0.076	-10.659
0.075	-9.863	0.075	-10.681	0.075	-10.730
0.074	-9.860	0.074	-10.670	0.074	-10.685
0.073	-9.848	0.073	-10.615	0.073	-10.653
0.072	-9.822	0.072	-10.575	0.072	-10.579
0.071	-9.857	0.071	-10.533	0.071	-10.558
0.070	-9.759	0.070	-10.381	0.070	-10.406
0.069	-9.730	0.069	-10.296	0.069	-10.283
0.068	-9.633	0.068	-10.193	0.068	-10.191
0.067	-9.714	0.067	-10.210	0.067	-10.225
0.066	-9.527	0.066	-10.012	0.066	-9.949
0.065	-9.424	0.065	-9.803	0.065	-9.783
0.064	-9.286	0.064	-9.670	0.064	-9.659
0.063	-9.204	0.063	-9.585	0.063	-9.526
0.062	-9.105	0.062	-9.424	0.062	-9.352
0.061	-8.997	0.061	-9.286	0.061	-9.202
0.060	-8.880	0.060	-9.133	0.060	-9.072
0.059	-8.808	0.059	-9.069	0.059	-8.972
0.058	-8.691	0.058	-8.872	0.058	-8.789
0.057	-8.582	0.057	-8.734	0.057	-8.642
0.056	-8.507	0.056	-8.644	0.056	-8.524
0.055	-8.362	0.055	-8.466	0.055	-8.371
0.054	-8.299	0.054	-8.362	0.054	-8.270
0.053	-8.193	0.053	-8.233	0.053	-8.136
0.052	-8.099	0.052	-8.144	0.052	-8.029
0.051	-8.052	0.051	-8.064	0.051	-7.961
0.050	-7.954	0.050	-7.908	0.050	-7.809
0.049	-7.828	0.049	-7.817	0.049	-7.694
0.048	-7.747	0.048	-7.704	0.048	-7.579
0.047	-7.662	0.047	-7.581	0.047	-7.490
0.046	-7.613	0.046	-7.512	0.046	-7.359
0.045	-7.535	0.045	-7.406	0.045	-7.254
0.044	-7.434	0.044	-7.337	0.044	-7.222
0.043	-7.415	0.043	-7.268	0.043	-7.148
0.042	-7.322	0.042	-7.161	0.042	-7.055
0.041	-7.248	0.041	-7.069	0.041	-6.944
0.040	-7.202	0.040	-7.003	0.040	-6.891
0.039	-7.142	0.039	-6.969	0.039	-6.859
0.038	-7.058	0.038	-6.892	0.038	-6.747
0.037	-7.033	0.037	-6.831	0.037	-6.710
0.036	-7.024	0.036	-6.777	0.036	-6.658
0.035	-7.004	0.035	-6.782	0.035	-6.661
0.034	-6.879	0.034	-6.682	0.034	-6.546
0.033	-6.862	0.033	-6.619	0.033	-6.494
0.032	-6.823	0.032	-6.587	0.032	-6.481
0.031	-6.793	0.031	-6.552	0.031	-6.452
0.030	-6.773	0.030	-6.515	0.030	-6.398
0.029	-6.742	0.029	-6.495	0.029	-6.382
0.028	-6.699	0.028	-6.477	0.028	-6.351
0.027	-6.742	0.027	-6.486	0.027	-6.359
0.026	-6.681	0.026	-6.392	0.026	-6.317
0.025	-6.647	0.025	-6.408	0.025	-6.293
0.024	-6.659	0.024	-6.380	0.024	-6.294
0.023	-6.659	0.023	-6.405	0.023	-6.290
0.022	-6.622	0.022	-6.372	0.022	-6.268
0.021	-6.593	0.021	-6.334	0.021	-6.311
0.020	-6.592	0.020	-6.356	0.020	-6.310
0.019	-6.681	0.019	-6.385	0.019	-6.326
0.018	-6.625	0.018	-6.356	0.018	-6.290
0.017	-6.616	0.017	-6.371	0.017	-6.247
0.016	-6.624	0.016	-6.368	0.016	-6.280
0.015	-6.648	0.015	-6.386	0.015	-6.299
0.014	-6.652	0.014	-6.394	0.014	-6.306
0.013	-6.671	0.013	-6.411	0.013	-6.334
0.012	-6.713	0.012	-6.441	0.012	-6.360
0.011	-6.728	0.011	-6.458	0.011	-6.411
0.010	-6.737	0.010	-6.484	0.010	-6.397
0.009	-6.751	0.009	-6.506	0.009	-6.405
0.008	-6.785	0.008	-6.543	0.008	-6.451
0.007	-6.834	0.007	-6.596	0.007	-6.498
0.006	-6.871	0.006	-6.630	0.006	-6.533
0.005	-6.898	0.005	-6.661	0.005	-6.530
0.004	-6.972	0.004	-6.744	0.004	-6.605
0.003	-7.122	0.003	-6.842	0.003	-6.753
0.002	-7.093	0.002	-6.817	0.002	-6.705
0.001	-7.151	0.001	-6.849	0.001	-6.694
0.000	-5.734	0.000	-5.461	0.000	-5.342
0.001	-3.343	0.001	-3.066	0.001	-2.925
0.002	-1.506	0.002	-1.251	0.002	-1.149
0.003	-0.116	0.003	0.130	0.003	0.256
0.004	0.773	0.004	1.051	0.004	1.170
0.005	1.528	0.005	1.762	0.005	1.845
0.006	1.995	0.006	2.281	0.006	2.388
0.007	2.459	0.007	2.721	0.007	2.811
0.008	2.759	0.008	3.025	0.008	3.087
0.009	3.052	0.009	3.298	0.009	3.388
0.010	3.235	0.010	3.503	0.010	3.594
0.011	3.482	0.011	3.712	0.011	3.773
0.012	3.592	0.012	3.845	0.012	3.908
0.013	3.719	0.013	3.974	0.013	4.038
0.014	3.805	0.014	4.066	0.014	4.129
0.015	3.954	0.015	4.186	0.015	4.282
0.016	4.043	0.016	4.282	0.016	4.344
0.017	4.117	0.017	4.360	0.017	4.428
0.018	4.232	0.018	4.442	0.018	4.543
0.019	4.347	0.019	4.593	0.019	4.620
0.020	4.354	0.020	4.589	0.020	4.632
0.021	4.451	0.021	4.646	0.021	4.698
0.022	4.457	0.022	4.681	0.022	4.742
0.023	4.528	0.023	4.759	0.023	4.831
0.024	4.587	0.024	4.790	0.024	4.848
0.025	4.647	0.025	4.859	0.025	4.899
0.026	4.682	0.026	4.885	0.026	4.916
0.027	4.751	0.027	4.974	0.027	5.011
0.028	4.768	0.028	4.986	0.028	5.043
0.029	4.843	0.029	5.040	0.029	5.055
0.030	4.845	0.030	5.069	0.030	5.090
0.031	4.932	0.031	5.121	0.031	5.170
0.032	4.951	0.032	5.153	0.032	5.178
0.033	5.024	0.033	5.209	0.033	5.230
0.034	5.047	0.034	5.224	0.034	5.273
0.035	5.133	0.035	5.333	0.035	5.353
0.036	5.129	0.036	5.325	0.036	5.370
0.037	5.159	0.037	5.353	0.037	5.393
0.038	5.193	0.038	5.437	0.038	5.452
0.039	5.294	0.039	5.469	0.039	5.514
0.040	5.327	0.040	5.492	0.040	5.532
0.041	5.368	0.041	5.578	0.041	5.595
0.042	5.400	0.042	5.598	0.042	5.638
0.043	5.554	0.043	5.696	0.043	5.718
0.044	5.520	0.044	5.693	0.044	5.725
0.045	5.620	0.045	5.808	0.045	5.834
0.046	5.629	0.046	5.819	0.046	5.831
0.047	5.730	0.047	5.920	0.047	5.932
0.048	5.771	0.048	5.943	0.048	5.972
0.049	5.883	0.049	6.015	0.049	6.064
0.050	5.914	0.050	6.078	0.050	6.101
0.051	6.064	0.051	6.227	0.051	6.262
0.052	6.067	0.052	6.230	0.052	6.245
0.053	6.141	0.053	6.354	0.053	6.369
0.054	6.187	0.054	6.399	0.054	6.440
0.055	6.322	0.055	6.501	0.055	6.543
0.056	6.377	0.056	6.570	0.056	6.616
0.057	6.474	0.057	6.662	0.057	6.704
0.058	6.532	0.058	6.735	0.058	6.753
0.059	6.695	0.059	6.917	0.059	6.932
0.060	6.779	0.060	6.968	0.060	6.998
0.061	6.896	0.061	7.081	0.061	7.146
0.062	6.966	0.062	7.185	0.062	7.193
0.063	7.109	0.063	7.323	0.063	7.343
0.064	7.181	0.064	7.397	0.064	7.486
0.065	7.313	0.065	7.526	0.065	7.601
0.066	7.414	0.066	7.616	0.066	7.715
0.067	7.667	0.067	7.905	0.067	7.988
0.068	7.673	0.068	7.948	0.068	8.003
0.069	7.827	0.069	8.080	0.069	8.164
0.070	7.922	0.070	8.129	0.070	8.261
0.071	8.063	0.071	8.322	0.071	8.408
0.072	8.112	0.072	8.371	0.072	8.506
0.073	8.251	0.073	8.532	0.073	8.652
0.074	8.354	0.074	8.629	0.074	8.744
0.075	8.583	0.075	8.819	0.075	8.957
0.076	8.592	0.076	8.909	0.076	9.015
0.077	8.690	0.077	9.043	0.077	9.159
0.078	8.773	0.078	9.075	0.078	9.237
0.079	8.906	0.079	9.251	0.079	9.406
0.080	8.988	0.080	9.282	0.080	9.458
0.081	9.067	0.081	9.405	0.081	9.584
0.082	9.095	0.082	9.461	0.082	9.630
0.083	9.290	0.083	9.615	0.083	9.787
0.084	9.247	0.084	9.596	0.084	9.754
0.085	9.296	0.085	9.618	0.085	9.785
0.086	9.228	0.086	9.558	0.086	9.739
0.087	9.216	0.087	9.578	0.087	9.753
0.088	9.126	0.088	9.468	0.088	9.644
0.089	9.058	0.089	9.425	0.089	9.570
0.090	8.914	0.090	9.257	0.090	9.422
0.091	8.842	0.091	9.175	0.091	9.296
0.092	8.619	0.092	8.961	0.092	9.090
0.093	8.488	0.093	8.768	0.093	8.932
0.094	8.251	0.094	8.573	0.094	8.678
0.095	8.136	0.095	8.440	0.095	8.560
0.096	7.846	0.096	8.158	0.096	8.233
0.097	7.669	0.097	7.983	0.097	8.064
0.098	7.445	0.098	7.751	0.098	7.839
0.099	7.342	0.099	7.629	0.099	7.669
0.100	7.069	0.100	7.376	0.100	7.422
0.101	6.900	0.101	7.170	0.101	7.228
0.102	6.724	0.102	7.000	0.102	7.026
0.103	6.587	0.103	6.817	0.103	6.885
0.104	6.431	0.104	6.636	0.104	6.689
0.105	6.279	0.105	6.517	0.105	6.555
0.106	6.136	0.106	6.350	0.106	6.394
0.107	6.077	0.107	6.259	0.107	6.300
0.108	5.873	0.108	6.092	0.108	6.169
0.109	5.794	0.109	6.003	0.109	6.037
0.110	5.658	0.110	5.860	0.110	5.891
0.111	5.589	0.111	5.756	0.111	5.824
0.112	5.455	0.112	5.653	0.112	5.699
0.113	5.376	0.113	5.581	0.113	5.632
0.114	5.290	0.114	5.481	0.114	5.505
0.115	5.271	0.115	5.458	0.115	5.480
0.116	5.146	0.116	5.325	0.116	5.350
0.117	5.055	0.117	5.250	0.117	5.267
0.118	4.989	0.118	5.164	0.118	5.187
0.119	4.945	0.119	5.129	0.119	5.135
0.120	4.876	0.120	5.044	0.120	5.034
0.121	4.817	0.121	4.963	0.121	5.003
0.122	4.758	0.122	4.888	0.122	4.929
0.123	4.724	0.123	4.893	0.123	4.917
0.124	4.640	0.124	4.781	0.124	4.819
0.125	4.597	0.125	4.761	0.125	4.771
0.126	4.544	0.126	4.725	0.126	4.738
0.127	4.547	0.127	4.659	0.127	4.696
0.128	4.474	0.128	4.623	0.128	4.646
0.129	4.432	0.129	4.564	0.129	4.604
0.130	4.403	0.130	4.538	0.130	4.534
0.131	4.422	0.131	4.566	0.131	4.561
0.132	4.308	0.132	4.471	0.132	4.480
0.133	4.297	0.133	4.448	0.133	4.454
0.134	4.235	0.134	4.393	0.134	4.399
0.135	4.228	0.135	4.363	0.135	4.399
0.136	4.181	0.136	4.333	0.136	4.351
0.137	4.140	0.137	4.278	0.137	4.319
0.138	4.106	0.138	4.262	0.138	4.274
0.139	4.117	0.139	4.261	0.139	4.274
0.140	4.063	0.140	4.219	0.140	4.218
0.141	4.052	0.141	4.199	0.141	4.221
0.142	4.020	0.142	4.169	0.142	4.207
0.143	4.038	0.143	4.158	0.143	4.175
0.144	3.994	0.144	4.101	0.144	4.140
0.145	4.011	0.145	4.146	0.145	4.176
0.146	3.929	0.146	4.078	0.146	4.083
0.147	3.940	0.147	4.095	0.147	4.129
0.148	3.929	0.148	4.043	0.148	4.049
0.149	3.893	0.149	4.032	0.149	4.044
0.150	3.863	0.150	3.992	0.150	4.035
0.151	3.867	0.151	4.023	0.151	4.011
0.152	3.828	0.152	3.952	0.152	4.008
0.153	3.831	0.153	4.001	0.153	3.978
0.154	3.817	0.154	3.940	0.154	3.977
0.155	3.801	0.155	3.945	0.155	3.995
0.156	3.765	0.156	3.911	0.156	3.951
0.157	3.805	0.157	3.913	0.157	3.946
0.158	3.758	0.158	3.903	0.158	3.928
0.159	3.776	0.159	3.882	0.159	3.906
0.160	3.722	0.160	3.851	0.160	3.899
0.161	3.724	0.161	3.877	0.161	3.877
0.162	3.710	0.162	3.845	0.162	3.857
0.163	3.705	0.163	3.847	0.163	3.876
0.164	3.681	0.164	3.808	0.164	3.834
0.165	3.676	0.165	3.801	0.165	3.840
0.166	3.650	0.166	3.778	0.166	3.814
0.167	3.673	0.167	3.788	0.167	3.801
0.168	3.653	0.168	3.755	0.168	3.782
0.169	3.670	0.169	3.767	0.169	3.796
0.170	3.646	0.170	3.770	0.170	3.781
0.171	3.624	0.171	3.790	0.171	3.791
0.172	3.613	0.172	3.748	0.172	3.745
0.173	3.650	0.173	3.742	0.173	3.776
0.174	3.621	0.174	3.725	0.174	3.768
0.175	3.601	0.175	3.739	0.175	3.762
0.176	3.620	0.176	3.721	0.176	3.765
0.177	3.649	0.177	3.728	0.177	3.756
0.178	3.623	0.178	3.724	0.178	3.744
0.179	3.673	0.179	3.741	0.179	3.779
0.180	3.640	0.180	3.744	0.180	3.738
0.181	3.641	0.181	3.744	0.181	3.784
0.182	3.649	0.182	3.758	0.182	3.758
0.183	3.664	0.183	3.761	0.183	3.767
0.184	3.655	0.184	3.775	0.184	3.750
0.185	3.686	0.185	3.782	0.185	3.782
0.186	3.647	0.186	3.741	0.186	3.767
0.187	3.698	0.187	3.788	0.187	3.842
0.188	3.696	0.188	3.787	0.188	3.804
0.189	3.710	0.189	3.819	0.189	3.821
0.190	3.718	0.190	3.810	0.190	3.798
0.191	3.752	0.191	3.816	0.191	3.827
0.192	3.735	0.192	3.836	0.192	3.844
0.193	3.779	0.193	3.845	0.193	3.848
0.194	3.753	0.194	3.854	0.194	3.891
0.195	3.883	0.195	3.977	0.195	3.977
0.196	3.827	0.196	3.894	0.196	3.874
0.197	3.825	0.197	3.903	0.197	3.932
0.198	3.844	0.198	3.902	0.198	3.931
0.199	3.890	0.199	3.946	0.199	3.960
0.200	3.891	0.200	3.946	0.200	3.968
0.201	3.899	0.201	3.962	0.201	3.992
0.202	3.900	0.202	3.949	0.202	4.011
0.203	3.957	0.203	4.028	0.203	4.044
0.204	3.962	0.204	4.005	0.204	4.035
0.205	3.986	0.205	4.035	0.205	4.066
0.206	3.994	0.206	4.017	0.206	4.043
0.207	4.008	0.207	4.060	0.207	4.080
0.208	4.012	0.208	4.064	0.208	4.090
0.209	4.015	0.209	4.067	0.209	4.126
0.210	4.032	0.210	4.087	0.210	4.127
0.211	4.103	0.211	4.127	0.211	4.166
0.212	4.074	0.212	4.092	0.212	4.153
0.213	4.057	0.213	4.095	0.213	4.164
0.214	4.060	0.214	4.080	0.214	4.120
0.215	4.066	0.215	4.106	0.215	4.147
0.216	4.041	0.216	4.092	0.216	4.121
0.217	4.041	0.217	4.067	0.217	4.129
0.218	3.991	0.218	4.055	0.218	4.133
0.219	4.026	0.219	4.047	0.219	4.144
0.220	3.974	0.220	4.029	0.220	4.092
0.221	3.948	0.221	4.014	0.221	4.078
0.222	3.926	0.222	3.966	0.222	4.017
0.223	3.891	0.223	3.951	0.223	4.020
0.224	3.863	0.224	3.900	0.224	3.986
0.225	3.802	0.225	3.882	0.225	3.942
0.226	3.759	0.226	3.834	0.226	3.906
0.227	3.744	0.227	3.804	0.227	3.888
0.228	3.653	0.228	3.709	0.228	3.790
0.229	3.580	0.229	3.675	0.229	3.753
0.230	3.532	0.230	3.604	0.230	3.652
0.231	3.497	0.231	3.564	0.231	3.626
0.232	3.408	0.232	3.485	0.232	3.548
0.233	3.371	0.233	3.429	0.233	3.471
0.234	3.281	0.234	3.360	0.234	3.413
0.235	3.229	0.235	3.331	0.235	3.370
0.236	3.141	0.236	3.218	0.236	3.282
0.237	3.098	0.237	3.179	0.237	3.241
0.238	3.043	0.238	3.087	0.238	3.155
0.239	2.979	0.239	3.066	0.239	3.101
0.240	2.902	0.240	2.985	0.240	3.023
0.241	2.840	0.241	2.945	0.241	2.988
0.242	2.788	0.242	2.862	0.242	2.929
0.243	2.713	0.243	2.840	0.243	2.871
0.244	2.646	0.244	2.742	0.244	2.790
0.245	2.623	0.245	2.719	0.245	2.761
0.246	2.554	0.246	2.627	0.246	2.684
0.247	2.523	0.247	2.609	0.247	2.640
0.248	2.466	0.248	2.548	0.248	2.580
0.249	2.414	0.249	2.498	0.249	2.520
0.250	2.354	0.250	2.439	0.250	2.469
0.251	2.299	0.251	2.400	0.251	2.431
0.252	2.259	0.252	2.356	0.252	2.383
0.253	2.227	0.253	2.316	0.253	2.334
0.254	2.181	0.254	2.270	0.254	2.282
0.255	2.126	0.255	2.239	0.255	2.252
0.256	2.092	0.256	2.178	0.256	2.192
0.257	2.049	0.257	2.156	0.257	2.163
0.258	2.025	0.258	2.097	0.258	2.121
0.259	2.002	0.259	2.074	0.259	2.120
0.260	1.937	0.260	2.026	0.260	2.063
0.261	1.911	0.261	2.008	0.261	2.009
0.262	1.865	0.262	1.954	0.262	2.002
0.263	1.847	0.263	1.943	0.263	1.933
0.264	1.822	0.264	1.891	0.264	1.894
0.265	1.790	0.265	1.877	0.265	1.879
0.266	1.749	0.266	1.839	0.266	1.854
0.267	1.739	0.267	1.805	0.267	1.818
0.268	1.689	0.268	1.762	0.268	1.801
0.269	1.686	0.269	1.758	0.269	1.773
0.270	1.643	0.270	1.750	0.270	1.733
0.271	1.621	0.271	1.712	0.271	1.730
0.272	1.587	0.272	1.696	0.272	1.692
0.273	1.581	0.273	1.681	0.273	1.663
0.274	1.561	0.274	1.667	0.274	1.635
0.275	1.546	0.275	1.641	0.275	1.609
0.276	1.512	0.276	1.614	0.276	1.614
0.277	1.515	0.277	1.578	0.277	1.598
0.278	1.505	0.278	1.572	0.278	1.581
0.279	1.468	0.279	1.561	0.279	1.564
0.280	1.449	0.280	1.551	0.280	1.522
0.281	1.423	0.281	1.529	0.281	1.528
0.282	1.420	0.282	1.518	0.282	1.508
0.283	1.403	0.283	1.505	0.283	1.499
0.284	1.399	0.284	1.508	0.284	1.480
0.285	1.380	0.285	1.462	0.285	1.460
0.286	1.377	0.286	1.472	0.286	1.448
0.287	1.370	0.287	1.456	0.287	1.436
0.288	1.360	0.288	1.457	0.288	1.408
0.289	1.347	0.289	1.442	0.289	1.414
0.290	1.337	0.290	1.396	0.290	1.417
0.291	1.314	0.291	1.417	0.291	1.380
0.292	1.299	0.292	1.380	0.292	1.402
0.293	1.290	0.293	1.399	0.293	1.391
0.294	1.270	0.294	1.399	0.294	1.387
0.295	1.284	0.295	1.379	0.295	1.376
0.296	1.265	0.296	1.376	0.296	1.348
0.297	1.273	0.297	1.379	0.297	1.356
0.298	1.272	0.298	1.354	0.298	1.339
0.299	1.264	0.299	1.353	0.299	1.345
0.300	1.264	0.300	1.325	0.300	1.333
0.301	1.242	0.301	1.333	0.301	1.319
0.302	1.238	0.302	1.322	0.302	1.313
0.303	1.241	0.303	1.310	0.303	1.301
0.304	1.224	0.304	1.314	0.304	1.311
0.305	1.222	0.305	1.307	0.305	1.308
0.306	1.212	0.306	1.322	0.306	1.295
0.307	1.203	0.307	1.308	0.307	1.302
0.308	1.210	0.308	1.287	0.308	1.291
0.309	1.204	0.309	1.290	0.309	1.287
0.310	1.203	0.310	1.279	0.310	1.278
0.311	1.207	0.311	1.279	0.311	1.255
0.312	1.180	0.312	1.268	0.312	1.282
0.313	1.207	0.313	1.272	0.313	1.278
0.314	1.198	0.314	1.253	0.314	1.264
0.315	1.163	0.315	1.275	0.315	1.272
0.316	1.173	0.316	1.267	0.316	1.261
0.317	1.172	0.317	1.259	0.317	1.259
0.318	1.183	0.318	1.258	0.318	1.261
0.319	1.173	0.319	1.253	0.319	1.255
0.320	1.155	0.320	1.272	0.320	1.255
0.321	1.140	0.321	1.253	0.321	1.250
0.322	1.150	0.322	1.247	0.322	1.229
0.323	1.155	0.323	1.253	0.323	1.247
0.324	1.180	0.324	1.242	0.324	1.238
0.325	1.172	0.325	1.238	0.325	1.226
0.326	1.161	0.326	1.230	0.326	1.236
0.327	1.161	0.327	1.238	0.327	1.244
0.328	1.141	0.328	1.227	0.328	1.250
0.329	1.160	0.329	1.227	0.329	1.226
0.330	1.157	0.330	1.227	0.330	1.227
0.331	1.140	0.331	1.232	0.331	1.238
0.332	1.158	0.332	1.239	0.332	1.233
0.333	1.143	0.333	1.236	0.333	1.222
0.334	1.153	0.334	1.232	0.334	1.227
0.335	1.140	0.335	1.219	0.335	1.204
0.336	1.146	0.336	1.215	0.336	1.229
0.337	1.150	0.337	1.232	0.337	1.213
0.338	1.130	0.338	1.219	0.338	1.230
0.339	1.157	0.339	1.210	0.339	1.227
0.340	1.141	0.340	1.226	0.340	1.226
0.341	1.147	0.341	1.227	0.341	1.215
0.342	1.126	0.342	1.210	0.342	1.213
0.343	1.138	0.343	1.216	0.343	1.213
0.344	1.138	0.344	1.206	0.344	1.215
0.345	1.146	0.345	1.232	0.345	1.233
0.346	1.133	0.346	1.222	0.346	1.226
0.347	1.166	0.347	1.227	0.347	1.230
0.348	1.152	0.348	1.232	0.348	1.212
0.349	1.158	0.349	1.222	0.349	1.216
0.350	1.135	0.350	1.219	0.350	1.227
0.351	1.150	0.351	1.226	0.351	1.215
0.352	1.130	0.352	1.209	0.352	1.229
0.353	1.146	0.353	1.216	0.353	1.235
0.354	1.143	0.354	1.209	0.354	1.222
0.355	1.164	0.355	1.218	0.355	1.218
0.356	1.164	0.356	1.221	0.356	1.226
0.357	1.140	0.357	1.207	0.357	1.227
0.358	1.147	0.358	1.216	0.358	1.224
0.359	1.147	0.359	1.239	0.359	1.226
0.360	1.140	0.360	1.216	0.360	1.229
0.361	1.141	0.361	1.227	0.361	1.226
0.362	1.153	0.362	1.229	0.362	1.224
0.363	1.172	0.363	1.239	0.363	1.241
0.364	1.158	0.364	1.224	0.364	1.222
0.365	1.167	0.365	1.216	0.365	1.233
0.366	1.170	0.366	1.236	0.366	1.239
0.367	1.164	0.367	1.227	0.367	1.241
0.368	1.160	0.368	1.232	0.368	1.235
0.369	1.173	0.369	1.232	0.369	1.244
0.370	1.157	0.370	1.219	0.370	1.239
0.371	1.178	0.371	1.235	0.371	1.252
0.372	1.176	0.372	1.244	0.372	1.252
0.373	1.180	0.373	1.227	0.373	1.255
0.374	1.169	0.374	1.238	0.374	1.244
0.375	1.172	0.375	1.241	0.375	1.239
0.376	1.172	0.376	1.245	0.376	1.244
0.377	1.172	0.377	1.239	0.377	1.261
0.378	1.176	0.378	1.233	0.378	1.273
0.379	1.170	0.379	1.235	0.379	1.272
0.380	1.181	0.380	1.236	0.380	1.265
0.381	1.193	0.381	1.239	0.381	1.255
0.382	1.206	0.382	1.249	0.382	1.265
0.383	1.198	0.383	1.224	0.383	1.259
0.384	1.195	0.384	1.252	0.384	1.249
0.385	1.178	0.385	1.247	0.385	1.261
0.386	1.190	0.386	1.253	0.386	1.275
0.387	1.212	0.387	1.268	0.387	1.282
0.388	1.209	0.388	1.253	0.388	1.272
0.389	1.209	0.389	1.250	0.389	1.276
0.390	1.199	0.390	1.273	0.390	1.270
0.391	1.209	0.391	1.256	0.391	1.276
0.392	1.215	0.392	1.268	0.392	1.291
0.393	1.212	0.393	1.268	0.393	1.302
0.394	1.218	0.394	1.256	0.394	1.281
0.395	1.238	0.395	1.278	0.395	1.299
0.396	1.221	0.396	1.296	0.396	1.293
0.397	1.233	0.397	1.276	0.397	1.305
0.398	1.221	0.398	1.276	0.398	1.319
0.399	1.258	0.399	1.290	0.399	1.302
0.400	1.250	0.400	1.296	0.400	1.305
0.401	1.235	0.401	1.296	0.401	1.281
0.402	1.227	0.402	1.299	0.402	1.324
0.403	1.249	0.403	1.299	0.403	1.308
0.404	1.255	0.404	1.299	0.404	1.314
0.405	1.270	0.405	1.302	0.405	1.347
0.406	1.250	0.406	1.307	0.406	1.339
0.407	1.247	0.407	1.298	0.407	1.345
0.408	1.281	0.408	1.319	0.408	1.347
0.409	1.253	0.409	1.301	0.409	1.345
0.410	1.268	0.410	1.327	0.410	1.348
0.411	1.279	0.411	1.331	0.411	1.362
0.412	1.265	0.412	1.337	0.412	1.341
0.413	1.281	0.413	1.348	0.413	1.368
0.414	1.285	0.414	1.327	0.414	1.362
0.415	1.273	0.415	1.356	0.415	1.373
0.416	1.305	0.416	1.377	0.416	1.390
0.417	1.296	0.417	1.360	0.417	1.377
0.418	1.314	0.418	1.357	0.418	1.382
0.419	1.321	0.419	1.359	0.419	1.414
0.420	1.330	0.420	1.383	0.420	1.397
0.421	1.333	0.421	1.385	0.421	1.416
0.422	1.327	0.422	1.373	0.422	1.402
0.423	1.330	0.423	1.371	0.423	1.410
0.424	1.328	0.424	1.383	0.424	1.425
0.425	1.347	0.425	1.400	0.425	1.429
0.426	1.362	0.426	1.391	0.426	1.433
0.427	1.344	0.427	1.388	0.427	1.443
0.428	1.364	0.428	1.402	0.428	1.468
0.429	1.362	0.429	1.385	0.429	1.446
0.430	1.359	0.430	1.433	0.430	1.437
0.431	1.380	0.431	1.448	0.431	1.474
0.432	1.388	0.432	1.408	0.432	1.462
0.433	1.411	0.433	1.428	0.433	1.465
0.434	1.403	0.434	1.411	0.434	1.491
0.435	1.414	0.435	1.445	0.435	1.506
0.436	1.419	0.436	1.468	0.436	1.495
0.437	1.429	0.437	1.448	0.437	1.523
0.438	1.431	0.438	1.459	0.438	1.529
0.439	1.428	0.439	1.463	0.439	1.534
0.440	1.425	0.440	1.466	0.440	1.523
0.441	1.439	0.441	1.479	0.441	1.532
0.442	1.454	0.442	1.492	0.442	1.551
0.443	1.474	0.443	1.491	0.443	1.555
0.444	1.469	0.444	1.474	0.444	1.555
0.445	1.482	0.445	1.485	0.445	1.612
0.446	1.471	0.446	1.508	0.446	1.560
0.447	1.488	0.447	1.494	0.447	1.571
0.448	1.474	0.448	1.503	0.448	1.581
0.449	1.515	0.449	1.523	0.449	1.584
0.450	1.480	0.450	1.509	0.450	1.606
0.451	1.528	0.451	1.560	0.451	1.617
0.452	1.538	0.452	1.568	0.452	1.620
0.453	1.540	0.453	1.568	0.453	1.638
0.454	1.532	0.454	1.545	0.454	1.635
0.455	1.557	0.455	1.577	0.455	1.655
0.456	1.545	0.456	1.578	0.456	1.638
0.457	1.564	0.457	1.574	0.457	1.650
0.458	1.529	0.458	1.577	0.458	1.683
0.459	1.558	0.459	1.584	0.459	1.666
0.460	1.557	0.460	1.578	0.460	1.666
0.461	1.578	0.461	1.606	0.461	1.679
0.462	1.597	0.462	1.618	0.462	1.678
0.463	1.586	0.463	1.609	0.463	1.687
0.464	1.592	0.464	1.626	0.464	1.707
0.465	1.597	0.465	1.620	0.465	1.702
0.466	1.600	0.466	1.614	0.466	1.725
0.467	1.626	0.467	1.655	0.467	1.736
0.468	1.607	0.468	1.637	0.468	1.752
0.469	1.614	0.469	1.653	0.469	1.725
0.470	1.630	0.470	1.653	0.470	1.730
0.471	1.632	0.471	1.663	0.471	1.735
0.472	1.660	0.472	1.652	0.472	1.749
0.473	1.635	0.473	1.667	0.473	1.749
0.474	1.655	0.474	1.675	0.474	1.768
0.475	1.656	0.475	1.672	0.475	1.779
0.476	1.658	0.476	1.676	0.476	1.768
0.477	1.658	0.477	1.681	0.477	1.773
0.478	1.670	0.478	1.692	0.478	1.801
0.479	1.687	0.479	1.704	0.479	1.796
0.480	1.689	0.480	1.693	0.480	1.801
0.481	1.683	0.481	1.704	0.481	1.818
0.482	1.699	0.482	1.696	0.482	1.816
0.483	1.710	0.483	1.707	0.483	1.808
0.484	1.709	0.484	1.709	0.484	1.814
0.485	1.704	0.485	1.712	0.485	1.821
0.486	1.710	0.486	1.713	0.486	1.821
0.487	1.709	0.487	1.730	0.487	1.848
0.488	1.712	0.488	1.715	0.488	1.847
0.489	1.715	0.489	1.716	0.489	1.853
0.490	1.712	0.490	1.741	0.490	1.851
0.491	1.713	0.491	1.727	0.491	1.851
0.492	1.735	0.492	1.755	0.492	1.854
0.493	1.742	0.493	1.749	0.493	1.850
0.494	1.706	0.494	1.744	0.494	1.822
0.495	1.733	0.495	1.756	0.495	1.874
0.496	1.753	0.496	1.745	0.496	1.837
0.497	1.725	0.497	1.744	0.497	1.839
0.498	1.745	0.498	1.733	0.498	1.851
0.499	1.749	0.499	1.753	0.499	1.836
0.500	1.733	0.500	1.761	0.500	1.853
0.501	1.756	0.501	1.732	0.501	1.850
0.502	1.718	0.502	1.744	0.502	1.862
0.503	1.752	0.503	1.725	0.503	1.865
0.504	1.761	0.504	1.742	0.504	1.844
0.505	1.739	0.505	1.727	0.505	1.853
0.506	1.759	0.506	1.739	0.506	1.854
0.507	1.762	0.507	1.759	0.507	1.873
0.508	1.759	0.508	1.739	0.508	1.847
0.509	1.752	0.509	1.722	0.509	1.837
0.510	1.745	0.510	1.764	0.510	1.870
0.511	1.761	0.511	1.732	0.511	1.839
0.512	1.749	0.512	1.753	0.512	1.856
0.513	1.733	0.513	1.756	0.513	1.864
0.514	1.758	0.514	1.749	0.514	1.868
0.515	1.755	0.515	1.733	0.515	1.845
0.516	1.762	0.516	1.732	0.516	1.864
0.517	1.747	0.517	1.716	0.517	1.862
0.518	1.739	0.518	1.721	0.518	1.854
0.519	1.756	0.519	1.713	0.519	1.847
0.520	1.750	0.520	1.716	0.520	1.828
0.521	1.724	0.521	1.735	0.521	1.854
0.522	1.729	0.522	1.704	0.522	1.828
0.523	1.733	0.523	1.738	0.523	1.831
0.524	1.725	0.524	1.706	0.524	1.816
0.525	1.741	0.525	1.696	0.525	1.814
0.526	1.739	0.526	1.721	0.526	1.825
0.527	1.732	0.527	1.692	0.527	1.819
0.528	1.718	0.528	1.686	0.528	1.791
0.529	1.707	0.529	1.683	0.529	1.822
0.530	1.712	0.530	1.687	0.530	1.801
0.531	1.713	0.531	1.699	0.531	1.813
0.532	1.710	0.532	1.683	0.532	1.798
0.533	1.716	0.533	1.675	0.533	1.785
0.534	1.704	0.534	1.672	0.534	1.793
0.535	1.699	0.535	1.687	0.535	1.784
0.536	1.679	0.536	1.681	0.536	1.787
0.537	1.686	0.537	1.658	0.537	1.788
0.538	1.687	0.538	1.673	0.538	1.768
0.539	1.686	0.539	1.660	0.539	1.791
0.540	1.704	0.540	1.676	0.540	1.773
0.541	1.693	0.541	1.633	0.541	1.772
0.542	1.690	0.542	1.656	0.542	1.767
0.543	1.695	0.543	1.640	0.543	1.759
0.544	1.675	0.544	1.647	0.544	1.755
0.545	1.698	0.545	1.664	0.545	1.761
0.546	1.690	0.546	1.647	0.546	1.759
0.547	1.676	0.547	1.643	0.547	1.732
0.548	1.660	0.548	1.618	0.548	1.730
0.549	1.658	0.549	1.618	0.549	1.715
0.550	1.661	0.550	1.620	0.550	1.732
0.551	1.663	0.551	1.617	0.551	1.744
0.552	1.647	0.552	1.604	0.552	1.724
0.553	1.667	0.553	1.618	0.553	1.739
0.554	1.643	0.554	1.627	0.554	1.702
0.555	1.646	0.555	1.621	0.555	1.727
0.556	1.653	0.556	1.612	0.556	1.706
0.557	1.640	0.557	1.614	0.557	1.722
0.558	1.632	0.558	1.610	0.558	1.724
0.559	1.627	0.559	1.603	0.559	1.704
0.560	1.646	0.560	1.580	0.560	1.698
0.561	1.649	0.561	1.601	0.561	1.704
0.562	1.621	0.562	1.594	0.562	1.687
0.563	1.650	0.563	1.581	0.563	1.712
0.564	1.635	0.564	1.592	0.564	1.695
0.565	1.623	0.565	1.592	0.565	1.683
0.566	1.624	0.566	1.578	0.566	1.667
0.567	1.615	0.567	1.578	0.567	1.667
0.568	1.595	0.568	1.557	0.568	1.676
0.569	1.604	0.569	1.569	0.569	1.684
0.570	1.612	0.570	1.552	0.570	1.664
0.571	1.626	0.571	1.548	0.571	1.675
0.572	1.617	0.572	1.552	0.572	1.678
0.573	1.615	0.573	1.537	0.573	1.660
0.574	1.614	0.574	1.566	0.574	1.661
0.575	1.597	0.575	1.561	0.575	1.661
0.576	1.595	0.576	1.560	0.576	1.650
0.577	1.603	0.577	1.541	0.577	1.647
0.578	1.595	0.578	1.528	0.578	1.653
0.579	1.614	0.579	1.546	0.579	1.664
0.580	1.601	0.580	1.552	0.580	1.658
0.581	1.587	0.581	1.535	0.581	1.643
0.582	1.604	0.582	1.523	0.582	1.646
0.583	1.581	0.583	1.537	0.583	1.624
0.584	1.580	0.584	1.538	0.584	1.641
0.585	1.578	0.585	1.545	0.585	1.621
0.586	1.581	0.586	1.528	0.586	1.641
0.587	1.584	0.587	1.531	0.587	1.633
0.588	1.581	0.588	1.538	0.588	1.629
0.589	1.578	0.589	1.506	0.589	1.635
0.590	1.581	0.590	1.528	0.590	1.606
0.591	1.575	0.591	1.520	0.591	1.620
0.592	1.591	0.592	1.511	0.592	1.643
0.593	1.572	0.593	1.520	0.593	1.614
0.594	1.568	0.594	1.489	0.594	1.618
0.595	1.580	0.595	1.515	0.595	1.630
0.596	1.568	0.596	1.505	0.596	1.629
0.597	1.574	0.597	1.489	0.597	1.626
0.598	1.594	0.598	1.515	0.598	1.601
0.599	1.571	0.599	1.494	0.599	1.597
0.600	1.581	0.600	1.502	0.600	1.603
0.601	1.555	0.601	1.508	0.601	1.604
0.602	1.552	0.602	1.480	0.602	1.604
0.603	1.572	0.603	1.503	0.603	1.618
0.604	1.560	0.604	1.494	0.604	1.597
0.605	1.552	0.605	1.495	0.605	1.603
0.606	1.561	0.606	1.506	0.606	1.603
0.607	1.568	0.607	1.479	0.607	1.591
0.608	1.583	0.608	1.476	0.608	1.591
0.609	1.548	0.609	1.482	0.609	1.601
0.610	1.545	0.610	1.492	0.610	1.606
0.611	1.541	0.611	1.488	0.611	1.574
0.612	1.563	0.612	1.492	0.612	1.589
0.613	1.561	0.613	1.485	0.613	1.604
0.614	1.557	0.614	1.474	0.614	1.604
0.615	1.563	0.615	1.463	0.615	1.583
0.616	1.568	0.616	1.485	0.616	1.598
0.617	1.552	0.617	1.491	0.617	1.598
0.618	1.572	0.618	1.476	0.618	1.580
0.619	1.563	0.619	1.482	0.619	1.587
0.620	1.554	0.620	1.468	0.620	1.564
0.621	1.569	0.621	1.463	0.621	1.587
0.622	1.541	0.622	1.474	0.622	1.583
0.623	1.543	0.623	1.469	0.623	1.591
0.624	1.560	0.624	1.463	0.624	1.581
0.625	1.543	0.625	1.480	0.625	1.580
0.626	1.541	0.626	1.460	0.626	1.574
0.627	1.563	0.627	1.480	0.627	1.595
0.628	1.564	0.628	1.460	0.628	1.563
0.629	1.563	0.629	1.472	0.629	1.563
0.630	1.557	0.630	1.466	0.630	1.581
0.631	1.551	0.631	1.480	0.631	1.561
0.632	1.538	0.632	1.457	0.632	1.575
0.633	1.531	0.633	1.453	0.633	1.575
0.634	1.549	0.634	1.456	0.634	1.564
0.635	1.560	0.635	1.462	0.635	1.574
0.636	1.546	0.636	1.457	0.636	1.566
0.637	1.554	0.637	1.445	0.637	1.554
0.638	1.548	0.638	1.466	0.638	1.577
0.639	1.563	0.639	1.462	0.639	1.577
0.640	1.540	0.640	1.446	0.640	1.561
0.641	1.535	0.641	1.449	0.641	1.557
0.642	1.545	0.642	1.471	0.642	1.558
0.643	1.560	0.643	1.472	0.643	1.568
0.644	1.540	0.644	1.436	0.644	1.549
0.645	1.568	0.645	1.472	0.645	1.555
0.646	1.532	0.646	1.454	0.646	1.560
0.647	1.557	0.647	1.449	0.647	1.537
0.648	1.557	0.648	1.485	0.648	1.551
0.649	1.558	0.649	1.440	0.649	1.568
0.650	1.568	0.650	1.451	0.650	1.564
0.651	1.554	0.651	1.454	0.651	1.551
0.652	1.548	0.652	1.454	0.652	1.551
0.653	1.535	0.653	1.448	0.653	1.555
0.654	1.558	0.654	1.460	0.654	1.545
0.655	1.566	0.655	1.482	0.655	1.564
0.656	1.551	0.656	1.445	0.656	1.566
0.657	1.574	0.657	1.463	0.657	1.532
0.658	1.580	0.658	1.448	0.658	1.560
0.659	1.558	0.659	1.466	0.659	1.563
0.660	1.583	0.660	1.456	0.660	1.555
0.661	1.564	0.661	1.457	0.661	1.546
0.662	1.551	0.662	1.451	0.662	1.555
0.663	1.575	0.663	1.476	0.663	1.560
0.664	1.566	0.664	1.449	0.664	1.566
0.665	1.574	0.665	1.446	0.665	1.552
0.666	1.564	0.666	1.466	0.666	1.552
0.667	1.560	0.667	1.466	0.667	1.557
0.668	1.581	0.668	1.457	0.668	1.564
0.669	1.578	0.669	1.466	0.669	1.574
0.670	1.580	0.670	1.466	0.670	1.551
0.671	1.594	0.671	1.474	0.671	1.549
0.672	1.575	0.672	1.466	0.672	1.577
0.673	1.600	0.673	1.457	0.673	1.571
0.674	1.574	0.674	1.466	0.674	1.558
0.675	1.583	0.675	1.472	0.675	1.568
0.676	1.594	0.676	1.486	0.676	1.554
0.677	1.569	0.677	1.468	0.677	1.555
0.678	1.587	0.678	1.477	0.678	1.569
0.679	1.574	0.679	1.472	0.679	1.568
0.680	1.583	0.680	1.457	0.680	1.580
0.681	1.598	0.681	1.474	0.681	1.583
0.682	1.591	0.682	1.497	0.682	1.574
0.683	1.600	0.683	1.474	0.683	1.583
0.684	1.598	0.684	1.479	0.684	1.563
0.685	1.604	0.685	1.485	0.685	1.577
0.686	1.615	0.686	1.494	0.686	1.581
0.687	1.595	0.687	1.497	0.687	1.609
0.688	1.587	0.688	1.500	0.688	1.584
0.689	1.614	0.689	1.492	0.689	1.578
0.690	1.603	0.690	1.488	0.690	1.572
0.691	1.615	0.691	1.491	0.691	1.587
0.692	1.610	0.692	1.502	0.692	1.580
0.693	1.614	0.693	1.499	0.693	1.604
0.694	1.618	0.694	1.502	0.694	1.577
0.695	1.620	0.695	1.515	0.695	1.592
0.696	1.623	0.696	1.491	0.696	1.594
0.697	1.629	0.697	1.497	0.697	1.600
0.698	1.615	0.698	1.497	0.698	1.594
0.699	1.635	0.699	1.502	0.699	1.594
0.700	1.167	0.700	1.063	0.700	1.147
0.699	0.652	0.699	0.551	0.699	0.644
0.698	0.311	0.698	0.172	0.698	0.265
0.697	0.061	0.697	-0.069	0.697	0.025
0.696	-0.127	0.696	-0.247	0.696	-0.152
0.695	-0.278	0.695	-0.382	0.695	-0.299
0.694	-0.370	0.694	-0.478	0.694	-0.388
0.693	-0.457	0.693	-0.546	0.693	-0.463
0.692	-0.506	0.692	-0.598	0.692	-0.514
0.691	-0.563	0.691	-0.649	0.691	-0.557
0.690	-0.590	0.690	-0.687	0.690	-0.590
0.689	-0.624	0.689	-0.718	0.689	-0.635
0.688	-0.632	0.688	-0.739	0.688	-0.653
0.687	-0.661	0.687	-0.767	0.687	-0.676
0.686	-0.682	0.686	-0.790	0.686	-0.673
0.685	-0.693	0.685	-0.802	0.685	-0.684
0.684	-0.731	0.684	-0.827	0.684	-0.698
0.683	-0.742	0.683	-0.830	0.683	-0.724
0.682	-0.784	0.682	-0.836	0.682	-0.745
0.681	-0.762	0.681	-0.836	0.681	-0.750
0.680	-0.787	0.680	-0.873	0.680	-0.770
0.679	-0.782	0.679	-0.877	0.679	-0.768
0.678	-0.811	0.678	-0.883	0.678	-0.768
0.677	-0.794	0.677	-0.891	0.677	-0.788
0.676	-0.825	0.676	-0.925	0.676	-0.784
0.675	-0.811	0.675	-0.917	0.675	-0.788
0.674	-0.839	0.674	-0.914	0.674	-0.825
0.673	-0.839	0.673	-0.932	0.673	-0.833
0.672	-0.846	0.672	-0.935	0.672	-0.839
0.671	-0.876	0.671	-0.952	0.671	-0.842
0.670	-0.863	0.670	-0.954	0.670	-0.843
0.669	-0.868	0.669	-0.966	0.669	-0.857
0.668	-0.886	0.668	-0.980	0.668	-0.837
0.667	-0.896	0.667	-0.977	0.667	-0.876
0.666	-0.906	0.666	-0.985	0.666	-0.879
0.665	-0.909	0.665	-0.988	0.665	-0.880
0.664	-0.934	0.664	-0.983	0.664	-0.896
0.663	-0.912	0.663	-1.015	0.663	-0.902
0.662	-0.923	0.662	-1.004	0.662	-0.886
0.661	-0.940	0.661	-1.026	0.661	-0.905
0.660	-0.945	0.660	-1.023	0.660	-0.923
0.659	-0.963	0.659	-1.014	0.659	-0.912
0.658	-0.962	0.658	-1.032	0.658	-0.911
0.657	-0.974	0.657	-1.072	0.657	-0.928
0.656	-0.994	0.656	-1.050	0.656	-0.945
0.655	-0.966	0.655	-1.057	0.655	-0.916
0.654	-0.974	0.654	-1.066	0.654	-0.926
0.653	-0.992	0.653	-1.067	0.653	-0.960
0.652	-1.000	0.652	-1.089	0.652	-0.966
0.651	-1.014	0.651	-1.067	0.651	-0.960
0.650	-1.001	0.650	-1.075	0.650	-0.977
0.649	-1.000	0.649	-1.081	0.649	-0.963
0.648	-1.011	0.648	-1.110	0.648	-0.989
0.647	-1.017	0.647	-1.107	0.647	-0.981
0.646	-1.029	0.646	-1.096	0.646	-0.977
0.645	-1.026	0.645	-1.110	0.645	-0.991
0.644	-1.049	0.644	-1.115	0.644	-0.988
0.643	-1.067	0.643	-1.126	0.643	-1.000
0.642	-1.072	0.642	-1.127	0.642	-1.017
0.641	-1.041	0.641	-1.121	0.641	-0.998
0.640	-1.069	0.640	-1.159	0.640	-1.001
0.639	-1.047	0.639	-1.136	0.639	-1.027
0.638	-1.057	0.638	-1.161	0.638	-1.023
0.637	-1.064	0.637	-1.147	0.637	-1.034
0.636	-1.067	0.636	-1.135	0.636	-1.050
0.635	-1.086	0.635	-1.159	0.635	-1.027
0.634	-1.070	0.634	-1.185	0.634	-1.043
0.633	-1.087	0.633	-1.156	0.633	-1.037
0.632	-1.100	0.632	-1.185	0.632	-1.052
0.631	-1.098	0.631	-1.172	0.631	-1.063
0.630	-1.118	0.630	-1.184	0.630	-1.052
0.629	-1.089	0.629	-1.190	0.629	-1.061
0.628	-1.116	0.628	-1.196	0.628	-1.069
0.627	-1.109	0.627	-1.208	0.627	-1.055
0.626	-1.116	0.626	-1.210	0.626	-1.075
0.625	-1.126	0.625	-1.212	0.625	-1.081
0.624	-1.116	0.624	-1.213	0.624	-1.106
0.623	-1.121	0.623	-1.213	0.623	-1.093
0.622	-1.135	0.622	-1.241	0.622	-1.089
0.621	-1.139	0.621	-1.230	0.621	-1.103
0.620	-1.156	0.620	-1.227	0.620	-1.113
0.619	-1.152	0.619	-1.231	0.619	-1.095
0.618	-1.155	0.618	-1.250	0.618	-1.106
0.617	-1.141	0.617	-1.245	0.617	-1.113
0.616	-1.170	0.616	-1.258	0.616	-1.115
0.615	-1.162	0.615	-1.254	0.615	-1.126
0.614	-1.169	0.614	-1.254	0.614	-1.129
0.613	-1.173	0.613	-1.264	0.613	-1.136
0.612	-1.187	0.612	-1.284	0.612	-1.139
0.611	-1.161	0.611	-1.256	0.611	-1.121
0.610	-1.175	0.610	-1.294	0.610	-1.139
0.609	-1.204	0.609	-1.264	0.609	-1.159
0.608	-1.196	0.608	-1.290	0.608	-1.161
0.607	-1.205	0.607	-1.287	0.607	-1.153
0.606	-1.201	0.606	-1.308	0.606	-1.175
0.605	-1.190	0.605	-1.287	0.605	-1.149
0.604	-1.228	0.604	-1.294	0.604	-1.155
0.603	-1.202	0.603	-1.305	0.603	-1.155
0.602	-1.219	0.602	-1.313	0.602	-1.184
0.601	-1.210	0.601	-1.328	0.601	-1.190
0.600	-1.224	0.600	-1.317	0.600	-1.187
0.599	-1.238	0.599	-1.328	0.599	-1.185
0.598	-1.216	0.598	-1.330	0.598	-1.173
0.597	-1.244	0.597	-1.331	0.597	-1.187
0.596	-1.236	0.596	-1.354	0.596	-1.187
0.595	-1.247	0.595	-1.331	0.595	-1.201
0.594	-1.268	0.594	-1.343	0.594	-1.210
0.593	-1.256	0.593	-1.340	0.593	-1.196
0.592	-1.261	0.592	-1.350	0.592	-1.216
0.591	-1.245	0.591	-1.379	0.591	-1.221
0.590	-1.254	0.590	-1.366	0.590	-1.216
0.589	-1.247	0.589	-1.356	0.589	-1.221
0.588	-1.253	0.588	-1.366	0.588	-1.227
0.587	-1.276	0.587	-1.376	0.587	-1.233
0.586	-1.296	0.586	-1.374	0.586	-1.250
0.585	-1.264	0.585	-1.385	0.585	-1.251
0.584	-1.276	0.584	-1.392	0.584	-1.241
0.583	-1.279	0.583	-1.391	0.583	-1.253
0.582	-1.281	0.582	-1.405	0.582	-1.238
0.581	-1.307	0.581	-1.396	0.581	-1.228
0.580	-1.294	0.580	-1.406	0.580	-1.262
0.579	-1.311	0.579	-1.409	0.579	-1.259
0.578	-1.305	0.578	-1.411	0.578	-1.248
0.577	-1.302	0.577	-1.417	0.577	-1.264
0.576	-1.327	0.576	-1.425	0.576	-1.282
0.575	-1.297	0.575	-1.423	0.575	-1.285
0.574	-1.313	0.574	-1.428	0.574	-1.284
0.573	-1.325	0.573	-1.423	0.573	-1.274
0.572	-1.330	0.572	-1.428	0.572	-1.291
0.571	-1.323	0.571	-1.429	0.571	-1.274
0.570	-1.316	0.570	-1.432	0.570	-1.314
0.569	-1.319	0.569	-1.434	0.569	-1.299
0.568	-1.337	0.568	-1.455	0.568	-1.299
0.567	-1.339	0.567	-1.460	0.567	-1.319
0.566	-1.353	0.566	-1.477	0.566	-1.316
0.565	-1.323	0.565	-1.454	0.565	-1.307
0.564	-1.340	0.564	-1.452	0.564	-1.343
0.563	-1.351	0.563	-1.466	0.563	-1.319
0.562	-1.350	0.562	-1.481	0.562	-1.330
0.561	-1.357	0.561	-1.457	0.561	-1.313
0.560	-1.374	0.560	-1.488	0.560	-1.333
0.559	-1.362	0.559	-1.501	0.559	-1.337
0.558	-1.389	0.558	-1.503	0.558	-1.345
0.557	-1.373	0.557	-1.501	0.557	-1.346
0.556	-1.402	0.556	-1.511	0.556	-1.362
0.555	-1.377	0.555	-1.497	0.555	-1.351
0.554	-1.382	0.554	-1.495	0.554	-1.346
0.553	-1.368	0.553	-1.517	0.553	-1.365
0.552	-1.402	0.552	-1.504	0.552	-1.366
0.551	-1.385	0.551	-1.523	0.551	-1.380
0.550	-1.411	0.550	-1.495	0.550	-1.374
0.549	-1.419	0.549	-1.527	0.549	-1.365
0.548	-1.388	0.548	-1.546	0.548	-1.382
0.547	-1.374	0.547	-1.537	0.547	-1.373
0.546	-1.403	0.546	-1.541	0.546	-1.409
0.545	-1.425	0.545	-1.526	0.545	-1.379
0.544	-1.412	0.544	-1.544	0.544	-1.400
0.543	-1.414	0.543	-1.540	0.543	-1.382
0.542	-1.402	0.542	-1.555	0.542	-1.391
0.541	-1.400	0.541	-1.573	0.541	-1.394
0.540	-1.426	0.540	-1.544	0.540	-1.406
0.539	-1.414	0.539	-1.577	0.539	-1.412
0.538	-1.432	0.538	-1.584	0.538	-1.429
0.537	-1.445	0.537	-1.564	0.537	-1.417
0.536	-1.446	0.536	-1.596	0.536	-1.416
0.535	-1.454	0.535	-1.564	0.535	-1.417
0.534	-1.449	0.534	-1.578	0.534	-1.435
0.533	-1.457	0.533	-1.586	0.533	-1.439
0.532	-1.477	0.532	-1.607	0.532	-1.460
0.531	-1.448	0.531	-1.618	0.531	-1.454
0.530	-1.440	0.530	-1.623	0.530	-1.469
0.529	-1.471	0.529	-1.595	0.529	-1.435
0.528	-1.462	0.528	-1.616	0.528	-1.462
0.527	-1.481	0.527	-1.609	0.527	-1.458
0.526	-1.480	0.526	-1.630	0.526	-1.466
0.525	-1.462	0.525	-1.621	0.525	-1.501
0.524	-1.501	0.524	-1.636	0.524	-1.480
0.523	-1.480	0.523	-1.630	0.523	-1.468
0.522	-1.488	0.522	-1.635	0.522	-1.475
0.521	-1.485	0.521	-1.624	0.521	-1.454
0.520	-1.504	0.520	-1.650	0.520	-1.501
0.519	-1.486	0.519	-1.646	0.519	-1.506
0.518	-1.504	0.518	-1.664	0.518	-1.498
0.517	-1.497	0.517	-1.632	0.517	-1.514
0.516	-1.501	0.516	-1.662	0.516	-1.524
0.515	-1.512	0.515	-1.661	0.515	-1.531
0.514	-1.515	0.514	-1.676	0.514	-1.535
0.513	-1.492	0.513	-1.670	0.513	-1.504
0.512	-1.523	0.512	-1.676	0.512	-1.509
0.511	-1.498	0.511	-1.682	0.511	-1.529
0.510	-1.531	0.510	-1.690	0.510	-1.534
0.509	-1.524	0.509	-1.679	0.509	-1.543
0.508	-1.531	0.508	-1.659	0.508	-1.520
0.507	-1.524	0.507	-1.682	0.507	-1.524
0.506	-1.552	0.506	-1.692	0.506	-1.544
0.505	-1.509	0.505	-1.696	0.505	-1.527
0.504	-1.549	0.504	-1.701	0.504	-1.550
0.503	-1.514	0.503	-1.693	0.503	-1.554
0.502	-1.531	0.502	-1.702	0.502	-1.555
0.501	-1.524	0.501	-1.685	0.501	-1.546
0.500	-1.554	0.500	-1.699	0.500	-1.566
0.499	-1.547	0.499	-1.681	0.499	-1.546
0.498	-1.514	0.498	-1.696	0.498	-1.577
0.497	-1.543	0.497	-1.693	0.497	-1.540
0.496	-1.555	0.496	-1.695	0.496	-1.563
0.495	-1.534	0.495	-1.693	0.495	-1.546
0.494	-1.535	0.494	-1.705	0.494	-1.535
0.493	-1.518	0.493	-1.698	0.493	-1.554
0.492	-1.514	0.492	-1.708	0.492	-1.564
0.491	-1.531	0.491	-1.690	0.491	-1.552
0.490	-1.532	0.490	-1.710	0.490	-1.573
0.489	-1.521	0.489	-1.698	0.489	-1.550
0.488	-1.520	0.488	-1.695	0.488	-1.521
0.487	-1.511	0.487	-1.696	0.487	-1.529
0.486	-1.526	0.486	-1.679	0.486	-1.529
0.485	-1.520	0.485	-1.678	0.485	-1.540
0.484	-1.549	0.484	-1.685	0.484	-1.563
0.483	-1.509	0.483	-1.676	0.483	-1.535
0.482	-1.501	0.482	-1.695	0.482	-1.555
0.481	-1.517	0.481	-1.682	0.481	-1.524
0.480	-1.529	0.480	-1.705	0.480	-1.515
0.479	-1.514	0.479	-1.673	0.479	-1.535
0.478	-1.520	0.478	-1.675	0.478	-1.532
0.477	-1.506	0.477	-1.667	0.477	-1.541
0.476	-1.508	0.476	-1.681	0.476	-1.554
0.475	-1.486	0.475	-1.664	0.475	-1.524
0.474	-1.497	0.474	-1.635	0.474	-1.504
0.473	-1.485	0.473	-1.636	0.473	-1.518
0.472	-1.495	0.472	-1.658	0.472	-1.518
0.471	-1.488	0.471	-1.652	0.471	-1.529
0.470	-1.466	0.470	-1.649	0.470	-1.494
0.469	-1.474	0.469	-1.633	0.469	-1.509
0.468	-1.497	0.468	-1.624	0.468	-1.514
0.467	-1.477	0.467	-1.615	0.467	-1.491
0.466	-1.465	0.466	-1.630	0.466	-1.500
0.465	-1.440	0.465	-1.623	0.465	-1.475
0.464	-1.462	0.464	-1.633	0.464	-1.477
0.463	-1.477	0.463	-1.609	0.463	-1.463
0.462	-1.460	0.462	-1.603	0.462	-1.466
0.461	-1.416	0.461	-1.589	0.461	-1.454
0.460	-1.425	0.460	-1.578	0.460	-1.463
0.459	-1.422	0.459	-1.590	0.459	-1.451
0.458	-1.440	0.458	-1.601	0.458	-1.460
0.457	-1.425	0.457	-1.581	0.457	-1.445
0.456	-1.434	0.456	-1.609	0.456	-1.452
0.455	-1.419	0.455	-1.537	0.455	-1.446
0.454	-1.406	0.454	-1.558	0.454	-1.432
0.453	-1.399	0.453	-1.561	0.453	-1.435
0.452	-1.409	0.452	-1.560	0.452	-1.402
0.451	-1.409	0.451	-1.554	0.451	-1.411
0.450	-1.411	0.450	-1.550	0.450	-1.425
0.449	-1.377	0.449	-1.527	0.449	-1.394
0.448	-1.368	0.448	-1.526	0.448	-1.392
0.447	-1.376	0.447	-1.512	0.447	-1.394
0.446	-1.376	0.446	-1.526	0.446	-1.373
0.445	-1.374	0.445	-1.515	0.445	-1.362
0.444	-1.368	0.444	-1.501	0.444	-1.365
0.443	-1.357	0.443	-1.491	0.443	-1.360
0.442	-1.357	0.442	-1.497	0.442	-1.360
0.441	-1.343	0.441	-1.489	0.441	-1.356
0.440	-1.317	0.440	-1.458	0.440	-1.346
0.439	-1.328	0.439	-1.466	0.439	-1.360
0.438	-1.317	0.438	-1.477	0.438	-1.345
0.437	-1.307	0.437	-1.454	0.437	-1.322
0.436	-1.327	0.436	-1.468	0.436	-1.322
0.435	-1.310	0.435	-1.460	0.435	-1.320
0.434	-1.319	0.434	-1.457	0.434	-1.334
0.433	-1.297	0.433	-1.439	0.433	-1.323
0.432	-1.296	0.432	-1.429	0.432	-1.293
0.431	-1.300	0.431	-1.428	0.431	-1.287
0.430	-1.284	0.430	-1.414	0.430	-1.285
0.429	-1.268	0.429	-1.403	0.429	-1.285
0.428	-1.254	0.428	-1.420	0.428	-1.288
0.427	-1.262	0.427	-1.406	0.427	-1.274
0.426	-1.251	0.426	-1.414	0.426	-1.258
0.425	-1.256	0.425	-1.385	0.425	-1.279
0.424	-1.253	0.424	-1.388	0.424	-1.267
0.423	-1.251	0.423	-1.403	0.423	-1.251
0.422	-1.251	0.422	-1.389	0.422	-1.274
0.421	-1.230	0.421	-1.377	0.421	-1.259
0.420	-1.230	0.420	-1.368	0.420	-1.253
0.419	-1.235	0.419	-1.357	0.419	-1.224
0.418	-1.242	0.418	-1.357	0.418	-1.222
0.417	-1.216	0.417	-1.362	0.417	-1.239
0.416	-1.221	0.416	-1.328	0.416	-1.225
0.415	-1.219	0.415	-1.331	0.415	-1.222
0.414	-1.213	0.414	-1.348	0.414	-1.204
0.413	-1.213	0.413	-1.337	0.413	-1.184
0.412	-1.189	0.412	-1.340	0.412	-1.213
0.411	-1.207	0.411	-1.322	0.411	-1.181
0.410	-1.202	0.410	-1.317	0.410	-1.205
0.409	-1.198	0.409	-1.302	0.409	-1.196
0.408	-1.198	0.408	-1.308	0.408	-1.187
0.407	-1.212	0.407	-1.345	0.407	-1.176
0.406	-1.187	0.406	-1.314	0.406	-1.187
0.405	-1.175	0.405	-1.293	0.405	-1.179
0.404	-1.182	0.404	-1.305	0.404	-1.189
0.403	-1.153	0.403	-1.294	0.403	-1.178
0.402	-1.158	0.402	-1.311	0.402	-1.166
0.401	-1.173	0.401	-1.293	0.401	-1.161
0.400	-1.159	0.400	-1.290	0.400	-1.159
0.399	-1.156	0.399	-1.274	0.399	-1.152
0.398	-1.155	0.398	-1.291	0.398	-1.152
0.397	-1.146	0.397	-1.270	0.397	-1.152
0.396	-1.152	0.396	-1.265	0.396	-1.173
0.395	-1.146	0.395	-1.259	0.395	-1.159
0.394	-1.158	0.394	-1.277	0.394	-1.155
0.393	-1.147	0.393	-1.261	0.393	-1.153
0.392	-1.167	0.392	-1.271	0.392	-1.133
0.391	-1.133	0.391	-1.259	0.391	-1.139
0.390	-1.127	0.390	-1.259	0.390	-1.123
0.389	-1.132	0.389	-1.271	0.389	-1.138
0.388	-1.136	0.388	-1.262	0.388	-1.156
0.387	-1.130	0.387	-1.271	0.387	-1.152
0.386	-1.132	0.386	-1.273	0.386	-1.144
0.385	-1.135	0.385	-1.271	0.385	-1.124
0.384	-1.107	0.384	-1.253	0.384	-1.143
0.383	-1.127	0.383	-1.250	0.383	-1.104
0.382	-1.133	0.382	-1.221	0.382	-1.129
0.381	-1.109	0.381	-1.238	0.381	-1.121
0.380	-1.121	0.380	-1.236	0.380	-1.126
0.379	-1.133	0.379	-1.241	0.379	-1.118
0.378	-1.136	0.378	-1.233	0.378	-1.096
0.377	-1.118	0.377	-1.221	0.377	-1.120
0.376	-1.129	0.376	-1.239	0.376	-1.130
0.375	-1.112	0.375	-1.216	0.375	-1.116
0.374	-1.100	0.374	-1.241	0.374	-1.109
0.373	-1.106	0.373	-1.225	0.373	-1.120
0.372	-1.121	0.372	-1.213	0.372	-1.127
0.371	-1.120	0.371	-1.224	0.371	-1.116
0.370	-1.109	0.370	-1.219	0.370	-1.118
0.369	-1.123	0.369	-1.218	0.369	-1.095
0.368	-1.133	0.368	-1.238	0.368	-1.100
0.367	-1.120	0.367	-1.216	0.367	-1.106
0.366	-1.112	0.366	-1.224	0.366	-1.109
0.365	-1.095	0.365	-1.199	0.365	-1.107
0.364	-1.109	0.364	-1.213	0.364	-1.106
0.363	-1.095	0.363	-1.230	0.363	-1.120
0.362	-1.093	0.362	-1.228	0.362	-1.106
0.361	-1.103	0.361	-1.222	0.361	-1.106
0.360	-1.113	0.360	-1.216	0.360	-1.092
0.359	-1.100	0.359	-1.212	0.359	-1.095
0.358	-1.110	0.358	-1.199	0.358	-1.098
0.357	-1.103	0.357	-1.210	0.357	-1.107
0.356	-1.110	0.356	-1.239	0.356	-1.100
0.355	-1.096	0.355	-1.222	0.355	-1.080
0.354	-1.084	0.354	-1.204	0.354	-1.084
0.353	-1.084	0.353	-1.202	0.353	-1.109
0.352	-1.109	0.352	-1.204	0.352	-1.100
0.351	-1.107	0.351	-1.213	0.351	-1.107
0.350	-1.089	0.350	-1.221	0.350	-1.086
0.349	-1.101	0.349	-1.210	0.349	-1.093
0.348	-1.096	0.348	-1.219	0.348	-1.101
0.347	-1.103	0.347	-1.212	0.347	-1.093
0.346	-1.100	0.346	-1.208	0.346	-1.092
0.345	-1.101	0.345	-1.216	0.345	-1.098
0.344	-1.106	0.344	-1.207	0.344	-1.090
0.343	-1.101	0.343	-1.212	0.343	-1.095
0.342	-1.103	0.342	-1.196	0.342	-1.089
0.341	-1.098	0.341	-1.213	0.341	-1.084
0.340	-1.104	0.340	-1.210	0.340	-1.109
0.339	-1.113	0.339	-1.218	0.339	-1.120
0.338	-1.104	0.338	-1.207	0.338	-1.112
0.337	-1.110	0.337	-1.190	0.337	-1.092
0.336	-1.112	0.336	-1.207	0.336	-1.103
0.335	-1.115	0.335	-1.219	0.335	-1.096
0.334	-1.107	0.334	-1.219	0.334	-1.113
0.333	-1.101	0.333	-1.218	0.333	-1.092
0.332	-1.123	0.332	-1.227	0.332	-1.112
0.331	-1.112	0.331	-1.227	0.331	-1.100
0.330	-1.106	0.330	-1.228	0.330	-1.109
0.329	-1.100	0.329	-1.231	0.329	-1.113
0.328	-1.100	0.328	-1.224	0.328	-1.120
0.327	-1.127	0.327	-1.219	0.327	-1.103
0.326	-1.129	0.326	-1.224	0.326	-1.120
0.325	-1.120	0.325	-1.230	0.325	-1.116
0.324	-1.113	0.324	-1.238	0.324	-1.118
0.323	-1.127	0.323	-1.241	0.323	-1.121
0.322	-1.115	0.322	-1.231	0.322	-1.129
0.321	-1.104	0.321	-1.224	0.321	-1.126
0.320	-1.121	0.320	-1.242	0.320	-1.124
0.319	-1.133	0.319	-1.248	0.319	-1.124
0.318	-1.139	0.318	-1.242	0.318	-1.138
0.317	-1.113	0.317	-1.224	0.317	-1.150
0.316	-1.132	0.316	-1.231	0.316	-1.135
0.315	-1.132	0.315	-1.248	0.315	-1.135
0.314	-1.167	0.314	-1.236	0.314	-1.155
0.313	-1.162	0.313	-1.239	0.313	-1.141
0.312	-1.129	0.312	-1.256	0.312	-1.135
0.311	-1.156	0.311	-1.248	0.311	-1.153
0.310	-1.146	0.310	-1.259	0.310	-1.158
0.309	-1.169	0.309	-1.262	0.309	-1.132
0.308	-1.167	0.308	-1.253	0.308	-1.149
0.307	-1.156	0.307	-1.253	0.307	-1.146
0.306	-1.190	0.306	-1.270	0.306	-1.150
0.305	-1.164	0.305	-1.273	0.305	-1.166
0.304	-1.179	0.304	-1.294	0.304	-1.185
0.303	-1.164	0.303	-1.271	0.303	-1.172
0.302	-1.182	0.302	-1.270	0.302	-1.182
0.301	-1.169	0.301	-1.294	0.301	-1.167
0.300	-1.184	0.300	-1.284	0.300	-1.192
0.299	-1.204	0.299	-1.293	0.299	-1.181
0.298	-1.199	0.298	-1.297	0.298	-1.218
0.297	-1.204	0.297	-1.307	0.297	-1.185
0.296	-1.202	0.296	-1.314	0.296	-1.207
0.295	-1.189	0.295	-1.317	0.295	-1.201
0.294	-1.218	0.294	-1.307	0.294	-1.228
0.293	-1.222	0.293	-1.319	0.293	-1.213
0.292	-1.227	0.292	-1.331	0.292	-1.236
0.291	-1.227	0.291	-1.333	0.291	-1.242
0.290	-1.233	0.290	-1.353	0.290	-1.245
0.289	-1.216	0.289	-1.331	0.289	-1.254
0.288	-1.274	0.288	-1.343	0.288	-1.253
0.287	-1.250	0.287	-1.359	0.287	-1.258
0.286	-1.258	0.286	-1.360	0.286	-1.264
0.285	-1.277	0.285	-1.379	0.285	-1.284
0.284	-1.267	0.284	-1.382	0.284	-1.299
0.283	-1.296	0.283	-1.388	0.283	-1.297
0.282	-1.287	0.282	-1.405	0.282	-1.310
0.281	-1.314	0.281	-1.412	0.281	-1.316
0.280	-1.340	0.280	-1.426	0.280	-1.328
0.279	-1.310	0.279	-1.429	0.279	-1.330
0.278	-1.353	0.278	-1.439	0.278	-1.346
0.277	-1.351	0.277	-1.443	0.277	-1.362
0.276	-1.356	0.276	-1.458	0.276	-1.373
0.275	-1.368	0.275	-1.477	0.275	-1.380
0.274	-1.385	0.274	-1.485	0.274	-1.396
0.273	-1.403	0.273	-1.495	0.273	-1.409
0.272	-1.420	0.272	-1.512	0.272	-1.428
0.271	-1.431	0.271	-1.526	0.271	-1.451
0.270	-1.432	0.270	-1.546	0.270	-1.446
0.269	-1.462	0.269	-1.543	0.269	-1.451
0.268	-1.474	0.268	-1.564	0.268	-1.500
0.267	-1.486	0.267	-1.590	0.267	-1.486
0.266	-1.485	0.266	-1.593	0.266	-1.534
0.265	-1.529	0.265	-1.629	0.265	-1.552
0.264	-1.527	0.264	-1.656	0.264	-1.564
0.263	-1.540	0.263	-1.662	0.263	-1.596
0.262	-1.583	0.262	-1.701	0.262	-1.618
0.261	-1.583	0.261	-1.699	0.261	-1.630
0.260	-1.647	0.260	-1.725	0.260	-1.656
0.259	-1.672	0.259	-1.767	0.259	-1.682
0.258	-1.690	0.258	-1.790	0.258	-1.727
0.257	-1.699	0.257	-1.805	0.257	-1.731
0.256	-1.730	0.256	-1.837	0.256	-1.768
0.255	-1.724	0.255	-1.811	0.255	-1.761
0.254	-1.758	0.254	-1.900	0.254	-1.823
0.253	-1.793	0.253	-1.882	0.253	-1.834
0.252	-1.845	0.252	-1.952	0.252	-1.869
0.251	-1.862	0.251	-1.971	0.251	-1.928
0.250	-1.902	0.250	-1.995	0.250	-1.946
0.249	-1.919	0.249	-2.026	0.249	-1.980
0.248	-1.951	0.248	-2.061	0.248	-2.007
0.247	-1.998	0.247	-2.104	0.247	-2.044
0.246	-2.011	0.246	-2.146	0.246	-2.087
0.245	-2.049	0.245	-2.172	0.245	-2.132
0.244	-2.089	0.244	-2.221	0.244	-2.159
0.243	-2.116	0.243	-2.261	0.243	-2.218
0.242	-2.169	0.242	-2.294	0.242	-2.282
0.241	-2.227	0.241	-2.346	0.241	-2.296
0.240	-2.265	0.240	-2.351	0.240	-2.359
0.239	-2.288	0.239	-2.394	0.239	-2.389
0.238	-2.316	0.238	-2.440	0.238	-2.442
0.237	-2.369	0.237	-2.497	0.237	-2.500
0.236	-2.419	0.236	-2.570	0.236	-2.543
0.235	-2.503	0.235	-2.590	0.235	-2.590
0.234	-2.538	0.234	-2.642	0.234	-2.646
0.233	-2.553	0.233	-2.701	0.233	-2.678
0.232	-2.626	0.232	-2.738	0.232	-2.771
0.231	-2.670	0.231	-2.813	0.231	-2.794
0.230	-2.719	0.230	-2.834	0.230	-2.849
0.229	-2.771	0.229	-2.892	0.229	-2.914
0.228	-2.836	0.228	-2.958	0.228	-2.961
0.227	-2.860	0.227	-3.038	0.227	-3.034
0.226	-2.929	0.226	-3.053	0.226	-3.073
0.225	-2.968	0.225	-3.119	0.225	-3.135
0.224	-3.029	0.224	-3.153	0.224	-3.205
0.223	-3.064	0.223	-3.207	0.223	-3.233
0.222	-3.096	0.222	-3.261	0.222	-3.293
0.221	-3.161	0.221	-3.290	0.221	-3.336
0.220	-3.198	0.220	-3.333	0.220	-3.383
0.219	-3.256	0.219	-3.395	0.219	-3.428
0.218	-3.287	0.218	-3.408	0.218	-3.477
0.217	-3.305	0.217	-3.440	0.217	-3.498
0.216	-3.359	0.216	-3.489	0.216	-3.546
0.215	-3.394	0.215	-3.524	0.215	-3.566
0.214	-3.415	0.214	-3.537	0.214	-3.567
0.213	-3.431	0.213	-3.555	0.213	-3.595
0.212	-3.431	0.212	-3.584	0.212	-3.615
0.211	-3.481	0.211	-3.596	0.211	-3.647
0.210	-3.489	0.210	-3.599	0.210	-3.658
0.209	-3.480	0.209	-3.603	0.209	-3.645
0.208	-3.512	0.208	-3.644	0.208	-3.687
0.207	-3.486	0.207	-3.599	0.207	-3.636
0.206	-3.535	0.206	-3.627	0.206	-3.679
0.205	-3.449	0.205	-3.593	0.205	-3.647
0.204	-3.532	0.204	-3.630	0.204	-3.713
0.203	-3.540	0.203	-3.647	0.203	-3.701
0.202	-3.509	0.202	-3.638	0.202	-3.656
0.201	-3.512	0.201	-3.639	0.201	-3.668
0.200	-3.515	0.200	-3.635	0.200	-3.681
0.199	-3.535	0.199	-3.627	0.199	-3.667
0.198	-3.529	0.198	-3.616	0.198	-3.649
0.197	-3.509	0.197	-3.629	0.197	-3.656
0.196	-3.498	0.196	-3.599	0.196	-3.647
0.195	-3.569	0.195	-3.649	0.195	-3.676
0.194	-3.521	0.194	-3.624	0.194	-3.668
0.193	-3.517	0.193	-3.569	0.193	-3.635
0.192	-3.491	0.192	-3.624	0.192	-3.658
0.191	-3.506	0.191	-3.581	0.191	-3.641
0.190	-3.494	0.190	-3.572	0.190	-3.642
0.189	-3.478	0.189	-3.564	0.189	-3.615
0.188	-3.483	0.188	-3.575	0.188	-3.619
0.187	-3.503	0.187	-3.606	0.187	-3.653
0.186	-3.481	0.186	-3.563	0.186	-3.616
0.185	-3.497	0.185	-3.581	0.185	-3.618
0.184	-3.435	0.184	-3.566	0.184	-3.635
0.183	-3.489	0.183	-3.595	0.183	-3.603
0.182	-3.478	0.182	-3.580	0.182	-3.619
0.181	-3.483	0.181	-3.555	0.181	-3.636
0.180	-3.486	0.180	-3.589	0.180	-3.627
0.179	-3.509	0.179	-3.616	0.179	-3.645
0.178	-3.495	0.178	-3.584	0.178	-3.633
0.177	-3.504	0.177	-3.569	0.177	-3.615
0.176	-3.504	0.176	-3.589	0.176	-3.638
0.175	-3.498	0.175	-3.581	0.175	-3.619
0.174	-3.506	0.174	-3.587	0.174	-3.644
0.173	-3.498	0.173	-3.603	0.173	-3.652
0.172	-3.511	0.172	-3.601	0.172	-3.661
0.171	-3.529	0.171	-3.613	0.171	-3.691
0.170	-3.552	0.170	-3.609	0.170	-3.676
0.169	-3.527	0.169	-3.627	0.169	-3.653
0.168	-3.544	0.168	-3.627	0.168	-3.707
0.167	-3.578	0.167	-3.638	0.167	-3.690
0.166	-3.547	0.166	-3.638	0.166	-3.704
0.165	-3.581	0.165	-3.649	0.165	-3.728
0.164	-3.601	0.164	-3.685	0.164	-3.742
0.163	-3.593	0.163	-3.698	0.163	-3.768
0.162	-3.606	0.162	-3.682	0.162	-3.753
0.161	-3.621	0.161	-3.704	0.161	-3.764
0.160	-3.650	0.160	-3.716	0.160	-3.784
0.159	-3.642	0.159	-3.724	0.159	-3.776
0.158	-3.661	0.158	-3.744	0.158	-3.816
0.157	-3.665	0.157	-3.736	0.157	-3.825
0.156	-3.701	0.156	-3.790	0.156	-3.839
0.155	-3.707	0.155	-3.736	0.155	-3.843
0.154	-3.757	0.154	-3.787	0.154	-3.869
0.153	-3.737	0.153	-3.807	0.153	-3.883
0.152	-3.739	0.152	-3.830	0.152	-3.902
0.151	-3.785	0.151	-3.834	0.151	-3.906
0.150	-3.790	0.150	-3.868	0.150	-3.960
0.149	-3.800	0.149	-3.862	0.149	-3.945
0.148	-3.836	0.148	-3.922	0.148	-3.969
0.147	-3.882	0.147	-3.932	0.147	-4.029
0.146	-3.882	0.146	-3.945	0.146	-4.033
0.145	-3.886	0.145	-3.937	0.145	-4.029
0.144	-3.922	0.144	-3.975	0.144	-4.069
0.143	-3.949	0.143	-3.997	0.143	-4.058
0.142	-3.964	0.142	-4.009	0.142	-4.095
0.141	-3.995	0.141	-4.041	0.141	-4.144
0.140	-4.012	0.140	-4.038	0.140	-4.149
0.139	-4.050	0.139	-4.078	0.139	-4.179
0.138	-4.057	0.138	-4.107	0.138	-4.196
0.137	-4.070	0.137	-4.138	0.137	-4.216
0.136	-4.107	0.136	-4.144	0.136	-4.254
0.135	-4.135	0.135	-4.204	0.135	-4.273
0.134	-4.145	0.134	-4.218	0.134	-4.310
0.133	-4.185	0.133	-4.213	0.133	-4.316
0.132	-4.198	0.132	-4.260	0.132	-4.354
0.131	-4.294	0.131	-4.320	0.131	-4.405
0.130	-4.291	0.130	-4.351	0.130	-4.391
0.129	-4.297	0.129	-4.353	0.129	-4.423
0.128	-4.362	0.128	-4.372	0.128	-4.460
0.127	-4.377	0.127	-4.411	0.127	-4.521
0.126	-4.417	0.126	-4.446	0.126	-4.552
0.125	-4.448	0.125	-4.486	0.125	-4.576
0.124	-4.495	0.124	-4.510	0.124	-4.627
0.123	-4.544	0.123	-4.556	0.123	-4.664
0.122	-4.593	0.122	-4.613	0.122	-4.687
0.121	-4.616	0.121	-4.624	0.121	-4.741
0.120	-4.690	0.120	-4.690	0.120	-4.787
0.119	-4.710	0.119	-4.731	0.119	-4.840
0.118	-4.754	0.118	-4.773	0.118	-4.894
0.117	-4.819	0.117	-4.848	0.117	-4.943
0.116	-4.872	0.116	-4.883	0.116	-4.995
0.115	-4.975	0.115	-4.943	0.115	-5.083
0.114	-4.991	0.114	-4.989	0.114	-5.084
0.113	-5.029	0.113	-5.063	0.113	-5.168
0.112	-5.113	0.112	-5.104	0.112	-5.237
0.111	-5.173	0.111	-5.170	0.111	-5.302
0.110	-5.265	0.110	-5.236	0.110	-5.371
0.109	-5.291	0.109	-5.331	0.109	-5.415
0.108	-5.400	0.108	-5.392	0.108	-5.506
0.107	-5.524	0.107	-5.507	0.107	-5.590
0.106	-5.573	0.106	-5.555	0.106	-5.681
0.105	-5.607	0.105	-5.570	0.105	-5.725
0.104	-5.734	0.104	-5.747	0.104	-5.863
0.103	-5.836	0.103	-5.820	0.103	-5.957
0.102	-5.943	0.102	-5.934	0.102	-6.027
0.101	-6.064	0.101	-6.030	0.101	-6.152
